294 5
3 0.566583 -0.358123 0.609046 0.013086 0.296236 
1 0.171101 -0.499788 0.562062 -1.830349 1.181328 
6 0.120588 -0.746741 0.617752 -2.431977 1.693381 
7 -0.561271 0.123813 1.200340 -1.596088 0.816721 
9 0.408557 0.726222 0.171007 -0.527331 0.390023 
10 -0.936664 -0.119435 2.598637 -2.507295 -0.401803 
202 2.480793 -3.718679 2.305199 -1.566625 5.670696 
2 0.812621 0.274738 0.078470 -1.228268 1.659009 
11 1.056857 -0.181161 0.785426 -2.759092 3.737048 
17 0.772444 -0.200339 0.046413 -1.249478 1.349839 
102 0.268301 -0.253217 0.321620 -1.250117 1.146200 
103 0.318567 -0.190326 0.249179 -1.286290 1.061172 
114 1.020733 0.258939 -0.182096 -1.321929 1.230987 
117 0.569289 -0.059381 0.102108 -1.013672 1.000756 
131 -0.278168 -0.268809 1.057505 -1.026277 0.134756 
132 0.378613 -0.541078 0.316776 -1.692733 0.370557 
139 1.059960 -2.073269 0.672891 -3.059217 2.484753 
141 3.154917 0.567291 -1.007935 -4.309889 2.190655 
194 1.199257 -1.289882 0.384939 -2.786594 0.204467 
196 1.044273 -0.282531 -0.022595 -1.543147 -0.015154 
242 2.134411 -0.583736 5.233365 0.670511 -1.973831 
13 0.586919 -0.030556 0.319872 -0.001189 0.207736 
21 -0.570602 -0.480168 1.312345 -2.326411 0.163044 
22 -0.450935 -0.226577 1.179226 -1.660728 0.855704 
68 -0.243017 -0.543320 1.030115 -1.306927 0.524946 
85 0.528914 -0.351621 0.294754 -0.464325 0.447108 
90 0.153264 1.036624 0.523828 -1.198574 1.197977 
99 1.366023 -1.143188 0.676457 -0.233274 1.927333 
110 0.502992 -0.820073 0.341290 -2.231826 0.901490 
115 0.394651 -0.059516 0.097746 -1.588084 0.893969 
122 0.286995 -0.715764 0.352666 -2.406871 1.244538 
126 0.767681 -0.234064 0.838132 0.275828 0.514124 
152 4.165009 -3.124287 1.668536 -2.089929 -0.892890 
153 1.457426 -0.251947 1.207999 0.566869 1.120219 
155 5.771522 -1.640099 3.416657 0.790220 -1.962258 
156 6.174955 -2.659049 1.546192 -1.281225 -1.156870 
158 1.190573 -0.806191 1.744650 -0.799328 -1.478036 
159 2.609895 -0.169722 3.648854 -0.318496 -2.962373 
161 2.141621 -1.022927 0.870821 -0.382414 -0.375627 
162 6.091210 -2.564238 2.931558 -1.179770 -2.755388 
165 0.831394 0.459253 2.054355 -0.712056 -1.782164 
166 3.663288 0.421821 3.506997 1.212131 -1.695121 
168 4.064482 -0.749509 1.562872 0.702994 0.051356 
169 3.750916 -1.466192 4.345313 0.079492 -3.200246 
173 1.201764 -0.126777 0.754136 0.355895 0.523219 
174 1.263935 -4.199264 4.494698 -5.247960 -2.637966 
177 4.942792 -1.001607 3.169533 1.614764 0.467897 
179 4.923056 -3.783744 1.005427 -3.952093 -0.712810 
181 2.658115 -1.297391 1.594761 -0.996013 -1.469578 
182 2.676267 -2.616937 4.316518 -2.677426 -3.864311 
184 5.060679 3.788969 0.110879 -2.432494 -0.579987 
185 2.463242 -2.830467 3.353175 -0.725237 1.393853 
195 7.702939 -4.281236 1.871307 -1.617835 0.225479 
208 2.280972 -1.527593 0.632059 -1.069336 -0.356616 
213 0.073263 -2.854962 4.382995 -4.345514 -2.353063 
225 0.329918 -1.762858 1.604013 -1.792548 0.396212 
226 1.844176 -1.354641 1.178573 0.123792 3.001121 
240 -0.384372 -1.570435 2.318680 -8.335377 2.478389 
249 2.110080 -0.863417 5.310216 -0.471791 -3.432046 
258 3.229656 -1.198063 1.824680 0.805342 1.174713 
4 0.187678 0.096692 0.304561 -0.709881 -0.053766 
12 0.433493 -0.560786 0.611999 -0.612949 1.196596 
15 0.342099 0.211637 0.078204 -1.490213 0.764301 
51 -0.685644 0.390616 1.753838 -1.911711 0.228807 
63 -0.489594 1.274343 1.668783 -2.187063 1.630237 
64 -0.007216 -0.094745 0.737704 -0.845518 1.045123 
83 -0.887979 -0.445177 2.284075 -2.833154 -0.297322 
87 0.201682 0.127625 0.285628 -0.896962 0.252832 
92 -0.687583 0.363929 1.653534 -2.614225 0.778023 
93 0.646610 0.028101 -0.098845 -1.327446 0.593490 
107 -0.834773 -1.972869 2.658226 -4.093365 0.842379 
112 0.258520 -0.705593 0.471352 -1.185054 0.658382 
138 1.155370 -0.705473 5.318755 2.028937 5.807425 
160 4.402167 -2.745726 1.105448 -2.377685 -1.038252 
163 2.924452 -1.565794 2.650601 -1.371830 -2.478282 
180 6.557255 -3.914694 1.457684 -2.588675 -0.923610 
187 2.280479 -3.043329 1.287542 -3.319488 -0.099387 
190 3.336121 -0.742575 1.290497 -0.090448 -1.062221 
197 5.534504 -4.334757 1.431934 -7.332692 -1.308800 
198 4.723701 -1.742609 2.559227 -2.263907 -2.982091 
217 0.840603 -1.286549 2.039144 0.052022 2.894360 
5 0.587626 -0.199151 0.073139 -0.425809 0.255392 
32 -0.931567 0.103905 2.074117 -2.144598 0.041902 
42 -0.040510 1.072847 0.549387 -1.578848 0.651880 
54 -0.139488 0.637530 0.825367 -1.297111 0.951124 
77 -0.603223 1.104158 2.459137 -4.187063 3.402443 
88 -0.210493 0.137202 0.615866 -2.367917 0.822048 
91 -0.705438 -0.279944 1.952967 -1.963578 0.002590 
100 -0.252628 -1.269899 1.759378 -5.750875 3.782625 
109 0.029610 -0.781474 0.678896 -2.135969 0.467700 
120 0.756228 -0.708710 0.303843 -0.650531 0.930379 
150 6.054455 -3.326595 1.076890 -1.576120 7.200648 
188 2.319116 -0.897155 0.350824 -0.279843 0.417393 
205 1.853740 -1.263488 0.426133 -1.004077 -0.116210 
214 -0.727221 -3.489418 4.199819 -5.652156 -0.803284 
227 2.992732 -2.492449 0.525738 -1.573384 1.263136 
14 0.021616 -0.009358 0.412374 -1.510853 1.202854 
71 1.000671 3.997092 2.324790 -2.595937 4.039239 
104 0.468736 -1.401923 0.783362 -3.998421 2.794754 
24 -0.454245 1.373260 1.460516 -2.016077 0.939702 
28 -0.212110 -0.145555 0.665203 -1.720205 1.041049 
31 -0.761184 0.119214 2.673761 -2.270743 2.653914 
36 -0.090085 0.798200 0.820098 -0.895411 1.217223 
44 -0.103184 1.468176 0.906516 -4.274360 2.008207 
48 -0.954380 0.020494 2.005961 -4.310005 1.657756 
49 -0.484234 0.198824 1.056575 -3.427003 1.113750 
53 -0.449683 -1.234697 1.446183 -2.626345 1.142724 
60 -0.606264 -0.580894 1.456103 -2.538965 1.499763 
74 -1.253503 0.706880 2.673695 -3.423275 0.765151 
75 -0.509553 0.211458 1.183324 -3.622828 1.459321 
78 0.358846 1.199409 0.138995 -1.983160 0.415648 
89 -0.336145 2.353650 2.566460 -2.770258 3.202781 
95 -0.066609 -0.735080 0.753556 -1.542055 0.996266 
111 0.448579 -1.302082 0.657624 -3.120846 2.162104 
8 -0.109918 -0.220536 0.582344 -2.843577 0.975468 
59 -0.159166 1.776490 1.052457 -4.352658 0.482122 
61 0.386719 -0.259737 0.881060 -0.222798 1.443721 
108 1.794752 -3.698997 1.946759 -5.856698 6.489444 
37 0.221832 2.051634 0.675083 -2.096121 1.162505 
66 -0.119008 -0.603370 0.987662 -3.708058 2.493240 
204 0.862961 -0.549749 0.128658 -0.924913 0.528523 
215 -1.375053 -3.419102 4.354600 -6.658148 0.379049 
236 1.060451 -3.059957 2.532013 -7.589751 0.137789 
25 -0.372930 -0.035776 1.426458 -1.195303 -0.127937 
219 -0.205959 -1.261349 1.797880 -2.565759 -0.619954 
116 2.936637 -2.027701 0.568767 -5.251153 5.971406 
127 2.215075 0.215578 -0.284386 -5.273889 3.767821 
136 1.952603 -1.412986 0.098541 -6.992571 4.297740 
209 2.075300 1.161696 1.773317 -3.940506 6.612986 
101 2.155849 1.401613 1.865087 -2.035626 5.755872 
119 1.048305 -0.321836 0.103836 -0.340240 0.413731 
86 -0.139798 -0.229412 1.478985 -0.432388 0.688132 
94 0.893013 0.924531 -0.211063 -1.059776 0.570941 
118 1.037537 -0.278262 0.226531 -0.143498 0.420252 
130 0.694902 -1.980708 1.329229 -1.647709 1.319408 
133 -0.249289 -0.389522 1.192679 -1.218009 1.013803 
154 5.310018 -1.154845 2.348253 0.983707 -0.267329 
157 5.664019 -3.286261 1.402551 -2.021330 -0.866263 
164 2.200907 -0.477271 1.597137 0.142888 -1.089501 
167 7.680738 -2.923687 1.892249 0.844009 4.918501 
170 1.830411 -0.083980 3.058286 0.385758 -2.125343 
171 3.880488 -1.817493 2.142734 0.717161 1.242637 
176 1.354163 -0.620367 4.048091 1.570249 4.679094 
183 1.323615 -2.276147 2.487086 -2.559329 -1.809350 
212 0.047225 -2.290750 5.005453 -4.616027 -3.644644 
256 6.194855 -2.865126 2.394504 1.094514 5.372421 
257 5.338515 -3.110853 3.235801 -0.796254 -1.302762 
259 2.465208 -0.063537 7.195115 3.145278 3.158318 
262 1.453898 -3.693441 4.189682 -4.093229 -2.899428 
47 -0.555287 0.867181 1.389971 -1.578969 0.672998 
121 0.264394 -0.349389 0.757180 -1.126307 -0.218920 
210 2.166246 3.904843 -0.366614 -7.654096 1.514883 
19 -0.465701 0.788747 1.185988 -2.374694 1.090505 
76 -1.166183 0.703771 2.565732 -4.617657 0.927392 
135 0.115395 -0.884844 1.733104 -7.585327 5.052114 
16 -0.327690 0.792102 0.830443 -2.058786 0.898798 
20 -0.051658 0.324372 0.420556 -2.007674 1.061879 
23 0.009758 0.459878 0.950013 -0.523011 1.413713 
26 -0.361747 -0.694542 1.079290 -1.848851 0.420950 
18 0.170743 0.146058 1.124049 -0.188746 1.665584 
43 0.133582 -0.260951 0.696437 -0.294690 0.268689 
45 0.821509 0.472782 0.089906 -0.372094 -0.171632 
72 0.389701 1.256586 1.305747 -1.079493 2.619235 
73 -0.546390 -1.543726 1.748075 -3.715286 0.910359 
69 -1.569139 0.827586 5.645307 -2.674735 0.147759 
211 -0.493800 -0.376499 2.604236 -2.255877 -1.394547 
56 -0.553217 -0.326826 1.879083 -4.420524 3.062352 
70 -0.010685 -1.584087 1.496241 -2.522826 2.504395 
84 -0.147967 -0.703539 1.216743 -2.177962 2.116323 
27 0.157297 1.515026 0.588048 -1.386398 0.862259 
55 0.971947 3.756636 2.552749 -2.559159 4.700947 
241 1.658265 -5.629423 3.894901 -4.052274 5.569507 
50 -0.020491 1.435701 0.868666 -1.793471 0.078685 
65 0.183176 1.153968 0.473428 -1.530974 0.015938 
30 -0.715756 0.177524 1.702532 -1.539225 -0.249688 
33 -1.345031 0.582508 3.771094 -2.561064 -0.176297 
34 -0.296830 0.028709 0.838220 -1.065467 0.457035 
38 -0.470834 -1.767686 1.805550 -3.196551 1.422346 
40 1.148444 1.676411 0.313282 -2.388023 2.880424 
29 0.770770 -1.458353 0.269037 -1.993179 1.746015 
123 3.032794 -1.875343 -0.275921 -4.330968 3.274652 
67 -0.790844 0.458531 1.941237 -2.342474 -0.076710 
82 -0.402400 -1.887885 1.976353 -3.107614 0.495591 
39 0.601246 2.882724 1.028654 -2.767730 -0.097462 
58 -1.116815 1.214207 3.107012 -2.437811 1.993644 
35 -0.944862 -1.505026 2.278580 -4.033134 0.467505 
57 -0.339328 0.283901 0.871907 -1.381070 0.498881 
237 -1.204317 0.521663 5.130713 -2.661757 2.748373 
191 -0.010914 -0.449371 1.165293 -0.807830 -0.542998 
146 1.827192 1.192140 -0.630279 -1.662749 0.687197 
151 2.048675 -1.062549 -0.199502 -1.969061 0.625088 
41 0.460609 1.444877 0.207759 -1.183364 0.575300 
186 1.350320 -0.617349 7.675596 2.842452 7.486643 
218 -0.340140 -5.933714 5.937669 -7.564480 0.483127 
233 1.226484 -2.067074 4.493089 -3.137458 -4.098440 
46 -0.574191 -0.202782 2.034916 -1.589710 -0.726015 
52 0.300191 1.235423 0.360616 -0.976071 0.685269 
62 -0.187292 0.868587 0.963579 -1.568077 -0.106397 
98 1.522280 0.118409 0.439722 0.067898 0.094915 
113 0.443680 0.541475 0.001293 -1.289269 0.766168 
134 0.562396 -0.661969 1.126023 -1.260771 -1.065455 
178 4.803315 -0.830647 3.891329 1.621299 -1.623259 
189 4.573541 4.415620 -0.887291 -5.228361 -0.944517 
193 1.219357 -0.555737 1.194097 -0.163627 -0.877077 
200 1.781083 0.551072 -0.427493 -1.846419 -0.195786 
203 1.194316 0.360815 -0.272072 -0.711311 0.515027 
220 8.529830 -1.522535 0.218406 -2.421762 -1.052994 
222 5.574119 1.479848 0.348466 -0.594988 -0.129005 
231 7.781776 -3.046246 1.427973 -4.802844 -2.569696 
239 8.325061 -4.125672 3.980886 -1.544923 -3.301215 
245 3.535231 2.200800 -0.788508 -3.369384 -0.673913 
247 -0.292970 2.723661 7.149920 -3.646682 -3.702008 
250 4.731514 4.774260 3.232961 0.070479 -0.417202 
252 5.514889 1.772222 3.190848 0.690285 -1.352993 
254 5.083676 4.649911 4.624839 0.768705 -1.010480 
263 2.695153 -3.198541 4.779777 -1.013856 1.065337 
264 4.708323 -1.748043 5.067567 0.294735 -3.636659 
266 4.379462 -2.338801 4.563929 1.201490 2.676749 
267 3.391122 -1.053360 4.222616 0.695622 -2.420298 
269 3.993400 5.037715 1.506308 -1.666279 -0.773757 
270 1.832114 -0.784393 7.378616 -3.752091 -6.548050 
272 2.105237 0.715350 4.262991 -2.052482 -4.060713 
273 7.355037 4.729282 1.717698 -1.543278 -1.420971 
275 2.831240 6.768138 2.658814 -2.871226 0.602356 
276 5.461533 0.070321 7.294537 2.157020 -4.028973 
278 5.075360 6.587839 1.198433 -2.343368 0.032015 
279 4.380209 2.757990 3.938579 0.563755 -2.035744 
281 4.369312 3.155160 4.330664 0.487963 -1.807791 
282 5.175587 3.167897 3.849148 -2.084594 -3.282794 
286 4.243513 2.549252 3.036307 -1.648550 -2.598519 
287 4.172446 2.570859 3.011634 -1.644131 -2.595309 
289 4.249820 2.628247 3.038484 -1.678130 -2.633345 
290 4.300301 2.634691 3.083178 -1.721199 -2.638720 
292 0.069537 0.051865 -0.035203 0.077902 -0.049019 
293 5.111919 3.095062 3.848630 -2.080721 -3.312411 
295 -0.099354 0.058982 -0.074005 0.077269 -0.020015 
106 0.676272 -2.403644 1.631741 -3.490278 4.150894 
97 0.284472 -0.874177 1.987123 0.041849 1.785419 
96 0.421722 -0.270309 0.353196 -0.334485 0.304796 
216 0.041099 -1.274037 1.348118 -2.941354 0.091559 
105 1.042680 2.597140 0.212787 -7.371036 2.002617 
207 0.773242 -3.183584 2.299823 -2.538738 2.745127 
80 0.039778 -1.905322 1.779491 -1.899506 0.776615 
79 -0.402734 -2.819225 2.689545 -3.746930 0.923464 
81 1.472829 -3.069108 1.703622 -3.648164 0.250968 
124 3.301838 -2.908882 1.432969 -0.902552 5.538712 
206 2.257241 -2.482482 0.660970 -1.411785 2.699862 
192 2.103309 0.659551 -0.841384 -2.206438 0.506390 
199 0.941628 -1.444978 0.357032 -1.548716 0.765609 
143 1.098414 0.240637 -0.290459 -1.321450 0.157482 
142 3.675704 3.602708 -0.041927 -4.276091 4.722917 
251 2.302387 0.443626 0.029615 -0.387560 -0.158207 
255 4.510988 -2.578593 5.317384 0.273726 -0.910313 
137 4.252009 -0.516614 -0.560427 -5.600388 5.030606 
140 3.215697 -1.685695 -0.394310 -8.162629 4.107546 
223 0.985190 -4.507659 2.902998 -6.190496 4.307884 
224 1.106594 1.816464 0.070778 -4.831777 0.770993 
125 1.468039 -1.166184 0.412538 -1.676986 2.930017 
129 2.939590 3.258280 -1.221173 -6.304560 1.825639 
234 5.283986 -0.987413 0.260737 -1.993502 -1.122992 
128 2.362426 2.795292 0.510141 -4.719296 5.060092 
175 4.400400 -4.637422 1.284694 -3.498374 2.057950 
221 3.150285 -1.682914 0.964987 0.148140 2.155067 
229 7.476928 1.391704 -0.877965 -2.260615 3.170888 
149 4.165785 -2.238833 -0.188901 -4.138982 0.047736 
148 5.183863 -3.637202 -0.175776 -6.555998 4.983783 
230 6.442398 -2.731527 1.567462 0.484744 3.395085 
172 1.171779 -0.760868 0.387108 -0.319206 0.717358 
201 7.768397 -2.191846 -0.707018 -5.650204 -0.487883 
144 2.424712 -0.964626 0.072682 -6.152136 4.660408 
248 -0.063010 -4.761441 5.350173 -5.871985 -1.219307 
145 5.645644 1.489348 -1.750449 -4.747255 2.040302 
283 4.776160 -0.325576 1.843577 -6.302989 -3.398862 
285 2.330567 0.381339 0.139262 -0.672453 -0.582982 
147 2.570009 -3.002707 0.376671 -5.736844 2.555966 
228 6.464857 -2.077093 1.134477 0.440631 3.995763 
232 1.994462 -0.511099 1.537385 0.198674 -1.045674 
235 3.216984 -0.302914 2.127573 0.488187 -1.513689 
260 3.069741 -0.553621 7.269507 2.636875 1.175017 
271 8.335226 3.009076 1.437974 -1.216501 -1.579668 
274 5.537932 5.258739 0.833474 -1.799949 -0.000750 
265 4.527207 -2.502121 6.240513 -0.542151 -4.481943 
268 2.094838 -0.225694 2.662987 0.490966 -1.956747 
246 8.743072 -0.040345 -0.133352 -3.003343 -1.691387 
277 0.762062 1.532343 5.334576 -2.646699 -4.035402 
280 2.828700 2.172642 0.196044 -1.405250 -0.688407 
244 0.091727 -0.012288 -0.023622 -0.072377 -0.090727 
253 8.370908 -0.178473 -0.207968 -2.970925 -1.366184 
296 2.322424 -4.846928 2.756059 -5.633183 0.633826 
284 6.038984 2.455663 -1.363767 -5.863627 -1.227494 
238 7.246730 -0.281016 -0.298625 -4.580894 -1.770686 
261 0.037157 0.053403 0.086836 -0.074067 -0.021942 
288 -0.023234 -0.033286 0.069854 -0.097368 0.011705 
297 0.471789 2.314664 3.936163 -0.106997 1.527513 
