5.962300300598144531e-02,-6.621624529361724854e-02,-5.487840622663497925e-02,1.132105886936187744e-01,1.268128454685211182e-01
-1.207067910581827164e-02,1.146852970123291016e-01,-7.220771163702011108e-02,-9.855209290981292725e-02,-1.287246644496917725e-01
-2.169782761484384537e-03,-1.700354367494583130e-02,1.238351017236709595e-01,7.863291352987289429e-02,-5.707196891307830811e-02
3.148101642727851868e-02,7.077548652887344360e-02,1.190425083041191101e-01,-1.070752069354057312e-01,7.869092375040054321e-02
-4.103279858827590942e-02,-3.587070107460021973e-02,5.704746395349502563e-02,-8.626756072044372559e-02,-6.372439675033092499e-03
-9.947502054274082184e-03,-7.667895406484603882e-02,-1.430451720952987671e-01,1.141800954937934875e-01,9.460268169641494751e-02
-8.530659973621368408e-02,3.970600292086601257e-02,-7.418600469827651978e-02,-1.168655753135681152e-01,-1.106338128447532654e-01
1.361166536808013916e-01,-8.157151192426681519e-02,1.003126986324787140e-02,9.946351498365402222e-02,1.159145981073379517e-01
2.598670125007629395e-02,3.411281108856201172e-02,8.766902238130569458e-02,7.579054683446884155e-02,1.561614591628313065e-02
1.217373386025428772e-01,3.971945866942405701e-02,-8.681570738554000854e-02,1.125117614865303040e-01,-1.394247710704803467e-01
7.131742686033248901e-02,1.220514401793479919e-01,-5.956127867102622986e-02,7.783246226608753204e-03,3.705395385622978210e-02
4.068667441606521606e-02,7.937526702880859375e-02,5.757757928222417831e-03,-7.794372737407684326e-02,-8.543884754180908203e-02
3.801751881837844849e-02,7.118118554353713989e-02,9.218514896929264069e-03,-1.073838993906974792e-01,-3.641198575496673584e-02
1.024078130722045898e-01,-1.070063002407550812e-02,-1.505496799945831299e-01,-7.701735198497772217e-02,-1.128046214580535889e-01
-1.981437206268310547e-02,-7.877915352582931519e-02,-1.445123702287673950e-01,3.428470343351364136e-02,1.571167558431625366e-01
-5.922861397266387939e-02,6.916514039039611816e-02,1.431831065565347672e-02,-1.057806238532066345e-01,-7.640927564352750778e-03
9.695529937744140625e-02,-4.236171022057533264e-02,2.152640186250209808e-02,4.964124038815498352e-02,8.347912132740020752e-02
-6.166284158825874329e-02,-9.177153557538986206e-02,-3.990042582154273987e-02,5.965048447251319885e-02,-1.044465079903602600e-01
-1.411291509866714478e-01,-2.844392694532871246e-02,8.527015894651412964e-02,6.862445175647735596e-02,8.659386076033115387e-03
7.485342770814895630e-02,-1.320049911737442017e-02,4.546795040369033813e-02,-5.063977092504501343e-02,3.100513946264982224e-03
3.503109142184257507e-02,9.539169818162918091e-02,1.320758163928985596e-01,-1.138034015893936157e-01,1.618033647537231445e-02
-7.509049028158187866e-02,-1.236802414059638977e-01,6.281425058841705322e-02,-1.467924844473600388e-02,-5.234539136290550232e-02
-1.333960741758346558e-01,2.935893461108207703e-02,5.448757857084274292e-02,-1.159078031778335571e-01,-1.215313076972961426e-01
2.212635613977909088e-02,1.412492245435714722e-01,1.508478820323944092e-01,8.931174129247665405e-02,6.084360182285308838e-02
1.274833679199218750e-01,1.212507858872413635e-02,-4.431111738085746765e-03,-1.166259050369262695e-01,-1.250113397836685181e-01
3.776883333921432495e-02,1.871824450790882111e-02,-4.472752660512924194e-02,-1.233391240239143372e-01,1.191936135292053223e-01
6.140666827559471130e-02,-4.520235583186149597e-02,-4.356614127755165100e-02,5.318950861692428589e-02,5.326323583722114563e-02
-7.208340615034103394e-02,-1.022037938237190247e-01,1.942946948111057281e-02,-4.242845624685287476e-02,-1.447971314191818237e-01
7.112205959856510162e-03,-9.413868933916091919e-02,-1.208135560154914856e-01,-4.705729708075523376e-02,-9.660475701093673706e-02
2.779983170330524445e-02,-6.040311232209205627e-02,5.310109257698059082e-02,5.387713760137557983e-02,-1.855391310527920723e-03
-1.407216042280197144e-01,-7.007424533367156982e-02,-6.922808289527893066e-02,1.469460316002368927e-02,-1.338827908039093018e-01
1.050029173493385315e-01,9.686908870935440063e-02,-8.475923538208007812e-02,-8.023774623870849609e-02,-8.509448915719985962e-02
-3.159217163920402527e-02,-7.254836708307266235e-02,3.474792093038558960e-02,-1.070034652948379517e-01,-1.303718984127044678e-01
-4.604768007993698120e-02,-5.072919279336929321e-02,1.125207617878913879e-01,-1.412495672702789307e-01,-3.034415654838085175e-03
9.867714345455169678e-02,-7.267320901155471802e-02,-5.620024353265762329e-02,-6.721479352563619614e-03,-4.333991184830665588e-02
-1.356680039316415787e-02,-5.173981562256813049e-02,-7.776356488466262817e-02,-5.078506469726562500e-02,-1.397566348314285278e-01
5.477256700396537781e-02,-1.197363659739494324e-01,-3.716444224119186401e-02,6.256857514381408691e-02,-1.349230706691741943e-01
-1.595519855618476868e-02,-6.486450880765914917e-02,-7.753153890371322632e-02,-1.542426645755767822e-01,-6.519130617380142212e-02
9.718090295791625977e-02,-1.222795397043228149e-01,-6.218142062425613403e-02,9.534525871276855469e-02,-1.206763908267021179e-01
-1.374485790729522705e-01,-4.796975851058959961e-02,3.586594387888908386e-02,-3.766098618507385254e-02,-8.297853916883468628e-02
5.334914103150367737e-02,-1.059748381376266479e-01,1.140843331813812256e-01,6.606326997280120850e-02,8.911182731389999390e-02
-1.002366915345191956e-01,6.098936125636100769e-02,1.037434041500091553e-01,-5.922326073050498962e-02,7.450710237026214600e-02
-2.519710734486579895e-02,1.299395114183425903e-01,-1.139573156833648682e-01,1.134902834892272949e-01,3.207618603482842445e-03
-8.383404463529586792e-02,-1.045444756746292114e-01,-6.053277757018804550e-03,-7.675485312938690186e-02,-1.124763041734695435e-01
1.025183126330375671e-01,1.041042879223823547e-01,-1.064985543489456177e-01,8.265513181686401367e-02,2.801213972270488739e-02
7.073950022459030151e-02,-9.215909987688064575e-02,-2.848477847874164581e-02,7.720543444156646729e-02,3.022880107164382935e-02
-1.098943725228309631e-01,-1.738473773002624512e-02,1.694823056459426880e-02,1.972029544413089752e-02,1.401048898696899414e-02
-9.922257810831069946e-02,-3.767070919275283813e-02,-4.341674968600273132e-02,9.929382801055908203e-02,-2.364020980894565582e-02
2.820156514644622803e-02,5.427986755967140198e-02,-1.085970830172300339e-02,3.913100436329841614e-02,-2.737419679760932922e-02
-7.204310595989227295e-02,-5.646813660860061646e-02,-1.088567897677421570e-01,1.384350508451461792e-01,8.122611045837402344e-02
5.775196943432092667e-03,-2.349099330604076385e-02,5.821931362152099609e-02,3.343663644045591354e-03,2.535830251872539520e-02
-3.084367699921131134e-02,-2.728678472340106964e-02,-2.666692808270454407e-02,1.150432229042053223e-01,-4.947348684072494507e-02
-9.405469149351119995e-02,-1.147122494876384735e-02,1.049293354153633118e-01,6.178916990756988525e-02,2.084847353398799896e-02
3.411503508687019348e-02,1.093988046050071716e-01,4.253873601555824280e-02,1.394831538200378418e-01,-4.502144828438758850e-02
4.124637693166732788e-02,4.110076278448104858e-02,-6.545596569776535034e-02,2.151102386415004730e-02,6.941121816635131836e-02
2.868566475808620453e-02,6.306350231170654297e-02,4.423413798213005066e-02,3.164193406701087952e-02,1.050300896167755127e-02
1.070972383022308350e-01,1.122427806258201599e-01,5.678164772689342499e-03,9.261216223239898682e-02,-4.946003481745719910e-02
4.914843291044235229e-02,1.301124989986419678e-01,1.370851695537567139e-01,-1.563087478280067444e-02,-1.379141118377447128e-02
-1.009768769145011902e-01,4.349027201533317566e-02,-8.367685973644256592e-02,9.326465427875518799e-02,-1.463959272950887680e-02
-5.755513906478881836e-02,3.347823768854141235e-02,5.523675587028264999e-03,1.363726914860308170e-03,1.208253949880599976e-01
2.361306920647621155e-02,7.928825169801712036e-02,-2.624167315661907196e-02,1.274163126945495605e-01,4.793145507574081421e-02
8.166355639696121216e-02,-2.370249666273593903e-02,-2.016045525670051575e-02,-6.308674812316894531e-02,7.555032614618539810e-03
1.039444878697395325e-01,-2.166134491562843323e-02,1.251292675733566284e-01,-7.802459597587585449e-02,-4.660249687731266022e-03
1.002086102962493896e-01,-4.664343595504760742e-02,4.153836518526077271e-02,7.895372807979583740e-03,-1.050137951970100403e-01
-2.008748240768909454e-02,5.521039664745330811e-02,6.018552929162979126e-02,-1.165058016777038574e-01,-7.225112617015838623e-02
-1.080275997519493103e-01,3.947368357330560684e-03,1.115058138966560364e-01,-4.989409819245338440e-03,-1.390187293291091919e-01
5.881974846124649048e-02,-6.022944301366806030e-02,-6.902947276830673218e-02,9.627345204353332520e-02,1.058455035090446472e-01
7.751259952783584595e-03,3.392081335186958313e-02,8.773016184568405151e-02,1.136439014226198196e-02,-1.315681785345077515e-01
-8.902484923601150513e-02,-1.394761502742767334e-01,-1.965232379734516144e-02,7.302379235625267029e-03,1.220653876662254333e-01
3.275386989116668701e-02,-5.578775703907012939e-02,3.545803204178810120e-02,6.543593853712081909e-02,-2.001363970339298248e-02
-5.133051052689552307e-02,-3.577503561973571777e-02,1.448733061552047729e-01,5.607532337307929993e-02,-6.866081152111291885e-03
6.900040805339813232e-02,-1.186585053801536560e-02,-6.770651787519454956e-02,1.118243932723999023e-01,4.971613734960556030e-02
7.014016807079315186e-02,6.708902120590209961e-02,-1.422475278377532959e-02,2.010640874505043030e-02,-6.297158449888229370e-02
6.677722185850143433e-02,4.708250239491462708e-02,8.619398623704910278e-02,1.291615813970565796e-01,-1.214417591691017151e-01
-1.299543082714080811e-01,3.330264938995242119e-03,4.812518879771232605e-02,2.021668292582035065e-02,3.707666695117950439e-02
-6.780063360929489136e-02,-1.124929264187812805e-01,-3.740277141332626343e-02,-4.186859726905822754e-02,-1.435320675373077393e-01
-1.357106119394302368e-01,-8.408192545175552368e-02,-3.639141470193862915e-02,1.128511726856231689e-01,-1.362308561801910400e-01
-1.521866172552108765e-01,-1.180407181382179260e-01,1.054663583636283875e-01,8.177000284194946289e-02,-4.855318367481231689e-02
-3.549799323081970215e-02,-4.051773622632026672e-02,-1.213249936699867249e-01,9.869479387998580933e-02,4.965414851903915405e-02
4.778135940432548523e-02,-2.107946015894412994e-02,-1.147068068385124207e-01,-7.373937964439392090e-02,-1.145030558109283447e-01
1.006399393081665039e-01,1.500067859888076782e-01,7.734956592321395874e-02,-1.116540729999542236e-01,4.150285944342613220e-02
-2.742514945566654205e-02,1.269920915365219116e-01,5.058444291353225708e-02,-5.777518823742866516e-02,-8.139414340257644653e-02
-1.231884658336639404e-01,-4.544070735573768616e-02,1.493405997753143311e-01,-1.436382979154586792e-01,6.358508020639419556e-02
-1.865188032388687134e-02,1.880753226578235626e-02,-8.028577268123626709e-02,1.088550537824630737e-01,-6.097904592752456665e-02
-5.738326534628868103e-02,-3.852001577615737915e-02,4.983214288949966431e-02,-1.295942515134811401e-01,3.944617882370948792e-02
-8.594217896461486816e-02,-4.334618151187896729e-02,-4.712292179465293884e-02,4.364508017897605896e-02,-9.243220090866088867e-03
-1.030030846595764160e-02,-1.150144338607788086e-01,-8.432304859161376953e-02,-1.300334185361862183e-01,3.521601855754852295e-02
4.357940331101417542e-02,-9.330055676400661469e-03,-1.405831724405288696e-01,9.188923984766006470e-02,2.047935128211975098e-02
-1.011822074651718140e-01,-7.820134982466697693e-03,-5.098659917712211609e-02,-4.494836181402206421e-02,1.391978841274976730e-02
4.013760387897491455e-02,1.484974753111600876e-02,3.873625770211219788e-02,1.341197825968265533e-02,1.069523915648460388e-01
-1.136004328727722168e-01,-4.897318780422210693e-03,-2.319086715579032898e-02,1.117600649595260620e-01,6.613421440124511719e-02
2.723062783479690552e-02,-1.435198187828063965e-01,5.265297368168830872e-02,-1.472403574734926224e-02,1.559558063745498657e-01
6.214720383286476135e-02,1.453157961368560791e-01,1.197573915123939514e-02,-5.249574035406112671e-02,4.414394497871398926e-03
3.528345003724098206e-02,1.448694914579391479e-01,5.701492354273796082e-02,-1.376497149467468262e-01,1.068115234375000000e-02
-5.356482043862342834e-02,9.492399170994758606e-03,2.466172352433204651e-02,1.116484776139259338e-01,-5.462039262056350708e-02
-8.851782232522964478e-02,6.531810015439987183e-02,-7.207257300615310669e-02,-3.430349007248878479e-02,-9.542395919561386108e-02
1.377199739217758179e-01,6.255776435136795044e-02,-3.395546972751617432e-02,-7.554858177900314331e-02,2.735989168286323547e-02
-8.550477772951126099e-02,2.497124858200550079e-02,1.782727427780628204e-02,9.920909255743026733e-02,-8.667709678411483765e-02
-1.502034515142440796e-01,-9.552238881587982178e-02,-1.826598308980464935e-02,8.117808401584625244e-02,4.746863245964050293e-02
-7.389263808727264404e-02,-7.004000991582870483e-02,7.718676328659057617e-02,3.202360123395919800e-02,3.191533684730529785e-02
-8.743170648813247681e-02,-1.189479678869247437e-01,-5.207383260130882263e-02,-1.486417055130004883e-01,-1.004446223378181458e-01
3.591872379183769226e-02,7.221696525812149048e-02,-8.086986839771270752e-02,1.392160076647996902e-02,1.133459284901618958e-01
1.143581420183181763e-01,-2.835263498127460480e-02,7.450482249259948730e-02,-1.212477684020996094e-01,2.477824687957763672e-02
-5.072415340691804886e-03,-1.358619034290313721e-01,1.265942305326461792e-01,4.286086186766624451e-02,1.243299320340156555e-01
4.926769807934761047e-02,9.473190642893314362e-03,-7.052963599562644958e-03,-1.132924854755401611e-01,2.946382202208042145e-02
-7.582826912403106689e-02,1.072867307811975479e-02,-3.540036454796791077e-02,-1.422290802001953125e-01,-1.308661550283432007e-01
5.890630558133125305e-02,1.456145644187927246e-01,-4.066494852304458618e-02,3.874891251325607300e-02,1.141427978873252869e-01
-9.012226015329360962e-02,3.418881446123123169e-03,-3.578236699104309082e-02,-3.616117313504219055e-02,-9.754826128482818604e-02
-1.412931978702545166e-01,3.151446580886840820e-02,8.081291615962982178e-02,-1.018521338701248169e-01,-1.340619921684265137e-01
6.267398595809936523e-02,-8.363918215036392212e-02,-1.411017123609781265e-02,1.181316189467906952e-02,-4.707122966647148132e-02
4.581403732299804688e-02,-4.038503393530845642e-02,-3.283898904919624329e-02,-6.950537115335464478e-02,4.368477687239646912e-02
-7.365766912698745728e-02,-7.999985665082931519e-02,2.379886247217655182e-02,4.959664866328239441e-02,-1.535800695419311523e-01
7.921859622001647949e-02,-1.219892725348472595e-01,-1.473365873098373413e-01,2.794279716908931732e-02,6.627737730741500854e-02
-3.000547364354133606e-02,-9.771347045898437500e-02,-9.290988743305206299e-02,-1.207458525896072388e-01,-6.974358856678009033e-02
-1.256413459777832031e-01,5.185786634683609009e-02,-4.787236452102661133e-02,-1.490084379911422729e-01,-6.071381270885467529e-02
3.931596502661705017e-02,-1.372652202844619751e-01,4.960207268595695496e-02,-5.841849744319915771e-02,6.923583894968032837e-02
-8.833670616149902344e-02,-3.167222812771797180e-02,1.479770988225936890e-01,1.599882729351520538e-02,-1.532483398914337158e-01
-5.242592096328735352e-02,1.237971708178520203e-01,7.164658047258853912e-03,2.518650330603122711e-02,7.376686483621597290e-02
-8.780974149703979492e-02,-1.484181731939315796e-01,-1.150273308157920837e-01,-1.000514328479766846e-01,1.100257039070129395e-01
1.111040860414505005e-01,-4.630860686302185059e-02,1.697466149926185608e-02,1.023267582058906555e-01,1.285421103239059448e-01
6.049659103155136108e-03,3.177373111248016357e-02,-1.511968579143285751e-02,1.050513535737991333e-01,-1.003946214914321899e-01
1.086042970418930054e-01,3.095517493784427643e-02,1.508523374795913696e-01,3.853183612227439880e-02,-3.327114507555961609e-02
1.164211891591548920e-02,-7.388126850128173828e-02,6.224153190851211548e-02,1.479332596063613892e-01,-9.846411645412445068e-02
-4.908469319343566895e-02,1.450945734977722168e-01,-1.996459625661373138e-02,6.127734854817390442e-02,6.446538120508193970e-02
-1.043198108673095703e-01,4.737993329763412476e-02,5.061198770999908447e-02,-5.552056431770324707e-02,-6.775864213705062866e-02
-9.702615439891815186e-02,-1.112827286124229431e-01,1.489661931991577148e-01,-1.753687858581542969e-02,8.633551001548767090e-02
-1.202334612607955933e-01,4.161295667290687561e-02,-2.772982604801654816e-02,6.996053457260131836e-02,1.246465742588043213e-01
-9.083335101604461670e-02,-8.136521279811859131e-02,2.391147427260875702e-02,1.206132397055625916e-01,-1.204619333148002625e-01
-2.552552148699760437e-03,-6.089691817760467529e-02,1.284224689006805420e-01,1.493640616536140442e-02,8.237007260322570801e-02
-9.412127546966075897e-03,4.249807447195053101e-03,-3.438761085271835327e-02,9.978507459163665771e-02,-1.178526133298873901e-01
5.917554348707199097e-02,-2.244842797517776489e-02,-1.533244550228118896e-01,8.089759945869445801e-02,-6.524944305419921875e-02
1.401082705706357956e-02,-1.544478116557002068e-03,8.672796934843063354e-02,-3.070717863738536835e-02,9.554919600486755371e-02
-6.895693391561508179e-02,-7.414533197879791260e-02,1.211097687482833862e-01,9.206097573041915894e-02,-1.317532211542129517e-01
3.750471770763397217e-02,7.604999095201492310e-02,5.351164564490318298e-02,1.196167320013046265e-01,-9.352954477071762085e-02
-1.254417300224304199e-01,2.275120466947555542e-02,-1.074304804205894470e-01,1.210194528102874756e-01,-1.405441910028457642e-01
8.261106908321380615e-02,9.403296560049057007e-02,-6.143294274806976318e-02,6.616523489356040955e-03,4.841576889157295227e-02
-4.617822170257568359e-02,1.381596773862838745e-01,3.653431544080376625e-03,-5.406806245446205139e-02,-1.093683019280433655e-01
1.088122874498367310e-01,3.409788245335221291e-03,-8.687422424554824829e-02,-7.856468670070171356e-03,-4.723509401082992554e-02
4.203715175390243530e-02,-1.274146884679794312e-01,-6.434122473001480103e-02,1.316745430231094360e-01,1.212202012538909912e-01
-6.224643904715776443e-03,1.333018094301223755e-01,7.578585296869277954e-02,1.056526079773902893e-01,-1.549188047647476196e-01
-1.129869967699050903e-01,1.531360596418380737e-01,3.739717975258827209e-02,1.700069010257720947e-02,5.541337281465530396e-02
4.459620453417301178e-03,-6.816184520721435547e-02,-1.392022054642438889e-02,-9.888075292110443115e-02,-4.510011523962020874e-02
5.022025201469659805e-03,1.127654016017913818e-01,7.097731530666351318e-02,-1.010425761342048645e-01,-1.427955627441406250e-01
-4.880810156464576721e-02,-1.344654858112335205e-01,1.058830842375755310e-01,6.075145676732063293e-02,2.239322848618030548e-02
-7.137475907802581787e-02,-7.467463612556457520e-02,4.565102234482765198e-02,-1.372693777084350586e-01,-1.480134278535842896e-01
1.574977673590183258e-02,8.272895961999893188e-02,-7.075267378240823746e-03,-1.310672610998153687e-01,-2.759219612926244736e-03
6.190596148371696472e-02,2.035870403051376343e-02,-6.435519456863403320e-02,-2.221919596195220947e-02,-7.906108349561691284e-02
7.031112164258956909e-02,-3.481972217559814453e-02,2.880105003714561462e-02,-3.580887988209724426e-02,-1.020639166235923767e-01
-1.927683316171169281e-02,3.218450024724006653e-02,-8.882506936788558960e-02,6.938637793064117432e-02,-1.233867257833480835e-01
-1.201060637831687927e-01,-6.491884589195251465e-02,6.969776749610900879e-02,-1.638443092815577984e-03,1.053807735443115234e-01
9.462060034275054932e-02,-1.313236951828002930e-01,-2.098177187144756317e-02,2.804464893415570259e-03,1.207298785448074341e-01
-1.022363603115081787e-01,1.365051884204149246e-02,-6.285411119461059570e-02,-3.118189983069896698e-02,-1.351547390222549438e-01
6.770788133144378662e-02,6.256081163883209229e-02,4.562493041157722473e-02,-1.205354779958724976e-01,6.725163012742996216e-02
3.653126209974288940e-02,-1.028232276439666748e-01,2.124277129769325256e-02,-5.607268959283828735e-02,3.123084641993045807e-02
7.976223528385162354e-02,-1.238756179809570312e-01,2.886391617357730865e-02,1.290818601846694946e-01,-1.283977627754211426e-01
1.177584752440452576e-01,-2.414104342460632324e-02,8.399090915918350220e-02,-1.118273213505744934e-01,-1.097674742341041565e-01
-1.325069814920425415e-01,-5.729148909449577332e-02,1.114673446863889694e-02,9.088445454835891724e-02,1.122649833559989929e-01
-1.113082617521286011e-01,-7.602046430110931396e-02,3.722828626632690430e-02,-4.003891721367835999e-02,8.796696364879608154e-02
3.772045299410820007e-02,7.662169635295867920e-02,5.330830812454223633e-02,8.113043010234832764e-02,-1.152133867144584656e-01
5.228481255471706390e-03,1.309598982334136963e-01,-5.859266966581344604e-03,8.825676143169403076e-02,-1.165170222520828247e-01
-4.836604371666908264e-02,-8.910739421844482422e-02,1.020575910806655884e-01,7.883690297603607178e-02,1.315995603799819946e-01
4.308925569057464600e-02,1.167114675045013428e-01,5.400574300438165665e-03,1.361945569515228271e-01,-1.136190257966518402e-02
5.032278224825859070e-02,-4.999356810003519058e-03,-7.526499778032302856e-02,3.067788854241371155e-02,-7.555314898490905762e-02
-1.174136251211166382e-01,-8.802390098571777344e-02,-1.021173372864723206e-01,1.075287014245986938e-01,3.589442372322082520e-02
1.245780810713768005e-01,6.448107212781906128e-02,8.578291535377502441e-02,-1.627363823354244232e-02,1.250023394823074341e-01
1.194896176457405090e-01,4.973073303699493408e-02,3.794303536415100098e-02,1.153012216091156006e-01,-6.680986285209655762e-02
1.177651733160018921e-01,2.375214546918869019e-02,-3.487136960029602051e-02,6.422778964042663574e-02,-1.253114342689514160e-01
-5.538579076528549194e-02,3.930506482720375061e-02,1.399314403533935547e-01,-1.439035404473543167e-02,4.693248495459556580e-02
-5.352871119976043701e-02,-1.136118248105049133e-01,-1.322407126426696777e-01,5.843839794397354126e-02,3.919175639748573303e-02
-1.378388027660548687e-03,1.212603747844696045e-01,-3.820775449275970459e-02,-1.079497411847114563e-01,-6.810295581817626953e-02
-6.940626353025436401e-02,1.100300028920173645e-01,6.983472121646627784e-05,3.281121328473091125e-02,-1.207974478602409363e-01
-9.312006086111068726e-02,1.328974664211273193e-01,9.197703003883361816e-02,-4.068299382925033569e-02,-6.649100035429000854e-02
3.688077628612518311e-02,4.891224205493927002e-02,-4.410789161920547485e-02,9.845364093780517578e-02,1.261873841285705566e-01
3.534844890236854553e-02,4.058858752250671387e-02,4.194378852844238281e-02,1.365083307027816772e-01,3.049473650753498077e-02
-7.339889556169509888e-02,-9.782473742961883545e-02,5.942498520016670227e-02,-4.427814856171607971e-02,-4.972223192453384399e-02
5.095980595797300339e-04,1.001757234334945679e-01,2.011757902801036835e-02,1.276898384094238281e-01,5.030837655067443848e-02
9.428314119577407837e-02,-7.446654140949249268e-03,-1.214240305125713348e-02,7.832795381546020508e-02,7.450686395168304443e-02
-3.853585338220000267e-03,1.016147658228874207e-01,1.022093184292316437e-02,-8.907204866409301758e-02,-1.070872619748115540e-01
-3.223775699734687805e-02,1.016406714916229248e-01,1.044885292649269104e-01,-3.665127977728843689e-02,7.183831185102462769e-02
6.052647903561592102e-02,-9.642622619867324829e-02,-9.847323596477508545e-02,9.209744632244110107e-02,-1.141214296221733093e-01
6.420779228210449219e-02,-1.351380199193954468e-01,-5.298689473420381546e-03,9.465838968753814697e-02,4.177090525627136230e-02
9.457617998123168945e-02,-4.991124942898750305e-02,-2.377219684422016144e-02,7.729277014732360840e-02,8.035358786582946777e-02
-2.675994858145713806e-02,1.409456580877304077e-01,-1.080414727330207825e-01,4.741187766194343567e-02,-5.845252051949501038e-02
-5.246830359101295471e-02,1.294024940580129623e-02,-4.390758648514747620e-02,-8.287288248538970947e-02,-1.250461786985397339e-01
1.594813726842403412e-02,5.813633650541305542e-02,2.160189114511013031e-02,1.045690774917602539e-01,-7.081629335880279541e-02
7.874047756195068359e-02,1.186842471361160278e-02,-7.908172160387039185e-02,9.213100187480449677e-03,-1.305813789367675781e-01
5.142179131507873535e-02,9.718845784664154053e-02,1.228959411382675171e-01,4.362515360116958618e-02,-6.499635055661201477e-03
9.465955197811126709e-02,1.257234159857034683e-02,-3.405025973916053772e-02,-5.067867040634155273e-02,4.800444468855857849e-02
1.419877111911773682e-01,-3.640462085604667664e-02,-1.479498744010925293e-01,4.367096722126007080e-02,3.488381206989288330e-02
-1.414106488227844238e-01,1.470019966363906860e-01,-2.069888450205326080e-02,-5.361447855830192566e-02,-4.783904179930686951e-02
-1.033934131264686584e-01,-1.382180601358413696e-01,-8.196520060300827026e-02,-2.390557341277599335e-02,-5.850878730416297913e-02
-7.740410417318344116e-02,7.491707801818847656e-02,1.078585013747215271e-01,-6.922181695699691772e-02,-5.859331041574478149e-02
-6.943415105342864990e-02,-1.017227396368980408e-01,1.119942590594291687e-01,-1.205675378441810608e-01,-1.187963038682937622e-01
6.148762628436088562e-02,-7.662997115403413773e-03,2.873380854725837708e-02,-6.025788187980651855e-02,-2.345693297684192657e-02
1.395153813064098358e-02,-1.490423530340194702e-01,7.968129217624664307e-02,-3.435991704463958740e-02,-1.132326200604438782e-02
-2.716022543609142303e-02,1.373791880905628204e-02,7.260692864656448364e-02,3.054957091808319092e-02,9.665553271770477295e-02
1.386654376983642578e-01,1.088159009814262390e-01,3.121377900242805481e-02,7.320079952478408813e-02,1.295572966337203979e-01
5.905833095312118530e-02,-9.774705022573471069e-02,1.365415751934051514e-01,-1.598304882645606995e-02,8.009784668684005737e-02
2.168006822466850281e-02,6.640689447522163391e-03,-1.253287196159362793e-01,-1.385706067085266113e-01,4.804935306310653687e-03
-1.428955513983964920e-02,-1.187474206089973450e-01,1.074448153376579285e-01,-1.025337800383567810e-01,4.211090877652168274e-02
-8.148080855607986450e-02,-2.349621616303920746e-02,-1.131556481122970581e-01,-5.976477265357971191e-02,-9.090326726436614990e-02
1.212461218237876892e-01,6.708072870969772339e-02,-2.365215867757797241e-02,-1.509050726890563965e-01,-3.378397598862648010e-02
-6.863467395305633545e-02,4.042381793260574341e-02,8.009847998619079590e-02,-3.341233124956488609e-03,6.095164269208908081e-02
-9.803240746259689331e-02,9.576698392629623413e-02,-8.091146498918533325e-02,3.607773780822753906e-02,2.101804688572883606e-02
1.642290502786636353e-02,-7.367510348558425903e-02,6.387629359960556030e-02,-7.588291168212890625e-02,6.268557906150817871e-02
-4.693917185068130493e-02,-1.189730763435363770e-01,-6.309020519256591797e-02,-1.046391502022743225e-01,1.333185732364654541e-01
-5.741152912378311157e-02,-1.503866016864776611e-01,5.341230891644954681e-03,6.891591846942901611e-02,-5.376758519560098648e-03
8.851962536573410034e-02,-5.832238867878913879e-02,-4.999335110187530518e-02,8.130508661270141602e-02,5.124002695083618164e-02
1.039939001202583313e-01,-1.309029459953308105e-01,-9.362440556287765503e-02,1.379580497741699219e-01,-1.159131675958633423e-01
-2.584373205900192261e-02,7.376748323440551758e-02,1.299870014190673828e-01,1.163107752799987793e-01,2.563079819083213806e-02
-5.162713932804763317e-04,-1.123225688934326172e-01,3.583557531237602234e-02,9.609186649322509766e-02,-1.183938160538673401e-01
1.042952761054039001e-01,-9.408707171678543091e-02,5.292366817593574524e-02,5.100268870592117310e-02,-1.260182857513427734e-01
1.008135229349136353e-01,7.962154597043991089e-02,1.380967050790786743e-01,-1.238998770713806152e-02,1.160856783390045166e-01
-1.643689721822738647e-02,-1.021241322159767151e-01,-9.593030065298080444e-02,5.519756302237510681e-02,-4.880693927407264709e-02
-6.255480647087097168e-02,1.209017708897590637e-01,5.319592356681823730e-02,-6.100871786475181580e-02,1.645554788410663605e-02
-5.632242932915687561e-02,1.230764202773571014e-03,2.813161164522171021e-02,5.645331367850303650e-02,-8.833107352256774902e-02
1.427796203643083572e-02,-8.518695831298828125e-02,-8.860496431589126587e-02,8.510771393775939941e-02,-4.789104312658309937e-02
-1.445294767618179321e-01,-1.094061955809593201e-01,-8.937397599220275879e-02,-3.325986210256814957e-03,-1.223038882017135620e-01
-1.529248505830764771e-01,9.210373461246490479e-02,3.431858867406845093e-02,-1.095189079642295837e-01,1.278065294027328491e-01
2.709740959107875824e-02,5.005489662289619446e-02,-9.990774095058441162e-02,1.055480763316154480e-01,8.085194975137710571e-02
-1.451891474425792694e-02,6.704664230346679688e-02,7.246077805757522583e-02,-1.231222003698348999e-01,-1.267170310020446777e-01
-2.330765314400196075e-02,-4.046877473592758179e-02,-7.659740000963211060e-02,-1.162981390953063965e-01,3.244929015636444092e-02
-5.029001459479331970e-02,-1.110240817070007324e-01,-8.528758585453033447e-02,-1.796894241124391556e-03,-3.492219746112823486e-02
-4.386358708143234253e-02,-9.218599647283554077e-02,-2.320024184882640839e-02,4.825742542743682861e-02,-1.134641468524932861e-01
1.147895976901054382e-01,-3.909606486558914185e-02,1.354163289070129395e-01,-6.033122912049293518e-02,5.093540623784065247e-02
6.043355166912078857e-02,-4.172482341527938843e-02,-3.081157989799976349e-02,-9.632747620344161987e-02,-8.479879237711429596e-03
2.074938639998435974e-02,1.222646702080965042e-02,7.370729744434356689e-02,4.048649221658706665e-02,-9.313553571701049805e-02
4.940297082066535950e-02,-5.625654011964797974e-02,1.242518424987792969e-01,-7.312682271003723145e-02,-9.616457670927047729e-02
-9.872484207153320312e-02,-7.124168425798416138e-02,2.361666969954967499e-02,-3.716731444001197815e-02,-2.865391969680786133e-02
1.972049707546830177e-03,1.900796778500080109e-02,-1.223935633897781372e-01,-2.356387861073017120e-02,1.163773983716964722e-01
-4.693590477108955383e-02,1.425118893384933472e-01,-4.061269015073776245e-02,-7.698891311883926392e-02,6.264744699001312256e-02
-5.350784957408905029e-02,-8.539204299449920654e-02,-1.112207546830177307e-01,-1.108024045825004578e-01,-1.000709459185600281e-01
-8.984909951686859131e-02,1.107903271913528442e-01,-1.141700968146324158e-01,-4.049751162528991699e-02,9.275785833597183228e-02
2.331984788179397583e-02,-2.686668001115322113e-02,1.249233931303024292e-01,-8.085136860609054565e-02,-2.487882599234580994e-02
1.203014329075813293e-01,6.423340737819671631e-02,1.179543733596801758e-01,-1.754133991198614240e-04,1.054590195417404175e-01
8.201586455106735229e-02,-2.217238955199718475e-02,5.388599634170532227e-02,4.297620803117752075e-02,6.426402181386947632e-02
-1.134479884058237076e-02,-8.062511682510375977e-02,4.787867516279220581e-02,6.725900340825319290e-03,-6.224567443132400513e-02
2.180946245789527893e-02,6.069025024771690369e-03,1.955088926479220390e-03,1.873272098600864410e-02,-1.731686107814311981e-02
-9.417632967233657837e-02,-6.987501401454210281e-04,1.366131454706192017e-01,-7.436009496450424194e-02,4.316125065088272095e-02
7.781948894262313843e-02,9.442933835089206696e-03,1.009942963719367981e-01,-1.147208139300346375e-01,-4.891231283545494080e-02
-4.443251714110374451e-02,4.400914534926414490e-02,-3.984493017196655273e-02,-1.228338330984115601e-01,4.374976456165313721e-02
9.871652722358703613e-02,5.117204412817955017e-02,-7.387419231235980988e-03,-1.013187617063522339e-01,8.798612654209136963e-02
1.184755116701126099e-01,-4.915294423699378967e-02,-1.013657599687576294e-01,3.912297636270523071e-02,1.218101233243942261e-01
3.922455385327339172e-02,-7.505689561367034912e-02,4.838977474719285965e-05,9.203787893056869507e-02,-1.171129420399665833e-01
-5.460082739591598511e-02,8.322691172361373901e-02,-1.199603974819183350e-01,-1.257282346487045288e-01,1.028164178133010864e-01
4.438329115509986877e-02,6.068798527121543884e-02,1.198275834321975708e-01,-7.031501829624176025e-02,-1.126033738255500793e-01
1.122672762721776962e-02,1.326109021902084351e-01,-1.366018652915954590e-01,-2.919213660061359406e-02,9.278380125761032104e-02
-2.975023537874221802e-02,1.479674875736236572e-01,-7.354655116796493530e-02,-1.463257074356079102e-01,-1.197483688592910767e-01
-1.310745030641555786e-01,-4.936543479561805725e-02,9.846506267786026001e-02,-1.099056005477905273e-01,1.803340017795562744e-02
-6.567528843879699707e-02,-4.178509861230850220e-02,1.351862251758575439e-01,-1.048945039510726929e-01,-4.836295917630195618e-02
9.746416658163070679e-02,1.147885620594024658e-01,1.082965955138206482e-01,-1.998433098196983337e-02,5.087920650839805603e-02
9.062674641609191895e-02,-7.608586549758911133e-02,-1.857921597547829151e-03,-2.261921018362045288e-02,-5.962206050753593445e-02
2.521930262446403503e-02,-5.922072380781173706e-02,-1.273671984672546387e-01,8.577362634241580963e-03,-7.428115606307983398e-02
-8.788243681192398071e-02,-1.133779659867286682e-01,-2.856094948947429657e-02,-1.275324672460556030e-01,-9.490996599197387695e-02
-1.117083653807640076e-01,1.510242223739624023e-01,2.332038059830665588e-02,1.175474375486373901e-02,9.885235875844955444e-02
-9.570574760437011719e-02,-9.981031715869903564e-02,5.777212604880332947e-02,-4.701707977801561356e-03,-1.415561437606811523e-01
-1.220461130142211914e-01,-4.208137467503547668e-02,-3.755093365907669067e-02,-1.006333008408546448e-01,1.220691800117492676e-01
-3.005571104586124420e-02,1.441049277782440186e-01,-7.358583807945251465e-02,-7.449264824390411377e-02,-7.808766514062881470e-02
1.107582524418830872e-01,-5.369507893919944763e-02,-9.313891083002090454e-02,1.129132956266403198e-01,-1.207040995359420776e-01
-1.034941151738166809e-01,1.236585974693298340e-01,-4.714361950755119324e-02,3.443032130599021912e-02,-5.380999296903610229e-02
7.239164318889379501e-03,-5.267826840281486511e-02,-6.724586337804794312e-02,9.491188079118728638e-02,9.510282427072525024e-02
9.438358247280120850e-03,-1.454810891300439835e-02,3.472771123051643372e-02,1.911516487598419189e-02,-1.320630311965942383e-01
9.849185496568679810e-02,7.397829741239547729e-02,-2.942592650651931763e-02,5.327911674976348877e-02,-1.356559544801712036e-01
1.085426658391952515e-01,1.313702464103698730e-01,-1.186092495918273926e-01,3.548756614327430725e-02,-4.715432226657867432e-02
1.280918419361114502e-01,-1.937784999608993530e-02,-1.165539696812629700e-01,-3.783949464559555054e-02,-1.008431240916252136e-01
-1.543162316083908081e-01,-1.955265365540981293e-02,-1.112997531890869141e-01,4.502441361546516418e-02,1.236213818192481995e-01
3.828784450888633728e-02,-1.109602302312850952e-01,9.419182687997817993e-02,6.546239554882049561e-02,1.301022619009017944e-01
8.017081022262573242e-02,8.858607709407806396e-02,-1.635570265352725983e-02,2.745819650590419769e-02,-5.478105321526527405e-02
6.361644715070724487e-02,6.460469216108322144e-02,5.220280960202217102e-02,-5.110265314579010010e-02,-1.296646744012832642e-01
-8.840239793062210083e-02,-1.161661297082901001e-01,-7.556886970996856689e-02,5.394824221730232239e-02,1.025532111525535583e-01
-8.421202749013900757e-02,-7.811377942562103271e-02,-1.255946457386016846e-01,-7.565056532621383667e-02,6.375309079885482788e-02
-1.494939029216766357e-01,1.551250666379928589e-01,-9.183270484209060669e-02,-1.143412068486213684e-01,-9.144470840692520142e-02
-2.981447800993919373e-02,-6.911009550094604492e-02,1.199619751423597336e-02,8.675547689199447632e-02,1.898029632866382599e-02
-1.565055549144744873e-01,1.781927654519677162e-03,9.831922128796577454e-03,-4.594274982810020447e-02,-3.770577907562255859e-02
5.401860177516937256e-02,-2.974751777946949005e-02,4.123133793473243713e-02,-6.831878423690795898e-02,-7.497347891330718994e-02
2.102654427289962769e-02,-3.635575622320175171e-02,-4.335248842835426331e-02,8.388920128345489502e-02,1.794234663248062134e-02
9.026116877794265747e-02,-6.724016368389129639e-02,-1.231604367494583130e-01,8.098605275154113770e-02,1.146283969283103943e-01
1.760023832321166992e-02,4.421894624829292297e-02,-1.231203153729438782e-01,-1.372368633747100830e-01,-1.016631373204290867e-03
-1.051347181200981140e-01,-6.791850551962852478e-03,-6.122888997197151184e-02,-6.047236919403076172e-02,1.011790409684181213e-01
-1.474135816097259521e-01,-1.103185489773750305e-01,-4.890109226107597351e-02,9.925635904073715210e-02,1.431855559349060059e-02
-5.529044568538665771e-02,-5.192604288458824158e-02,5.534423515200614929e-02,5.689261481165885925e-02,-9.057965874671936035e-02
-1.391417998820543289e-02,-1.035374682396650314e-02,-3.834409639239311218e-02,9.928155690431594849e-02,7.859451323747634888e-02
-3.714667260646820068e-02,1.324695199728012085e-01,5.998369306325912476e-02,-1.198007091879844666e-01,-9.371311962604522705e-02
-8.101458847522735596e-02,-8.480453491210937500e-02,-5.175305157899856567e-02,-4.922420531511306763e-02,2.819643542170524597e-02
3.672780469059944153e-02,1.216725185513496399e-01,-2.170654945075511932e-03,-4.240201786160469055e-02,-4.364547319710254669e-03
-1.246146932244300842e-01,1.041420698165893555e-01,4.539532586932182312e-02,1.059617996215820312e-01,-9.859247505664825439e-02
-1.019296497106552124e-01,1.425378322601318359e-01,-2.064592437818646431e-03,7.974647730588912964e-02,-1.468187421560287476e-01
-5.042873322963714600e-02,-2.107126452028751373e-02,1.745072565972805023e-02,5.326366052031517029e-02,-9.716688841581344604e-02
-1.156825646758079529e-01,1.284600049257278442e-01,-1.299936324357986450e-01,-6.012937799096107483e-02,-1.413223743438720703e-01
-2.631790703162550926e-03,2.379757585003972054e-03,1.323574036359786987e-01,1.069783195853233337e-01,-5.331272631883621216e-02
-1.236085221171379089e-01,5.872745532542467117e-03,-9.651523828506469727e-02,-3.676062077283859253e-02,3.564254194498062134e-02
-2.288014069199562073e-02,8.263087272644042969e-02,-6.880833208560943604e-02,3.084919601678848267e-02,-1.394597906619310379e-02
3.088904172182083130e-02,8.804095536470413208e-02,9.155756235122680664e-02,2.817392535507678986e-02,-1.094684526324272156e-01
-1.425513029098510742e-01,-8.663376420736312866e-02,-6.085312739014625549e-02,-8.035846985876560211e-04,-8.573354780673980713e-02
1.591367274522781372e-02,-6.306071579456329346e-02,1.226257160305976868e-01,6.945747882127761841e-02,-1.394716948270797729e-01
3.424990549683570862e-02,-1.284844428300857544e-01,1.117544695734977722e-01,-4.008481651544570923e-02,-6.831125915050506592e-02
-7.062915712594985962e-02,-5.900426581501960754e-02,-5.298099666833877563e-02,-8.788940310478210449e-02,4.745184443891048431e-03
-1.379466205835342407e-01,-8.087354153394699097e-02,7.554722577333450317e-02,-1.047441735863685608e-02,9.415263682603836060e-02
