297 5
45 0.52759093 -0.39632246 -0.81528604 -0.8708444 -0.37243795
13 0.81728846 -0.64816236 -0.3088053 -0.28666684 -0.39877865
3 0.8510794 -0.72722703 -0.29137537 -0.19142431 -0.08603078
5 0.51838136 -0.64537406 0.071977764 -0.7225052 -0.27470878
85 0.8314552 -0.72515285 -0.16311829 -0.2369199 -0.21185738
87 0.734983 -0.702252 0.0061715245 -0.40236872 -0.13315594
126 0.97619814 -0.61357564 -0.34331918 -0.24733955 -0.40364
173 0.97032183 -0.65043104 -0.3165232 -0.19702819 -0.38475567
4 0.42001408 -0.7890678 0.18005987 -0.59797186 -0.4750437
119 1.0721562 -0.6486837 -0.08131568 -0.27465954 -0.079296686
138 0.5666682 -1.0115347 -0.3078203 0.05432417 -0.017522745
118 1.0675641 -0.5596709 -0.12378431 -0.3647422 -0.049279824
7 -0.3352026 -1.2997186 -0.12163227 -0.55896336 -0.085172094
143 0.78118795 -0.54824346 -0.18526803 -0.6839175 0.5772039
120 0.79140556 -0.8085817 -0.022581128 -0.17797473 -0.03156027
191 0.6267144 -1.2694945 0.24761268 0.24306858 -0.78095037
60 -0.36334944 -1.1987448 -0.102705844 -0.79270256 -0.07953314
14 -0.16549066 -1.317415 0.14617565 -0.4790776 0.19848362
115 0.26287317 -1.0982388 0.1939437 -0.470908 0.62802076
192 0.7430251 -0.6850015 0.1167115 -0.6903766 0.63528216
99 1.0147661 -0.77866083 0.14268063 -0.20951506 0.08581284
205 1.0936164 -0.556401 -0.0539276 -0.38668033 -0.27830994
196 0.524926 -0.8514061 -0.31851035 -0.21098182 0.10915363
131 0.2886412 -1.207145 0.021859609 -0.078728035 0.11745604
59 -0.4627752 -1.3245637 -0.46182224 -0.52591574 -0.48346448
91 0.020723065 -1.0434527 -0.11619217 -0.43981862 -0.33176887
15 -0.046838906 -0.97161996 0.09590779 -0.88184893 0.3673099
178 1.1751151 -0.730811 -0.93665844 0.1621196 -0.4292938
188 1.1716323 -0.5214101 -0.32705808 -0.28962675 -0.022769846
208 1.0827279 -0.5962995 0.22377057 -0.41549006 -0.3755182
49 -0.04500218 -1.2263052 0.035072938 -0.36514828 -0.45504633
88 0.034900583 -1.0320853 -0.22537374 -0.40941504 -0.23666513
94 0.13439348 -1.2469826 0.42400405 -0.3058706 -0.36228165
146 1.0135082 -0.80752945 0.046431683 -0.16646995 0.53537065
133 0.27373853 -1.1062301 0.073636755 -0.21424444 -0.05298186
112 0.678528 -0.85153484 -0.027920652 -0.20854066 0.07090502
43 0.34498405 -0.91728926 -0.19358952 -0.29344088 -0.48105118
64 0.21493188 -1.1244864 0.31635126 -0.3539747 -0.41220337
124 1.0104166 -0.94262934 -0.015171437 0.07966056 0.21769145
2 0.48827717 -1.2235082 0.34536538 -0.2162113 0.74600196
219 0.2900559 -1.2987397 -0.080547616 0.1547051 -0.28046125
214 0.36918116 -1.2034737 -0.21641529 0.18484862 -0.38922945
22 -0.24618532 -1.1888591 -0.23182239 -0.54130685 -0.31480277
220 1.2181311 -0.3555101 0.4571189 -0.9705673 -0.34393016
246 1.2190703 -0.19414055 -0.10328063 -1.0057416 -0.020654846
24 -0.390927 -1.1568621 -0.1762358 -0.81257904 -0.70116633
202 0.6046601 -0.8855558 -0.0796095 -0.19949621 0.0042122486
199 0.6115047 -1.0548872 -0.06961065 0.015021749 0.26618233
8 -0.25926396 -1.1666846 -0.25602874 -0.5855338 0.19908029
194 0.6633599 -0.90290153 -0.0866416 -0.17452905 0.17405678
48 -0.23628129 -1.1460097 -0.08904604 -0.6338466 -0.41196355
206 0.6045669 -0.82711446 -0.1730541 -0.34635267 0.48229435
68 -0.024131212 -1.0842174 -0.19698909 -0.37460232 -0.29934555
109 0.19288418 -1.1576804 -0.10574808 -0.32122266 0.62606746
21 -0.22207679 -1.3009002 -0.1414005 -0.3973391 -0.38111097
200 0.97840005 -0.60642874 -0.22588207 -0.34195945 0.22159287
104 0.21833381 -1.2186326 0.06325171 -0.2503435 0.5067033
96 0.417085 -0.98662525 -0.16419831 -0.13569254 -0.39830348
72 -0.26927626 -1.1866709 0.2209127 -0.83385307 -0.68770546
36 -0.40671676 -1.1319549 -0.13184372 -0.911479 -0.42369917
190 0.9822923 -0.39540166 0.15679139 -0.8321156 -0.7105251
32 -0.35332578 -1.1594046 -0.23385487 -0.7096436 -0.44001335
98 1.0446268 -0.6201732 -1.399189 -0.081639536 0.016895588
51 -0.4730294 -1.0671 -0.40773323 -1.0144253 -0.50494
110 0.44858462 -0.8770128 -0.09619782 -0.39734304 0.40862367
47 -0.31949356 -1.0769823 -0.36627087 -0.7963563 -0.5347677
204 0.93844885 -0.82247055 0.094398044 -0.1701407 -0.07445275
103 0.2714886 -1.2830985 0.27210578 -0.40558583 0.9354026
150 0.94687176 -0.87390476 0.4468449 -0.36219236 0.5185541
73 0.30370158 -1.2392751 0.14433779 -0.056073315 -0.072093286
134 0.8247473 -0.7194585 0.2979992 -0.46871078 -0.15324509
285 1.1429938 -0.2590638 -1.2693663 -0.7354463 0.18061303
53 -0.24579857 -1.2355132 -0.3046433 -0.41619483 -0.017135937
227 1.0677118 -0.7151472 -0.13715921 -0.085612506 -0.10575795
10 0.08911577 -1.2679043 -0.13031723 -0.08614915 0.087181926
161 0.92589843 -0.49391207 0.18070051 -0.66227865 -0.43211845
234 1.3484824 -0.194824 -0.058732618 -0.9754866 -0.5901733
149 0.90306264 -0.668031 0.07207634 -0.4995047 0.54603225
225 0.75907606 -0.74395245 -0.0038621614 -0.3097568 -0.1546457
86 0.23606807 -1.1396021 -0.3565938 -0.01512246 0.07307717
28 -0.46758202 -1.1002812 -0.36679092 -0.95098025 -0.07594827
122 0.6048515 -0.8630339 -0.019673385 -0.33381617 0.37393722
203 1.1223114 -0.7223979 -0.29565078 -0.092512585 0.39763388
106 -0.06477437 -1.3761319 -0.18415402 -0.3167837 0.75691086
170 0.8454421 -0.20670901 -0.88313514 -0.9107125 -0.027848875
74 -0.1903061 -1.0919861 -0.34899253 -0.5342885 -0.1614595
9 0.34730342 -1.1406031 0.10089791 -0.13736515 0.03222083
42 -0.34388718 -1.0763376 -0.053688858 -0.98883855 -0.7106049
117 0.59698915 -0.8897667 0.34006226 -0.5172764 0.40530872
152 0.8116109 -0.5437139 -0.059803728 -0.58530855 -0.2830964
198 0.9936414 -0.42388624 0.26261452 -0.8797978 -0.7558513
164 0.97199017 -0.2693358 -0.54643095 -0.85001826 0.13913767
16 -0.2715981 -1.1931279 0.21650922 -0.8570324 -0.6918918
179 0.96295667 -0.5204555 0.36974818 -0.7463959 -0.3812606
169 0.9089463 -0.38438472 -0.13972959 -0.7845953 -0.45765936
75 -0.33053797 -1.5159051 -0.08079434 -0.27361977 -0.36769828
277 0.92894745 -0.15157026 -1.1989478 -1.0667928 -0.012965962
102 0.34457296 -1.0529253 0.4218911 -0.51333827 0.364806
207 0.63757706 -0.9726942 -0.13157646 0.0074566486 -0.21900406
215 0.27783746 -1.0504713 -0.09084423 -0.19391544 -0.1850002
92 -0.18870023 -1.0895619 -0.090334214 -0.7044081 -0.38450414
19 -0.18612719 -1.1911051 0.2546009 -0.73730344 -0.7247036
171 1.426908 -0.7278691 -0.1733558 0.12408838 -0.33085582
17 0.3577472 -0.9470938 0.32360825 -0.55331403 0.24733841
44 -0.31708032 -1.1016438 0.1339913 -1.0410403 -0.66319835
78 -0.16234273 -1.2840701 -0.20520748 -0.27379814 -0.31301728
107 0.10704905 -1.0767397 -0.17298993 -0.32731318 0.0051844954
276 1.1574777 -0.03507939 -0.5743059 -1.2176069 -0.18490386
168 0.984654 -0.6112815 -1.1167494 -0.115498 -0.20229751
180 0.980579 -0.43698347 0.23692924 -0.82156956 -0.57129234
90 -0.009745569 -1.3495312 -0.26954964 -0.016112983 0.0058754208
226 0.5631482 -0.85776913 0.34851903 -0.48826668 -0.0066892146
201 1.1088507 -0.36670992 0.27988976 -0.8708434 -0.23794827
254 0.86658067 -0.65804255 -1.3756001 -0.091054976 -0.033478882
114 0.7054122 -1.0811539 0.4106924 -0.57318294 1.1915363
193 1.0093838 -0.19500817 -0.56261337 -0.982678 -0.11215863
70 -0.31863588 -1.330536 -0.37574613 -0.34941638 -0.49768594
113 0.19549358 -1.4591494 -0.1294007 0.08942965 0.5210531
23 -0.25344747 -1.0719163 0.4605084 -1.168725 -0.35865882
34 -0.5694081 -1.0659633 -0.8037789 -0.9303775 -0.10447926
163 1.0111965 -0.23736405 -0.17884906 -1.0163698 -0.2809126
76 -0.2588262 -1.1696854 -0.24405463 -0.53033817 -0.25555578
65 -0.49234545 -1.3368834 -0.38475814 -0.603206 -0.12331866
116 0.29547495 -1.2853962 0.4204117 -0.92022943 1.53428
232 1.2502298 -0.28881893 0.22769754 -0.97214997 -0.6338028
233 1.0295584 -0.39876458 0.067911156 -0.76730067 -0.55290264
158 0.9778531 -0.3470527 -0.16471776 -0.81661373 -0.031197716
278 0.62568694 -0.41940317 -1.6902205 -0.7522241 -0.17912693
123 0.4151338 -0.98887855 -0.12244139 -0.74433535 1.3703479
270 0.964984 -0.033717565 -0.775262 -1.3440231 -0.21819338
6 0.113193035 -1.0783252 0.0529948 -0.5330673 0.43491182
211 0.079432 -1.2409034 -0.27725554 -0.058434006 -0.2575943
183 0.9853037 -0.31123182 -0.27610466 -0.8427957 -0.051124416
11 0.14310218 -1.2360543 0.40310887 -0.9220793 1.1978419
132 0.5098046 -1.2415241 0.4106497 -0.08336884 0.18199195
54 -0.18196082 -1.1627115 0.13525246 -0.7456732 -0.41896698
136 0.10190088 -1.3856215 0.07669484 -0.69432306 1.3727508
162 1.0827495 -0.28801173 -0.113119766 -0.8751629 -0.5997578
181 0.8915489 -0.43456614 0.054833196 -0.748422 -0.28627822
67 -0.67250407 -1.3435268 -0.5911131 -0.80508864 -0.39422524
50 -0.69526196 -1.2585868 -0.3197087 -1.153824 -0.39564633
228 1.0455644 -0.61455417 -1.4956157 -0.11909752 -0.045019973
40 0.35565117 -0.8198348 0.22174458 -0.7829157 0.56464964
160 1.0331459 -0.43118173 0.060665242 -0.7055653 -0.4972018
217 0.3324736 -0.9506287 0.30146977 -0.4915939 -0.38297802
257 1.4233642 -0.6803974 -0.16636392 -0.011020902 -0.37831303
66 0.2309768 -1.0197818 0.3215385 -0.5291213 -0.16807024
153 0.8801217 -0.54249275 -1.1002243 -0.31910068 -0.03521645
155 0.8969844 -0.5351557 -0.009723206 -0.52982026 -0.65677285
174 0.8085115 -0.6210469 -0.08251922 -0.45601183 -0.041705497
130 0.6881029 -0.8299589 -0.074761346 -0.23699948 0.05800097
105 0.1972444 -1.5144856 0.39056316 -0.013553322 0.34585714
151 0.9694356 -0.6611799 -0.09894953 -0.6296894 1.0797799
62 -0.35009867 -1.0458702 -0.8248484 -0.685886 -0.60600394
166 1.0382639 -0.5319209 -1.4856383 -0.29736805 -0.020463584
167 1.2069743 -0.65206724 -0.9285785 0.02807462 -0.080424085
154 1.0901617 -0.63169736 -1.099738 -0.026717635 -0.28629667
185 1.1325678 -0.6558128 -0.24507016 -0.080672435 -0.35974368
210 -0.12636845 -1.0746521 -0.3125016 -0.50483435 -0.30241156
52 -0.535785 -0.8594564 -0.35071856 -1.6328164 -0.4318179
222 1.2584146 -0.50586474 -0.88731205 -0.19560386 -0.10042692
83 -0.29105437 -1.1178381 -0.33565223 -0.58817494 -0.48019472
63 -0.3971482 -1.2903901 0.05758166 -0.8519272 -0.5045438
245 0.95666957 -0.42652377 -0.48665848 -0.6045346 0.5255631
108 0.07716442 -1.1694201 -0.13617405 -0.8392968 1.3534042
221 1.3217282 -0.71497697 -0.20027898 0.035459235 -0.37627763
172 0.65069354 -1.0410314 -0.44883555 0.22446908 -0.47467786
256 1.3827878 -0.83991265 -0.38559726 0.27007088 -0.032737624
121 0.3540868 -1.1837807 0.36892205 -0.2968556 0.52312356
218 0.53453016 -1.2433972 -0.32356092 0.37244627 -0.6516211
139 0.30801097 -1.2696546 0.3868929 -0.7609175 1.3581706
1 0.123429775 -1.0845948 0.0943706 -0.5047322 0.28630123
111 0.17780323 -1.2656708 -0.14848351 -0.22394355 0.801098
156 0.9205041 -0.46399716 0.07071292 -0.70768636 -0.6937936
142 0.9546504 -1.1442899 0.6261225 -0.22466278 0.8960807
177 0.8594045 -0.6304629 -1.0567867 -0.16910435 -0.14044496
100 -0.054026008 -1.0625439 -0.21976855 -0.59962803 0.5593601
258 1.3788917 -0.7000488 -0.31057715 0.067643754 -0.08819306
18 -0.3372447 -1.1189176 0.24873237 -1.1191397 -0.6862773
56 -0.45728937 -1.2055739 0.1885234 -1.1077399 -0.6281895
229 1.4418459 -0.9554622 -0.22458388 0.37254062 0.26476115
165 0.9429691 -0.29187796 -1.2145597 -0.7608386 0.06357211
269 0.77085024 -0.41077948 -1.7285057 -0.7240313 -0.06372847
159 0.9611351 -0.23206912 -0.48754725 -0.9559444 -0.011018187
212 0.19327866 -1.4389963 -0.28314474 0.29461 -0.24855693
125 0.34162983 -1.2545053 0.22934236 -0.7512679 1.4239484
250 0.85223347 -0.60873944 -1.6265867 -0.25959098 -0.043162465
272 0.97123975 -0.03419029 -1.2231331 -1.3468745 0.028340118
189 0.8720027 -0.17768773 -0.84062046 -1.0444068 -0.22126044
12 0.07510353 -0.9299837 0.120780796 -0.7898054 0.19555919
140 0.17416738 -1.21664 -0.2949337 -0.6753199 1.5534288
274 0.9007716 -0.2263883 -1.7390363 -1.0200441 -0.02045546
58 -0.7078138 -1.2176876 -0.8786661 -0.89311486 -0.40015006
39 -0.5242332 -0.96558297 -0.62296754 -1.1920878 -0.31070498
242 0.4447033 -0.99969155 0.12673074 -0.21361887 -0.21658619
239 1.2621311 -0.22795083 0.26278284 -1.0956837 -0.40657917
77 -0.25084087 -1.1179243 0.34325826 -0.9555653 -0.4726724
31 -0.6813036 -1.180301 -0.41265732 -1.2478296 -0.10257751
61 -0.13760006 -1.0623543 -0.68756104 -0.4137072 0.16937885
128 0.30727243 -1.1299917 0.35009563 -0.815158 1.1788864
216 0.8235857 -0.8287547 0.25513774 -0.31988594 0.2239348
240 0.30861342 -0.8627262 -0.13318345 -0.44448537 -0.2997439
55 -0.52369404 -1.0277451 0.12219083 -1.5248194 -0.24608473
41 -0.19736099 -0.91133225 0.1502402 -1.2440132 -0.67971843
20 -0.3778666 -1.3592429 0.25283772 -0.76313615 -0.28353932
176 0.80430746 -0.5194538 -0.9491331 -0.4320123 -0.33727035
25 -0.042988528 -1.1537259 -0.042940337 -0.42999756 -0.5521212
237 -0.23587833 -1.5509753 -0.29379466 0.046900757 -0.2603901
79 0.16254975 -1.1776809 0.34268805 -0.3617052 -0.80303776
186 0.6739587 -1.0307124 -0.4635443 0.24604695 -0.2604795
30 -0.5300316 -1.0252053 -0.5697919 -1.0904602 -0.3847751
35 -0.29105318 -1.3909298 -0.018698443 -0.38824305 -0.31143522
71 -0.66805154 -1.1792753 -0.10326191 -1.3136908 -0.3683999
197 0.88077104 -0.45465133 0.29012087 -0.86255544 -0.49905443
46 -0.41510883 -0.985877 -0.8462801 -0.8409907 -0.74936175
182 1.0040478 -0.34157676 -0.05441725 -0.8544124 -0.10272322
101 0.1459759 -1.3930047 0.6262854 -0.4057388 0.37342888
27 -0.46270758 -0.9370878 -0.21889502 -1.3720076 -0.4664835
235 1.1416962 -0.1539842 -0.24061345 -1.0955986 -0.17254516
135 -0.15373154 -1.1931279 -0.12862203 -0.9520045 1.0788918
279 0.8474821 -0.249181 -1.7400985 -0.9779269 -0.19193928
37 -0.21066816 -1.2785491 -0.08415246 -0.40839058 -0.48740652
209 0.41862145 -1.4053292 0.53152907 -0.574372 1.2854164
157 0.9783238 -0.51058555 -0.09946393 -0.52956927 -0.43565995
213 0.091596305 -1.3838392 -0.25744954 0.14565839 -0.097556345
137 0.5202426 -1.3632303 0.56666213 -0.6473261 1.3793713
33 -0.71747226 -1.3123456 -0.38892785 -0.9579949 -0.23825699
253 1.3637366 -0.69606835 0.08341253 -0.068733506 -0.7128888
230 1.4434174 -0.9629387 -0.19120981 0.3614478 0.3516394
238 1.3226646 -0.24941175 0.34142044 -1.1819893 -0.670937
57 -0.22991657 -0.7740549 -0.06323202 -1.3615612 -0.6201424
195 1.4876775 -0.6048146 -0.16255066 -0.06922371 -0.35828218
241 -0.10121234 -1.1129322 -0.35634834 -0.41275913 -0.79578614
84 -0.04153705 -1.1347783 0.16432267 -0.5802977 -0.77923054
38 -0.21990414 -1.4797918 -0.10957179 -0.10146278 -0.53535235
284 0.899868 -0.3734472 -0.6654627 -0.664063 0.2348825
255 0.95664346 -0.61642313 -0.8278085 -0.094063506 -0.30392125
175 0.8929469 -0.8136749 0.0002474989 -0.1131232 -0.30728507
187 0.80044484 -0.844387 0.23959616 -0.2717425 0.07052052
259 1.1198238 -0.8621796 -0.4112719 0.2038754 -0.56350976
247 0.76258355 -0.5312018 -1.4264194 -0.3936081 -0.44886637
89 -0.43041974 -1.4185504 -0.08977414 -0.48065016 -0.5571399
268 0.7485965 -0.38105604 -1.0282432 -0.6702998 -0.34356818
236 0.08340112 -1.4852022 -0.17697081 0.20834313 -0.26126745
97 0.40727383 -0.71562666 -0.7206095 -0.42556667 0.26677486
251 0.85235626 -0.6672155 -0.93110865 -0.07979454 -0.05713048
29 -0.007892148 -1.1624948 -0.18654151 -0.7475459 1.119434
26 -0.09958996 -1.4220767 0.43081567 -0.36918128 -0.60428613
249 0.7704668 -0.9868389 -0.1432397 0.13691863 -0.41251796
264 1.1288217 -0.31786758 -0.4246523 -0.7073068 -0.5025721
231 1.2661575 -0.308661 0.3527681 -0.977371 -0.5528724
260 1.1647403 -0.8587371 -0.45487538 0.26147345 -0.43333292
141 0.79436696 -1.2641857 0.6550494 -0.5997493 1.3889965
184 0.9632187 -0.44681308 -1.1231052 -0.432806 -0.089896314
283 1.0583093 -0.19170123 -0.06252509 -1.1125126 -0.043583114
248 0.7267852 -0.9632566 -0.18892077 0.089339234 -0.61424893
69 -0.5568354 -1.4570937 -0.2728361 -0.52290326 -0.22403525
262 0.86898845 -0.8299731 -0.2724836 -0.03328612 0.09190112
95 0.032875076 -1.3146045 0.36453313 -0.32555166 -0.60509104
148 0.73264205 -0.7072505 0.04107265 -0.96771586 1.3371521
265 0.92135304 -0.32294562 -0.4602801 -0.77180463 -0.40091062
280 0.6472859 -0.28293654 -1.3467283 -0.9794945 -0.47018152
263 0.97924685 -0.39206293 -0.33542255 -0.6385771 -0.669763
271 0.82864857 0.0035113348 -1.0421196 -1.5408993 -0.1407937
275 0.8306648 -0.32230332 -1.8492578 -0.96627957 -0.15946257
273 0.78845763 -0.13152124 -1.2911311 -1.2158481 -0.08759949
127 0.4219635 -1.4362495 0.6283215 -0.9547719 1.5730698
93 0.3872207 -0.8503071 0.48246378 -0.7629494 0.029546095
147 1.0271785 -0.47657448 0.20363498 -1.0248846 0.98151636
129 0.14225215 -1.288652 -0.09312896 -1.0125185 1.7177731
144 0.5511666 -1.2881956 0.20897883 -0.7025672 1.6085856
224 0.32392967 -1.8074898 0.2983151 0.3797357 0.5758604
80 0.22181363 -1.0918067 -0.17234713 -0.12946333 -0.8003884
266 0.9782506 -0.1765473 -0.67556137 -0.94894713 -0.32797965
223 0.29977944 -1.7639536 0.37494373 0.31822604 0.21828958
281 0.6605762 -0.52056193 -1.5461988 -0.51548046 -0.15503243
267 1.0725601 -0.3399296 -0.73852414 -0.5725717 -0.53025126
82 -0.12434724 -1.3027177 0.051097475 -0.3450363 -0.74698055
145 1.2805852 -1.0469227 0.45633334 -0.14158493 0.9282718
282 0.6333272 -0.3769714 -1.5837128 -0.7602585 -0.25280496
81 -0.11350225 -1.4205393 0.024744919 -0.17330799 -0.7001036
244 0.5356453 -1.1142858 0.071278885 0.05568646 -0.6013461
293 0.56464654 -0.3430132 -0.9470462 -0.86457896 -0.41377
291 0.44577822 -0.40998226 -0.75057584 -0.90033203 -0.3453514
296 0.38339484 -1.195548 0.086891256 0.008988828 -0.49027655
297 0.60706794 -1.0326502 -0.15701573 0.05938036 -0.47383094
252 0.8682188 -0.5393747 -1.2237585 -0.25469184 -0.19402978
294 0.68003887 -0.4522858 -0.63647556 -0.6634505 -0.247622
292 0.46085706 -0.46934083 -0.55885977 -0.84732324 -0.409666
289 0.57351243 -0.4967553 -0.5455666 -0.639883 -0.46352115
288 0.6298462 -0.4147444 -0.68758684 -0.72498804 -0.049782977
261 1.0056319 -0.6413583 0.024647519 -0.6226726 0.91460407
287 0.61796594 -0.40928295 -0.57525784 -0.79973954 -0.4503863
286 0.67490184 -0.38558662 -0.5897439 -0.7320784 -0.3268544
295 0.26274294 -0.6102694 -0.2513205 -0.43162012 -0.08479322
290 0.39291304 -0.5262872 -0.18563768 -0.34972808 0.004416968
243 0.468928 -0.6411982 -0.17147075 -0.29949903 -0.21643129
