297 5
16 -1.2872322 -0.9680465 -0.53484523 -1.5444461 2.5664139
44 0.6868855 0.5050825 -0.822478 -4.602662 -1.0522363
29 -1.4635389 1.7639632 -2.3452563 -2.5442178 1.6816262
103 -1.7611405 -1.4025992 1.1048824 -3.642159 0.39151016
57 0.71501005 -1.49596 -1.9307178 -1.4482819 2.1417685
200 -0.6137035 -1.3376942 0.6232328 -3.1771688 -1.6055189
42 -2.2590704 -2.13075 -1.4339088 -0.8602732 3.2418194
148 -1.4206535 1.6821663 -2.2603853 -2.5965986 1.6714882
231 0.69211274 -1.6570156 -1.9133404 -1.0827994 1.8861634
208 -0.4495378 -4.2564845 -0.034385916 -1.8965951 0.21730241
250 0.68418753 -1.7445121 -1.841091 -1.1542534 1.8747308
61 0.44059917 -0.8711265 -1.4578985 -0.8688044 1.4589487
109 -1.8591834 -1.2312753 1.1397738 -3.6559846 0.2054051
41 0.5014144 -1.0469245 -1.6662613 -1.3699492 1.9344758
181 1.7233626 -1.3054599 -3.798842 -2.1466198 -2.4284935
92 -1.6601039 -1.2393184 -0.63707453 -1.8880106 3.0656016
37 -0.1753729 -0.74849874 -1.1638362 -0.20673138 1.1034845
179 1.3672717 -0.6639545 -0.60850835 -5.523905 -0.16601972
156 1.7606719 -1.238 -3.5540771 -2.0404296 -2.1584404
18 -1.793218 0.8365712 -3.0752695 -1.2866955 -3.3179803
10 -0.24928395 0.5264686 -0.09148644 -3.6911445 -0.18808767
4 -1.266633 -3.689343 -0.68837523 -0.8020457 -2.527695
105 2.4394855 -1.5244508 -3.2322934 -3.0713875 -1.6934327
113 2.3924012 -1.69411 -3.2571206 -2.853758 -1.836817
199 -1.7493045 -0.5474876 0.9357017 -3.6262543 -0.6874837
180 -3.3548143 -2.737397 -0.90984565 -0.9755789 2.8388796
36 0.56704897 0.63786143 -0.791055 -4.557053 -1.0788145
68 -1.652037 -0.5213966 0.9167454 -3.5386348 -0.8652737
26 -1.8230631 1.5464911 -1.6021701 -2.5582504 1.6417456
188 -0.3220239 -3.9241524 0.0074776085 -1.8242184 0.37023258
32 -1.5959811 -2.150172 0.89427626 -2.7280195 0.7022858
221 -3.0716152 -1.0194954 -3.456003 0.7031166 -0.33875942
23 -0.12661363 -0.05700037 -0.18621442 -1.7623702 0.8695145
268 -3.021673 2.1815157 -2.1021433 -2.3378918 0.60472107
70 -4.379352 -0.42457637 -0.06984254 -1.7646898 -1.5091579
161 1.4984314 -0.75785077 -0.6763482 -5.5014906 -0.29996282
59 -1.4293495 -2.5165074 0.76696914 -2.4038756 0.931725
154 -4.7086782 -0.932182 -0.4401273 -1.1917944 -1.6633143
56 1.5255935 -0.43923473 -3.7045035 -2.1941187 1.7990947
67 2.1598537 -0.30285886 -4.5003357 -3.0026646 -1.6792114
31 2.2390683 -0.22851627 -4.3827534 -3.2020833 -1.6361423
76 -2.0778105 -1.937376 -1.4363874 -0.8502121 3.165703
51 0.6377055 0.28018218 -0.5048874 -4.193399 -0.93497705
62 -1.1413465 -0.5879087 -1.3797104 0.1315472 0.85910726
96 0.076176666 0.3615056 -0.16412334 -4.18194 -0.1801482
217 -4.421325 -0.34502104 -0.059377063 -1.9618994 -1.6606901
53 -0.27325466 0.38808942 -0.0057834266 -4.2897434 -0.30657035
223 -1.1572423 -0.4201945 -4.0521264 0.18336208 1.9795854
163 -3.0764225 -2.8315306 -0.88432217 -0.8328522 2.7196455
75 -0.86180097 -1.1692272 0.6237133 -3.36415 -1.7396421
38 -1.7146955 1.3778074 -1.4726944 -2.2919734 1.5851829
8 -1.1075213 0.11921738 0.5470265 -3.4139075 -0.5052792
19 0.013379398 0.4710813 -0.2518775 -2.7974768 0.071560316
266 -3.0455854 2.1374717 -2.1354027 -2.133171 0.6230225
243 -0.12764314 -0.5981517 -5.445417 0.09916836 0.21069834
100 -2.0836878 1.0915639 -3.820711 -0.92203325 -2.6020389
97 -0.6641368 0.19595936 -1.4412029 -1.8408056 2.5027573
237 1.6010845 -0.37753114 -3.6889513 -2.5122876 1.9878799
224 -1.2287152 -0.518099 -4.0201163 0.12799598 2.20896
244 -0.08867349 -0.35868213 -5.270804 0.014522258 0.18388015
203 -0.65336883 -1.365487 0.64919335 -3.2109892 -1.5115844
83 -3.113455 -1.0132061 -2.9129794 0.54199636 -0.28740638
52 -1.6084845 0.47126585 -3.0407736 -1.1598034 -3.4415126
183 -4.342094 -0.97101897 -0.4713847 -1.1025686 -1.5947663
182 -2.5896666 -0.031122727 -3.330548 -0.77382237 -3.681576
264 -2.7274835 1.9686521 -2.1111078 -1.9103507 0.6836305
139 -3.503091 -0.6155363 0.008394261 -1.8528129 -2.4166973
296 -0.094483726 -0.43828145 -5.2471547 0.06979356 0.15925832
46 0.63306904 -1.1258403 -1.7457993 -1.2843828 1.9211873
265 -2.4356036 1.7322029 -4.4911156 -0.7618947 0.79273796
297 0.060631983 -0.52032167 -5.0837026 0.029441938 0.2515481
30 -1.6350223 0.5188905 -2.7602267 -1.1778685 -3.2995136
257 -2.8590012 -1.1682055 -3.2575302 0.6950059 -0.45304582
267 -2.3383036 1.7196503 -4.3607645 -0.8425881 0.97102624
33 1.7343343 0.05656111 -3.85286 -3.1875648 -2.0704827
47 0.82985044 0.31680635 -0.7785037 -4.1658897 -0.7010888
63 -4.0364213 -0.6025478 -0.1578618 -1.6467342 -2.030281
259 -0.7583316 1.1380246 -1.9402587 -2.9247403 2.36695
20 1.7626332 0.07787025 -3.937744 -3.2389345 -2.1285548
55 1.5313373 -0.4482033 -3.601686 -2.2002733 1.8303773
28 -1.5630529 -0.6174288 0.86732805 -3.0599282 -0.28554076
5 -1.1964935 -3.7332923 -0.69508183 -0.80655146 -2.3050907
186 -4.050018 -0.996348 -0.22769544 -1.2968016 -1.7191709
102 -0.36185858 0.4582438 0.05397218 -4.0143123 -0.36997795
210 -2.1409185 -2.0213594 -1.6367844 -0.72037655 3.2946134
185 -2.009439 1.2941391 -3.6666968 -1.1699604 -2.6501765
165 -2.597879 -0.048253022 -3.4154425 -0.78580725 -3.8158934
25 0.27629414 -0.49584782 -1.498816 -1.4057357 1.9537506
58 -3.178448 -0.5180139 -3.6377122 0.57661057 -0.5550422
3 -1.3336089 -3.7380152 -0.5906097 -0.95585865 -2.5251017
90 -4.3994007 -0.9346119 -0.2866672 -1.1530708 -1.615921
249 -2.8138535 1.0654476 -2.0330124 -0.80969936 1.3407553
104 -1.6238906 -1.5133986 1.0119622 -3.0933442 0.33093625
69 -3.2501411 -0.5339156 -3.6081793 0.5443441 -0.55868983
24 -1.3220873 -1.5922258 0.97496635 -3.4877484 -1.1315217
48 -1.2904127 -1.6243112 0.98661464 -3.704354 -1.4826908
84 -3.1093109 -1.0605861 -3.217942 0.65592664 -0.24989948
72 -1.4527415 -1.177342 0.90813535 -3.114893 0.25653034
133 -0.57471395 -4.0356975 0.012229243 -1.644137 0.072503634
138 -1.0552694 -3.7161715 -0.5702992 -0.749749 -2.0510242
233 -4.5617127 -0.9790121 -0.24458835 -1.3590237 -1.3773737
193 -4.57691 -1.1775011 -0.22540219 -1.2679169 -1.7415197
14 -1.3925722 -4.036447 -0.25353763 -0.79175717 -0.98726046
126 -1.8140957 -4.768789 -0.8050179 -1.1048175 -2.7869916
252 -0.9448306 -0.3659109 -4.6476846 0.27011958 1.4868671
288 -0.103471264 -3.6603801 -3.4299695 0.48383674 0.0029017616
50 -2.3789594 -2.0713012 -1.3482918 -0.8411996 3.192485
294 -0.19147626 -3.6664796 -3.4925928 0.49009943 0.017421886
205 -0.5019939 -4.1186147 -0.10124905 -1.5785699 0.20868829
263 -2.357655 1.6126053 -4.321057 -0.660994 0.7680657
173 -2.0805135 -4.5195184 -0.7992028 -0.7231136 -2.536775
91 -1.3604039 -3.1222954 0.41763046 -1.5258037 0.14616232
35 -4.5550137 -0.77328974 -0.39011502 -1.11144 -1.2916659
65 -4.326204 -0.989571 -0.20841339 -1.1100757 -1.3122556
212 -2.8042514 -0.9215038 -2.936827 0.5960453 -0.19488351
255 -0.7621927 0.54782575 -1.3884457 -2.17889 2.3039985
111 -2.398113 0.77520305 -3.453267 -0.54319465 -2.645756
248 -2.9011097 1.0522978 -2.0961077 -0.8290791 1.4012564
12 1.5667924 -0.3664173 -3.494827 -2.4016607 -1.820653
131 -0.69192976 -4.074729 -0.05346218 -1.328881 -0.31938273
49 -1.032176 -3.4886422 0.55604136 -2.624301 1.2557949
15 -1.5421412 -3.0067325 0.55260473 -1.6999441 0.47153106
194 -1.4727877 -0.7069991 0.87662315 -3.0242696 -0.36806834
39 -1.4107251 -0.7069401 -1.4989332 0.22367913 0.653855
99 -0.6939811 -3.6636906 -0.34981316 -0.90292037 -0.97890747
129 -2.6847181 0.57070273 -3.7717626 -0.4264599 2.482341
127 -2.3620305 0.49279442 -3.5187676 -0.4202171 2.4961538
121 -2.4575157 0.7750115 -3.4108784 -0.72199816 -2.8209789
108 -1.4430995 0.52855545 -3.4391966 -0.73382145 -2.5527115
116 -1.4196547 -2.1237366 -1.5370619 -0.6367351 3.077841
43 -1.4971365 -2.9056053 0.5615324 -1.6561022 0.34362227
287 -0.15076694 -3.653106 -3.443531 0.43872097 -0.046693332
291 -0.1727158 -3.2616785 -3.326539 0.51781046 0.07972645
167 -2.524568 -2.2294922 -0.863952 -0.759183 2.612578
282 -1.0297633 -0.16590048 -4.326181 0.14957033 1.2390968
151 -1.5542675 -1.214958 -0.6088242 -1.5820175 2.827817
285 0.50928974 0.86219776 -0.9681765 -4.5527706 -1.0170192
262 -0.8758664 1.1505605 -1.9602268 -2.8208141 2.4071329
293 -0.21825212 -3.5500467 -3.43891 0.5464296 -0.10327001
196 -0.56992275 -3.6170166 -0.00053892634 -1.462692 0.077910006
115 -1.0781035 -3.2007985 -0.14418033 -0.67145085 -1.3688592
1 1.3737628 -0.17908175 -3.2292652 -2.1925263 -1.6588123
136 -1.5571822 -1.8091354 -1.7023518 -0.47709104 2.9785697
290 -0.0765132 -3.6355095 -3.4585652 0.41603273 -0.04467498
238 0.38587984 -0.85491776 -1.6068794 -1.556854 2.1648064
190 -0.41479474 -0.98573786 0.48504728 -3.0488322 -1.295862
227 -0.53143126 -2.8747091 0.42925602 -2.3206675 0.8324481
275 -1.0441322 1.0611019 -3.025322 -0.60527503 0.6049899
87 -1.3484621 -4.3303237 -0.60174286 -0.9683331 -2.3591192
189 1.9300983 -2.84491 -2.6879234 -2.040516 1.3298038
152 1.3082376 -0.59692186 -0.5766756 -4.9174404 -0.07027635
125 -3.75187 -0.5610526 -0.053328764 -2.0880864 -2.5815756
172 1.8067538 -0.9253585 -3.187795 -2.1650302 -1.5552018
213 0.6466982 -0.37180793 -3.1699402 -1.7594193 2.4797647
13 -1.5143319 -3.6335886 -0.7293256 -0.72728634 -2.529386
119 -1.1712164 -3.5024242 -0.4757384 -0.928911 -2.2933843
176 1.9432149 -2.8991663 -2.5753016 -2.1303394 1.2505034
280 -1.2306339 1.2162036 -3.2277071 -0.67246914 0.63827306
214 -0.9880961 -2.3436303 0.7651367 -3.0602436 1.0540464
85 -0.8819963 -4.1465664 -0.6491721 -1.1941485 -2.41162
216 -3.7853434 -0.5159042 -0.09442134 -1.5623022 -1.8503283
292 -0.17458676 -3.7761471 -3.6233265 0.4672541 0.054252304
7 -1.5069292 -4.098617 -0.3005339 -0.63185555 -0.997164
166 -2.2411811 0.027189504 -3.1189017 -0.85081005 -3.4083517
220 -0.9107036 -1.2925274 0.6901532 -3.312652 -1.5577868
66 -3.9817107 -0.26121795 -0.13975982 -1.6227201 -1.4628115
27 0.35540122 -0.60156655 -1.5121354 -1.5213355 2.1177816
289 -0.19446951 -3.470921 -3.3886356 0.4763476 0.042704336
286 -0.15696844 -3.6113472 -3.381792 0.4928918 0.045298595
235 -1.5784725 0.52481216 -2.6501698 -0.8784901 -2.8344836
195 -2.6447732 -1.0206633 -2.9927428 0.63045216 -0.33706385
141 -1.3204514 1.491257 -1.8891312 -2.1016407 1.439411
281 -0.9648373 0.26721615 -3.5548644 -0.06644248 1.1022918
284 0.9972926 -1.5604906 -1.9395486 -1.2819141 1.52437
164 1.2498217 -0.65025395 -0.48316196 -4.7582264 -0.18396123
241 -0.894906 1.1766374 -1.8818281 -2.6329482 2.1561916
242 -2.5177512 -0.9791476 -2.6899734 0.58408064 -0.14783591
88 -0.9827956 -2.1539207 0.6839168 -2.5674086 0.6722626
114 0.18041398 0.1954658 -0.23551223 -2.4711635 0.4193267
77 0.8490579 -0.6037635 -3.087957 -1.5468086 2.1801863
40 -1.5069207 0.31921354 -3.3010547 -0.72744507 -2.612061
120 -0.80558896 -3.8559086 -0.4619177 -0.7667923 -0.90382683
168 -2.4084644 -2.099015 -0.89062965 -0.8038946 2.74844
219 -1.4137994 -1.9327834 0.9203216 -3.411123 0.92464703
295 -0.11753667 -3.4758568 -3.4516363 0.47158703 -0.04709932
215 -2.019554 -1.607983 -1.3467028 -0.9214586 3.1242228
211 2.0166047 -1.1840222 -3.2112796 -2.4359646 -1.6586255
6 -1.5988525 -1.1978556 -0.7278999 -1.1975856 2.6437535
236 -1.5882434 1.1277301 -1.5007097 -1.2782916 1.1857035
79 -0.14974171 0.36775428 -1.4006245 -1.4692925 1.659432
197 -0.30107 0.22016108 -1.5512371 -1.7386407 2.2780182
246 -1.066965 -3.194333 0.69838417 -2.8095706 1.1566083
2 -1.0424912 -3.6548352 -0.15790443 -0.7553422 -0.6078294
253 -1.5512412 1.3729165 -1.4797513 -2.384558 1.6842371
150 -0.18467428 0.74505067 -0.3171339 -3.823082 -0.23237215
80 -1.7531798 1.265997 -1.660533 -1.0991514 0.9346781
206 -1.4960399 -0.63921946 0.8559005 -3.5228715 -0.744087
201 0.4552744 0.80261874 -0.87799114 -3.8517756 -0.615299
256 -2.7356539 -0.922305 -2.754723 0.58285517 -0.11143309
78 0.93668425 0.003584242 -0.6041966 -3.924032 -0.6100627
54 1.4527087 -0.48583037 -2.894628 -1.9863956 -1.6003793
155 -2.236291 0.13619651 -3.0938866 -0.75921404 -3.3127718
21 -1.188643 -0.10424057 0.6577857 -3.214233 -0.6954693
198 1.2784373 -0.3956156 -0.6097066 -4.2763786 -0.262871
17 -1.5029733 -0.6365206 0.92185014 -3.210941 -0.66277236
153 1.5093956 -0.99025124 -3.1163168 -1.8278614 -1.8404012
230 -1.0687138 1.3154722 -1.7904173 -2.3103974 1.7199016
11 -1.4636862 -1.1267763 -0.5404586 -1.7019494 2.740967
239 1.9846152 -0.87329626 -3.1027887 -2.49232 -1.5069636
137 1.8457441 -1.3049278 -3.5703864 -1.9142277 1.6626724
112 -0.53518647 -2.645911 0.49999335 -2.3520246 0.7639574
74 -0.5243844 -0.43676716 0.35608262 -2.968489 -1.444572
134 0.34937575 0.7105529 -0.74403733 -3.6283145 -0.771348
34 -0.99207705 -0.8952803 -0.53552413 -1.1782683 2.1260364
142 -1.3083104 0.22195351 -3.2256029 -0.4738012 -2.4599607
132 -3.4978354 -0.47481942 -0.073848546 -1.4791422 -1.7706357
207 -1.6108992 -1.2170343 -0.7840518 -1.6402301 2.9951956
245 -1.5076412 0.6278185 -2.7666028 -0.8945666 -2.746957
94 -1.0488123 -1.745466 0.86479217 -2.632303 0.48413864
251 -1.6808186 1.48496 -1.921708 -1.2506129 0.8844361
160 1.5205715 -1.0370592 -3.092782 -1.7486799 -1.9010605
260 0.7196579 -0.27579522 -2.6294782 -1.6313233 2.0232153
157 -2.4694977 0.10274488 -3.2506378 -0.70649505 -3.296239
93 -1.9410475 1.2503294 -1.7644253 -1.3074627 1.2198254
162 -2.6556768 -1.8649215 -0.7183058 -1.3194975 3.1282566
232 -0.67696375 -0.7307592 -0.44068587 -1.0155245 1.6525321
135 2.0369065 -1.5651504 -3.4609663 -2.096772 1.5589125
177 1.6394606 -0.8410042 -3.1018584 -1.9238734 -1.6410457
143 -0.33260527 -3.3688176 -0.18971509 -0.98099643 -0.60212606
118 -0.9173422 -3.487267 -0.4711709 -0.78844434 -1.6849834
158 -2.836664 -1.7546265 -0.6500166 -1.4076337 3.1072564
9 -1.2283187 -0.35659295 0.7020673 -3.0565877 -0.44975054
124 -1.3986394 -1.3469177 0.8547196 -2.8821738 0.44109213
128 -2.495784 -0.84852296 -2.787089 0.56274474 -0.56398153
258 -1.7648617 0.954929 -3.0551364 -0.8532569 -2.3721845
106 0.15038586 0.5334109 -0.3930583 -2.836295 0.015643656
71 -2.4791024 -0.7922645 -2.8288026 0.5342692 -0.27204907
101 -2.402488 -0.75425756 -2.7811937 0.4868706 -0.5530595
22 -1.2116175 -1.6669024 0.7661874 -2.3218503 0.5579821
283 -0.5313738 0.4983899 -1.263207 -1.714069 1.9190958
130 -3.181051 -0.67049694 0.035477437 -1.2753392 -1.5654833
117 -1.6712631 -1.1355127 -0.77766323 -1.1352319 2.7711372
144 -1.4963387 1.0475072 -1.6142781 -1.1012298 1.1647224
254 1.6702361 -0.8885174 -2.7400663 -1.94935 -1.501385
261 -0.11590491 -1.1209784 -3.48251 0.3990543 0.44357184
204 -0.94163084 -0.68514866 0.60459334 -2.610714 -0.9371687
174 -3.124728 -0.55635035 -0.09581921 -1.0714412 -1.364685
60 -0.964754 -3.7117004 -0.21122786 -0.69840914 -0.67528266
64 -1.1030725 -2.3359034 0.5210305 -1.8079051 0.60697776
73 0.23179366 0.18770254 -0.12480579 -3.2873902 -0.2736752
81 -0.39037007 -0.58739644 -3.1927683 0.290882 0.9110517
175 -0.83606535 0.64065355 -1.2791007 -2.0161881 2.0594063
222 -1.2305782 -0.5897836 -1.47949 0.28500038 0.396958
247 1.021043 -1.5177498 -2.021969 -1.079636 1.3688935
145 -0.6308009 -0.7904089 -2.9295292 0.40542105 0.9268001
271 -1.015575 0.9155163 -2.4911878 -0.47779292 0.65700626
86 -1.7163298 -1.8079833 -1.0801493 -0.65846884 2.661069
171 -3.2161443 -0.388762 -0.14884771 -1.0880942 -1.4478587
82 -0.956476 0.3541739 -2.2134216 0.014701676 0.66207004
229 1.5308145 -0.38917494 -2.7267656 -2.1110375 -1.5015703
269 -1.1268934 -0.59623593 -1.3693559 0.22622676 0.5199177
226 -1.664443 -1.1870203 -0.6480098 -1.1255538 2.4839852
225 0.18606344 0.5944627 -0.5314229 -3.3460827 -0.49738315
147 -1.5883442 1.1553197 -1.5413212 -1.1659762 0.95247686
178 -1.0599673 -1.8424933 0.6994763 -2.2127244 0.4804396
277 1.0258567 -0.104567215 -0.7538796 -3.4125416 -0.42155683
149 -0.89373213 0.11599207 0.45268705 -2.9540806 -0.52183604
202 -1.0268626 -0.70970136 0.692526 -2.6530602 -0.8708827
110 -0.43770275 0.5369659 0.018638505 -3.1380992 -0.37209585
140 1.426409 -0.42098647 -2.6330729 -1.7933558 -1.2339637
95 -1.3095999 0.8654329 -2.09609 -0.48184228 0.85484195
191 -0.66941684 -2.6212993 -0.14388335 -0.61723655 -0.7364244
89 -1.0135113 0.85373235 -1.1097779 -1.4613395 1.4028395
276 -1.7029696 -1.7166759 -1.1233418 -0.58435667 2.5580244
170 1.071852 -0.6108053 -0.5232827 -3.7152038 -0.2782293
169 0.1635206 0.65312135 -0.5875874 -3.1812053 -0.5429194
209 0.87197936 -0.1465492 -2.3401756 -1.4701107 1.3801817
218 -1.6637889 -0.7952788 -1.8303587 0.43462703 0.21549292
122 0.17464079 0.68664837 -0.44603485 -3.0332935 -0.17147787
192 -0.36985373 -3.1582234 -0.13528346 -0.80907017 -0.4128508
98 0.59736055 0.41464326 -0.682713 -3.1082416 -0.4484993
234 -0.6509029 -0.3079815 0.4530864 -2.8912132 -1.0826854
273 -1.9732105 1.355665 -1.865322 -1.0702175 0.7521039
240 0.8572955 -0.7775398 -2.2728813 -1.2673882 1.6083989
184 -1.6818295 1.2311802 -1.64425 -1.0281664 0.7274812
274 -1.3548932 0.29112318 -2.1408617 -0.72957295 -2.453877
107 -1.340986 -0.93533546 -0.61430365 -1.0281256 2.2849452
272 1.5006632 -0.86853236 -2.225873 -1.7057157 -1.3347404
159 -1.8737906 -0.6745506 -1.7911199 0.35378164 0.21334296
279 0.79026234 -1.2671103 -1.4937747 -0.84625643 1.0670143
228 1.1647136 -0.53979576 -2.111534 -1.4690732 -1.3729041
270 -3.0187743 -0.5132148 -0.12920064 -0.9941195 -1.3338406
123 0.4704116 -0.092984796 -0.2945484 -2.5781012 0.21320617
187 0.13427503 -0.089086786 -1.3407973 -1.1571385 1.5838739
146 -0.8905698 -0.8413426 0.63782483 -2.0725863 0.08178481
45 -0.82030416 -2.201555 -0.2413247 -0.28947487 -0.6762862
278 -2.0852618 -0.30130792 -0.024222309 -0.77213055 -0.908898
