1766 5
69 -0.659570 -1.840100 -1.481715 0.866157 -0.380223 
1 0.291385 -1.872820 -1.624497 0.846573 -0.476657 
190 -2.181955 -1.777789 -1.715029 0.927698 -0.901353 
214 -0.395102 -0.829653 -1.772222 0.289568 -0.410153 
250 -0.295911 -1.264772 -1.633608 0.286934 0.134519 
255 -1.077414 -0.892115 -1.173378 0.286041 -0.557571 
302 -1.107510 -1.021343 -1.201845 0.428279 -0.641468 
307 0.227887 -0.208903 -1.142371 -0.382956 -0.953208 
317 -1.985114 -1.801547 -1.611756 0.889655 -0.737417 
326 -1.914616 -1.445007 -1.448047 0.648284 -0.722146 
358 -0.144126 -0.820679 -1.112078 0.134202 -0.306025 
359 -1.869062 -1.897141 -1.914073 0.954154 -0.633641 
379 -1.279042 -1.105701 -1.434114 0.468022 -0.652814 
383 -1.433277 -1.690519 -1.364710 0.720474 -0.430024 
401 -1.238950 -1.787893 -1.149694 0.893413 -0.915204 
412 -1.261462 -1.643315 -1.548775 0.797370 -0.570427 
468 -0.792292 -1.080872 -1.240021 0.414575 -0.447783 
475 -1.260728 -1.397071 -1.428855 0.593546 -0.472626 
487 -1.086555 -1.484075 -0.581633 0.365701 -0.091868 
490 -0.035134 -1.281258 -0.804854 -0.615750 0.769796 
519 -0.295496 -0.507269 -2.303919 0.077981 -0.431144 
541 -0.989412 -1.218234 -1.424792 0.580309 -0.646838 
559 -2.281275 -2.027166 -1.486809 0.943796 -0.656100 
573 -1.040959 -1.514707 -1.323329 0.719391 -0.538110 
577 0.740857 -0.557259 -1.341666 -0.344762 -0.586231 
580 0.881286 -0.587048 -1.628890 -0.262508 -0.859465 
621 -1.800944 -1.371394 -1.353114 0.608587 -0.694915 
637 -2.676929 -2.023238 -1.553241 1.000510 -0.835026 
661 -1.992029 -1.626958 -0.942875 0.742132 -0.999700 
667 -1.464423 -2.087750 -2.064348 1.134900 -0.671035 
687 -0.381368 -2.155244 -1.089061 0.542869 0.428151 
690 -1.296837 -3.049326 -0.970146 0.396825 0.991758 
694 -1.166881 -1.788990 -1.417662 0.885038 -0.750191 
697 -2.781141 -2.505186 -2.045550 1.261749 -0.742595 
704 -3.095820 -2.147571 -1.898730 1.057716 -1.044434 
705 -2.686497 -2.696559 -2.168897 1.417582 -0.919704 
720 0.374023 -1.718422 -2.920024 0.720424 -0.264010 
721 0.318608 -1.588760 -2.675918 0.739749 -0.463736 
723 0.375709 -1.902182 -2.111403 0.756156 -0.141720 
725 -0.337096 -0.819686 -1.688755 0.328950 -0.530211 
781 -1.435221 -1.806061 -0.899320 0.789726 -0.724267 
783 -2.987925 -1.944498 -1.489924 0.918038 -1.027505 
789 -2.182404 -1.972997 -0.934321 0.853741 -0.711905 
791 -1.549091 -1.407814 -1.581861 0.685485 -0.740145 
801 -2.480470 -2.138905 -1.030324 0.991216 -0.894813 
808 0.157262 -0.092472 -1.448250 -0.389406 -1.357081 
834 -2.131979 -2.396052 -1.344732 1.142043 -0.607306 
847 -1.967079 -0.979019 -1.400034 0.350256 -0.826329 
855 -1.087731 -0.689792 -1.194444 0.126383 -0.476111 
868 -1.728123 -1.713503 -1.906333 0.830839 -0.508898 
889 -1.910316 -2.058968 -1.743092 1.056102 -0.811566 
897 -2.123240 -1.882914 -0.646379 0.695090 -0.581923 
904 -1.610952 -1.780861 -2.074470 0.894507 -0.494612 
936 -1.272123 -2.065208 -1.247251 0.969704 -0.628348 
977 -1.488150 -1.372967 -1.411672 0.588560 -0.527673 
985 -1.843383 -1.592134 -0.996636 0.675895 -0.643173 
1004 1.463072 -2.282679 -1.037091 -1.564670 0.716914 
1025 -1.768758 -1.869820 -1.456960 0.857035 -0.438238 
1039 -2.978095 -2.138051 -0.738320 0.883024 -1.204731 
1118 -2.790075 -1.633418 -1.274935 0.708388 -0.920065 
1495 -2.619495 -1.945701 -1.257183 0.877293 -0.837272 
1667 -2.098703 -1.832459 -1.630026 0.940452 -1.074047 
1676 -2.271932 -2.172744 -1.666278 1.035856 -0.567901 
1711 -3.205797 -1.935851 -0.706573 0.797887 -1.205208 
1714 -3.160771 -1.967572 -0.511263 0.778030 -1.160285 
1719 -4.146775 -1.955630 -1.182588 0.786189 -1.490974 
1722 -3.986605 -1.823260 -1.146393 0.709414 -1.253142 
2 0.000724 -0.067461 -0.092371 0.037799 -0.118882 
762 -0.813657 -0.260130 -1.436597 -1.428320 0.288063 
240 0.317916 -0.322149 -1.043151 -0.267574 -0.909679 
3 -0.074223 -0.218631 -0.135687 -0.160225 -0.090659 
763 -1.630542 0.032604 -1.933318 -1.369729 0.054154 
4 -0.087296 -0.169092 -0.132754 -0.191118 -0.175894 
764 -0.184626 -0.738653 -2.281783 -3.400393 1.300342 
5 -0.295363 -0.510895 -0.207779 -0.484201 -0.094034 
1367 1.770221 -1.035050 -1.681193 -1.153506 -1.659984 
6 -0.213094 -0.407719 -0.228334 -0.351983 0.057470 
7 -0.222416 -0.370044 -0.259327 -0.336027 -0.089584 
767 0.953245 -0.322459 -2.166055 -0.643673 -1.644274 
8 -1.413096 -0.486732 0.166864 -1.681954 -2.296275 
768 -0.856781 -1.146591 -3.396933 -1.229357 1.134004 
9 -0.098316 -0.433254 -0.060740 -0.925294 -0.410053 
647 0.634202 -0.514115 -1.546501 -0.111203 -1.543694 
1371 -0.380182 -0.158648 -0.622007 -0.715251 -1.786761 
10 -0.133751 -0.352405 -0.066902 -0.151207 -0.047470 
1372 0.874864 -1.732291 -0.194461 -3.045945 0.064001 
11 -0.462539 -0.656466 -0.401206 -0.358087 0.044307 
420 0.596887 -1.608077 -1.822145 -0.442690 0.629323 
12 -0.045979 -0.425067 -0.505378 -0.448347 -0.402332 
878 -1.218833 -1.045718 -1.452914 -1.363987 0.871101 
13 -0.616043 -0.076112 -0.629738 -1.037121 -0.401791 
672 -1.152752 -0.671561 -1.781421 -1.964158 0.894919 
1373 -0.971299 -1.079111 -0.927115 -2.348650 1.092711 
189 -0.281882 -0.372592 -1.945403 -0.648395 0.109083 
14 -0.930869 0.141023 -1.479128 -0.701240 -0.471216 
718 -0.794028 -0.066093 -2.089679 -0.648237 -0.352519 
1608 -2.553168 1.054926 -6.606958 -1.552322 -1.620738 
1637 -2.370983 -0.029365 -3.489991 -0.631862 -0.412065 
15 0.252812 -0.284241 -0.995285 -0.718695 -0.538973 
16 -0.053162 -0.396693 -0.522271 -0.500925 -0.132010 
588 -0.831949 -0.799302 -1.577025 -0.949161 0.635301 
766 -1.081268 -1.480371 -1.341865 -0.335646 0.766510 
17 0.324395 -0.485549 -0.928629 -0.313857 -0.569650 
586 0.901935 -1.787678 -1.750276 -1.051919 0.964656 
18 -0.545762 -0.368207 -0.534179 -0.807658 -0.248692 
19 -0.165763 -0.583366 -0.608738 -0.539439 0.057310 
741 -0.009381 -0.834272 -2.103354 -1.903435 1.010860 
469 -0.437543 -0.855586 -3.300562 -0.276122 0.372020 
20 -0.612146 -0.897496 -1.056760 -0.081405 0.275776 
547 -1.826637 -1.904348 -0.595566 -1.590967 0.980941 
722 0.309937 -1.926247 -1.563400 0.715204 -0.130190 
557 0.371116 -0.202791 -2.101526 -0.818684 -0.458219 
21 -0.172384 -0.627778 -0.310895 -0.568396 0.006257 
22 0.400317 -0.737048 -0.766705 -0.791873 0.170552 
981 -1.113277 -2.090008 -0.200541 -1.470098 1.004870 
23 -0.277034 -0.440408 -0.411194 -0.461173 -0.080752 
853 0.352912 -0.730632 -1.666441 -0.901100 0.394535 
1400 -1.457441 -0.980244 0.154504 -1.083766 0.122633 
26 -0.785942 -0.827394 -0.635303 -0.396250 0.341082 
24 -0.284395 -0.582174 -0.600461 -0.589352 0.089513 
616 -0.912947 -1.793103 -1.684991 0.179936 0.624666 
109 -0.472264 -0.772237 -1.229558 -0.180001 0.259182 
25 -0.502557 -0.680400 -0.626126 -0.275513 -0.101761 
27 -0.619095 -0.546321 -0.696977 -0.421174 0.126616 
268 0.007332 -0.346152 -1.178734 -0.314243 -0.416726 
461 -1.307303 -1.424048 -1.206738 0.620944 -0.517619 
821 -0.238352 -0.269812 -2.091446 -0.004335 -1.217588 
886 -2.784899 -1.021343 -2.160306 0.024079 -0.425102 
28 -0.677296 -0.940882 -0.480912 0.044558 -0.232517 
481 -1.200955 -1.779848 -1.670501 0.092218 0.695015 
885 -0.770795 -0.857052 -1.416995 0.348986 -0.744176 
303 -0.323278 -1.108489 -2.430329 -0.391375 0.656714 
29 -0.548771 -0.737249 -0.486558 -0.546545 0.164912 
934 -0.660661 -1.020551 -2.968939 0.002432 0.339587 
30 -0.411201 -0.728061 -0.645895 -0.382015 0.140659 
257 -0.878122 -1.186624 -0.752547 -0.314843 0.403951 
31 0.260827 -0.794781 -1.098063 0.033165 -0.643816 
134 -0.082129 -0.595606 -1.188885 -0.067728 -0.105005 
103 0.147293 -0.835919 -0.675652 -0.564297 0.157427 
32 -0.237254 -0.637084 -0.298440 -0.457433 0.053129 
180 -0.393436 -0.711089 -0.401376 -1.087900 0.260642 
33 0.102417 -1.062035 -0.668026 -0.868240 0.586801 
62 0.003271 -1.202055 -1.108240 -0.034826 0.387566 
34 -0.518686 -1.068866 -0.388867 -0.245427 0.245471 
35 -0.603241 -0.604054 -0.633262 -0.452183 0.323353 
574 -1.082157 -1.332865 -1.826065 0.611248 -0.411978 
37 0.358152 -0.915277 -1.137853 -1.469120 0.579965 
36 -0.194279 -0.428832 -0.426228 -0.430505 -0.015961 
892 -0.769484 -1.239498 -3.275971 -0.277675 0.684250 
903 -0.454863 -0.432129 -2.469178 -1.214378 0.591990 
200 -0.189502 -0.195881 -1.546670 -1.313590 0.197944 
357 0.373037 -1.378713 -1.757776 0.193415 0.159609 
1401 -0.542275 -1.589327 -1.920504 -2.699961 1.774342 
38 -0.023353 -0.570187 -0.826198 -0.866927 0.378613 
504 0.070703 -0.387569 -1.023894 -1.009272 0.071969 
777 0.079442 -1.755671 -3.086365 -1.644105 1.650253 
1402 -0.684575 0.302747 -1.501771 -1.071762 -1.297076 
39 -0.841604 -0.613599 -0.520798 -0.808092 0.187056 
279 -0.312266 0.059185 -1.147616 -0.931105 -1.195641 
786 -0.150215 -0.490174 -1.276828 -1.554421 0.440656 
280 0.327540 -0.252336 -1.684400 -0.679619 -0.715682 
40 -1.003656 -0.484125 -0.651575 -0.740938 0.146336 
787 -0.942642 -0.245637 -1.602405 -1.785417 0.711248 
281 -0.005623 -0.512746 -1.286489 0.043754 -1.364104 
41 -0.117648 -0.587452 0.224675 -1.680960 -0.181233 
788 -1.662441 -1.479488 -1.483818 0.708717 -0.839481 
282 0.115171 -0.067147 -1.608686 -0.479156 -1.590211 
42 -0.759053 -0.780636 -0.627429 0.005938 -0.350618 
283 -0.056438 -0.204468 -1.302728 -0.500605 -0.780448 
43 -1.491448 0.354780 -1.641090 -1.883397 -0.270354 
790 -1.258343 -0.071460 -2.573262 -1.743715 0.461750 
284 0.749018 -1.019421 -1.599226 0.357806 -1.957834 
44 -0.655255 -0.724737 -0.574177 -0.086218 -0.267294 
278 -0.233010 -0.188639 -1.294253 -0.494695 -1.998872 
45 -0.957305 -0.120204 -0.807877 -1.133182 -0.143054 
46 -2.415255 0.087091 -1.638955 -1.577735 -0.294182 
505 -0.460303 -0.221306 -0.811375 -0.882566 -0.098873 
1410 -2.095414 -0.279527 -0.380638 -1.612521 -2.671896 
47 -0.688929 -0.667238 -0.724968 -0.918557 0.410094 
48 -0.262045 -0.170815 -0.464868 -1.079127 -0.562454 
1412 -2.483217 -0.495127 -1.672558 -0.199762 -3.889730 
49 -0.951179 -0.634731 -0.719546 -0.517172 0.306863 
1413 -2.422831 -0.257709 -0.547052 -1.636086 -2.180069 
50 -0.534573 -0.477561 -0.172319 -0.816033 -0.064426 
1414 -2.368517 -0.106817 -0.629845 -4.253340 -0.441656 
51 -1.318967 -0.349958 -0.045501 -1.141841 -2.043882 
1415 -1.432263 0.401312 -2.122030 -0.728770 -2.030476 
52 -0.342787 -1.127504 -0.414175 -0.277143 0.283806 
884 0.312901 -1.494359 -1.408768 -0.385829 0.591153 
53 -0.057296 -0.508494 -0.522703 -0.539709 -0.020869 
208 -0.018950 -1.432845 -1.665164 -0.154707 0.639384 
54 -0.601052 -1.309548 -0.850728 -0.044429 0.390748 
55 0.115609 -0.529646 -1.368578 -0.549174 0.199039 
827 -1.409812 -0.580723 -2.225099 -0.100416 -0.124983 
458 0.274200 -1.023933 -0.948994 -2.730757 0.769546 
56 0.065899 -0.475307 -0.617301 -0.517875 -0.049971 
784 0.567925 -1.418837 -1.587856 -2.958462 1.341394 
404 0.362968 -0.543686 -1.901536 -0.937855 0.134611 
57 -0.282877 -0.804499 -0.588247 -0.636816 0.346826 
195 0.051116 -1.753778 -1.244550 -0.145703 0.802878 
58 0.156401 -0.789967 -0.902021 -0.393006 0.140610 
59 0.146483 -0.149283 -1.549975 -1.013858 0.014759 
1417 1.114683 -1.761731 -0.419555 -3.061755 0.096974 
60 -0.454094 -0.788046 -0.416379 -0.703815 0.173666 
61 -0.733954 -0.756340 -0.610267 -0.799393 0.303634 
538 -0.303546 -1.003751 -0.473919 -0.861156 0.633991 
133 -0.162444 -1.747455 -1.182575 0.457722 0.201356 
63 -0.772546 -0.747976 -0.770098 -0.045210 0.022057 
65 -1.272696 -0.572721 -0.583075 0.009695 -0.893527 
64 -1.486318 -0.063428 -1.142300 -0.736951 -0.267701 
435 -1.195503 -0.234946 -1.488562 -0.702820 -0.253000 
436 -1.120385 -0.113533 -0.814399 -1.681115 -0.017904 
550 -0.637828 -1.175891 -2.144564 -0.101410 0.467146 
578 -1.017866 -0.192576 -0.754302 -0.945047 -0.479791 
947 -0.373953 -1.443747 -1.123078 -0.189947 0.623023 
1526 -1.923279 0.335824 -2.437209 -1.063193 -2.048378 
1610 -0.364677 0.089449 -0.592016 -2.311484 -2.619771 
1775 -2.228759 -0.325070 -0.115013 -1.527099 -1.783222 
167 -1.683669 -1.708268 -1.610622 0.884261 -0.804527 
239 -1.693902 -1.422073 -0.747684 0.584639 -0.834056 
265 -0.619258 -1.983320 -1.604460 0.975811 -0.380246 
298 -2.554407 -1.970398 -1.360312 0.888932 -0.736695 
349 -1.338054 -1.511323 -1.619450 0.721090 -0.487426 
377 -0.865281 -0.998045 -1.323462 0.413195 -0.583181 
451 -1.991310 -1.722633 -2.143740 0.891103 -0.761777 
474 -0.733176 -1.523133 -2.112871 0.794935 -0.615510 
544 -0.514191 -0.963065 -1.345542 0.383698 -0.507541 
551 -1.313005 -1.529454 -1.677200 0.818457 -0.823000 
592 -2.871898 -1.740567 -1.689217 0.823647 -0.921180 
597 -1.697193 -1.840306 -1.321838 0.826604 -0.522952 
650 -1.403753 -1.791751 -1.483991 0.881182 -0.642343 
702 -2.098466 -1.691056 -1.049059 0.746689 -0.848289 
708 -1.188654 -0.789485 -0.781209 0.204056 -0.699835 
726 -3.156112 -2.177091 -1.468512 1.017213 -0.951271 
746 0.492581 -1.071355 -2.517886 0.420765 -0.975155 
800 -1.966086 -1.200929 -1.876863 0.578407 -0.844387 
851 -1.502209 -1.608114 -2.304423 0.869812 -0.673715 
898 -3.161651 -1.983591 -1.846854 0.981012 -1.248852 
942 -1.359551 -1.300735 -0.739639 0.472279 -0.660522 
1001 -1.607096 -1.438584 -1.008567 0.656629 -0.945598 
1026 -1.992570 -1.649030 -1.859511 0.772550 -0.583730 
1492 -3.895193 -2.179549 -0.894967 0.978869 -1.540100 
1665 -2.790434 -2.181279 -1.439663 0.997063 -0.710368 
1712 -2.527553 -1.652966 -1.197583 0.723282 -0.885494 
1720 -3.109055 -1.672217 -1.650210 0.825171 -1.286819 
67 -0.116934 -0.242366 -0.705057 -0.376989 -1.146240 
66 -0.104306 0.174471 -2.659563 -0.625199 -1.214598 
387 -0.729170 -0.018348 -0.639007 -1.740362 -0.190898 
430 0.316987 -0.687957 -1.393172 0.063757 -0.646768 
576 -0.681199 -0.571426 -2.633110 -0.832367 0.547930 
945 -3.037411 -1.707646 0.244690 -1.292011 0.188203 
502 0.230355 -1.460593 -2.452882 -0.882650 1.196442 
68 0.051840 -1.306581 -1.122632 0.167278 0.170274 
388 -0.185898 -1.869401 -1.617936 0.356087 0.527206 
442 -1.588925 -2.659220 -0.516122 0.646749 0.320100 
629 -0.986724 -2.313712 -2.080955 0.638938 0.613850 
630 -0.552871 -3.434904 -2.649956 0.573361 1.362535 
632 0.415697 -2.812866 -1.909985 1.178338 -0.308636 
686 -1.156039 -1.829473 -1.726930 0.879837 -0.355863 
910 -1.198239 -2.740398 -2.051742 0.439606 1.006488 
911 -0.539531 -0.980287 -0.618877 -0.690575 0.493596 
915 -1.806970 -0.624317 -1.871465 -0.850600 0.206799 
314 -1.996472 -1.764526 -1.046232 0.807620 -0.808394 
392 -1.913753 -1.672823 -1.753095 0.829899 -0.802353 
631 0.050114 -3.422411 -1.869379 1.361999 -0.096892 
660 -1.846568 -1.790281 -1.410205 0.820803 -0.469237 
691 -3.745236 -2.009180 -1.226240 0.897354 -1.260694 
780 -1.735610 -1.889406 -1.854366 1.023127 -0.952705 
1238 -2.741971 -3.230669 -3.306720 1.707031 -0.514634 
1493 -2.926717 -2.031582 -1.406354 0.965715 -1.010747 
1668 -3.437222 -2.055090 -0.793240 0.845282 -1.199856 
186 -0.648996 -0.105015 -1.781311 -1.357515 0.218663 
70 0.506250 -1.150772 -1.340473 -0.248611 0.299264 
555 -0.380122 -1.357328 -0.518189 -0.847190 0.874010 
71 -0.711173 -0.778395 -0.193261 -0.768782 0.454929 
1418 -2.080946 -0.316015 -0.097864 -1.636525 -1.354246 
72 -0.654434 -0.738085 -0.626639 -0.724777 0.421162 
585 -1.211504 -0.627031 -1.876391 -0.704682 0.398933 
100 -0.987251 -1.192015 -0.533165 -0.485281 0.516557 
101 -0.128055 -0.579536 -0.444269 -0.668796 -0.018456 
73 0.711047 -0.869249 -0.968368 -0.482346 -0.205742 
164 -0.343531 -0.567424 -0.834873 -0.900297 0.382051 
173 -0.012939 -1.034098 -1.362776 -0.237219 0.420254 
74 -0.889548 -0.741791 -0.769790 -0.586817 0.386346 
76 0.272946 -0.752459 -0.945725 -0.808539 0.413576 
75 1.007069 -0.555518 -1.031814 -0.694289 -0.978743 
735 -0.473506 -0.533454 -1.747639 -1.008873 0.541139 
818 -0.332176 -0.885565 -2.927329 -0.642952 0.624570 
77 -0.086059 -1.053257 -0.802128 -0.036653 0.208200 
457 -0.408829 -2.676651 -2.256676 0.084312 1.336632 
78 -0.268663 -0.830916 -0.588657 -0.943204 0.491942 
356 0.066147 -0.474330 -1.700218 -0.751712 0.211071 
485 -0.422269 -2.925990 -1.341876 0.814888 0.525513 
579 -0.426676 -2.602266 -1.551661 0.041125 1.213181 
79 0.147749 -0.561424 -1.293941 -0.888048 0.241731 
80 -0.561424 -0.922743 -0.322355 -0.828856 0.295444 
81 -0.027759 -1.614483 0.305239 -2.009069 0.812061 
1421 -1.343418 0.369797 -2.215329 -2.985124 -0.576235 
82 -1.349235 -2.072108 -2.127628 1.072920 -0.389935 
87 -1.165689 -1.134388 -0.851785 -0.721567 0.588952 
355 -2.388129 -1.711661 -1.280556 0.783570 -0.894116 
733 0.100524 -0.454179 -3.217840 -0.458548 -0.094920 
85 -0.398160 -1.238218 -1.202036 0.278162 0.122626 
86 -0.774704 -1.434218 -1.126380 -0.108934 0.577883 
83 -1.181540 -1.156907 -0.588989 -0.589701 0.483677 
248 0.383225 -1.512978 -1.634775 0.500425 -0.274025 
84 -0.250456 -0.780609 -1.390932 -0.229143 0.236499 
154 0.097429 -2.193696 -0.968004 -0.089227 0.828727 
88 -0.449072 -0.897868 -0.659114 -0.513996 0.424385 
865 -1.050975 -3.245390 -1.463357 0.301108 1.184172 
89 -0.308176 -0.808236 -0.806511 -0.848756 0.455308 
155 0.693367 -1.847995 -1.681904 0.192835 0.232874 
90 -0.873594 -0.605109 -0.720944 -0.671396 0.206560 
558 -0.661945 -1.447522 -1.821097 -0.019946 0.562349 
91 -0.524974 -0.120893 -1.454404 -0.561677 -0.458751 
93 0.127481 -0.526007 -0.935684 -0.784498 -0.059727 
92 -0.266687 -0.827585 -0.510916 -0.738956 0.295983 
902 -0.795218 -0.930341 -1.612388 -1.374462 0.971897 
94 0.580602 -0.563594 -0.219429 -2.462649 -1.872056 
982 -0.119918 -1.182055 -1.785912 -1.662225 1.226384 
1422 0.793755 -0.390294 -1.287180 -2.816332 -1.077251 
95 -0.995803 -0.586289 -0.506260 -0.807160 0.284569 
1423 -2.412828 0.398323 -1.594369 -3.502746 -1.012820 
235 -0.636295 -0.936565 -0.575297 -0.608260 0.570409 
96 0.110605 -0.455050 -0.847497 -0.759912 -0.201724 
438 0.068782 -1.180640 -0.571610 -0.640729 0.564225 
252 0.329961 -1.545984 -2.203784 0.458135 0.103918 
97 -0.915372 -1.073079 -1.499131 0.121982 0.308468 
565 -0.826244 -1.665141 -1.745892 -0.189050 0.871094 
98 -1.217977 -1.178304 -0.634612 -0.674124 0.699737 
99 -0.050292 -0.738878 -0.899660 -0.046873 0.084030 
813 -1.710228 -1.649067 -1.957186 -0.513397 0.815451 
172 -0.695666 -0.962733 -0.633587 -0.455762 0.447934 
102 -0.845895 -0.884130 -0.979683 -0.248375 0.395063 
104 -0.168775 -0.787248 -1.172816 -1.384064 0.815462 
297 -0.164403 -0.575011 -0.842589 -1.363527 0.437587 
1035 -0.098946 -1.073780 -0.784511 -2.370317 1.004490 
105 -0.720963 -1.515292 -0.578505 -0.487748 0.690510 
106 -0.490237 -1.022868 -0.319241 -0.278881 0.185384 
890 -0.492233 -1.088007 -2.436773 -1.512950 1.285279 
107 -0.834038 -1.408471 -1.181968 0.206091 0.334428 
581 0.050521 -1.928023 -1.830144 0.541935 0.301255 
729 -1.314306 -2.938112 -0.179645 0.095873 0.796038 
233 -0.097294 -1.849612 -1.257816 -0.202926 0.861374 
108 -0.618916 -1.321285 -0.540218 -0.594118 0.595615 
207 0.360423 -1.298667 -1.095432 -0.482800 0.587565 
308 0.611986 -0.694225 -1.697430 -0.188889 -0.453452 
110 -0.143709 -0.564617 -1.444065 -0.344962 0.141098 
111 0.249258 -1.629396 -0.766453 -0.153700 0.577831 
415 0.114779 -0.970267 -0.963492 -1.373421 0.850134 
112 -0.562514 -0.515713 -0.327423 -0.775764 0.308079 
1428 -1.843625 -2.582953 0.903095 -0.729202 0.490156 
113 -0.797263 -1.184074 -0.283154 -0.607070 0.435038 
919 -0.215112 -3.567626 -1.164422 0.475517 0.913365 
114 -0.441464 -1.422290 -0.615682 -0.495833 0.738515 
138 -0.254323 -0.954162 -0.641428 -0.122243 0.081490 
115 -0.530598 -1.125648 -0.410774 -0.249998 0.313612 
917 -0.205352 -2.939379 -0.755686 0.161398 1.011271 
116 -0.322860 -0.979799 -1.550577 -0.211554 0.411705 
394 -0.718746 -1.054958 -1.750002 -0.383546 0.646339 
117 -1.034549 -1.015708 -0.961067 -0.509583 0.595127 
403 -0.708576 0.008105 -1.921525 -0.603848 -0.349018 
118 -0.033919 -0.837862 -0.495293 -0.583656 0.214898 
930 -0.589650 -2.970697 -2.730251 0.737009 0.951700 
142 0.853178 -2.112368 -1.481960 -0.082656 0.522368 
119 -0.312614 -1.329067 -0.779462 -0.035126 0.308342 
143 -0.765474 -1.177645 -0.693511 -0.542150 0.526812 
120 0.119013 -0.685586 -1.086109 -0.631076 0.256150 
611 -0.047063 -1.414927 -2.276966 -0.264267 0.721082 
144 -0.617730 -0.767645 -1.221790 -0.173958 0.138585 
121 -0.628346 -0.707448 -0.973019 -0.253600 0.259540 
590 -0.406195 0.146780 -1.836251 -0.855026 -0.387364 
122 -0.974775 -1.409383 -0.410960 -0.381162 0.555384 
935 -1.280807 -3.149403 -1.923522 0.031925 1.415237 
123 0.553257 -2.041786 -0.787721 -0.627616 0.938279 
198 0.862881 -1.332388 -1.509038 0.055337 -0.137215 
948 0.228051 -3.980255 -1.621957 0.296575 1.202158 
988 -0.205068 -2.286525 -1.388447 -1.060840 1.619089 
989 0.800981 -2.439833 -2.552880 -1.833956 1.833754 
124 -0.735518 -0.926160 -0.615583 -0.445926 0.417381 
736 -0.964299 -0.652741 -2.396723 -0.186711 0.022574 
125 0.528480 -1.878898 -1.011724 0.061670 0.412265 
949 -0.797574 -2.779835 -1.804317 -0.097725 1.435295 
126 -0.167750 -1.738812 -0.515392 -0.403134 0.754546 
150 -0.753868 -0.969675 -0.620493 -0.206319 0.113850 
127 -0.915353 -0.815598 -0.724177 -0.488534 0.358597 
748 -0.501695 -0.370935 -1.343893 -0.140798 -0.622052 
151 1.010947 -1.603412 -1.895795 -0.224368 0.173237 
128 0.684232 -2.035428 -1.475462 0.189760 0.346982 
710 -0.896363 -2.687129 -0.929240 -0.195059 1.141625 
129 -1.047552 -0.850594 0.041673 -0.540167 -0.035765 
424 0.590442 -0.685913 -2.794126 -0.946754 0.222619 
130 -1.337838 -0.182415 -1.186902 -0.855118 0.124069 
153 -0.516522 -0.810209 -1.975826 -0.019351 0.047867 
131 -0.409729 -0.711810 -0.926856 -0.532000 0.328555 
132 0.258310 -0.923291 -1.076822 0.210048 -0.928443 
625 -0.835411 -0.600854 -0.606441 -0.873001 0.141132 
135 -0.000326 -0.942976 -0.734636 -0.534950 0.495279 
666 1.336895 -4.279758 -2.394436 0.528616 0.533509 
136 -0.013139 -1.570375 -0.670919 -0.328971 0.758080 
334 0.498895 -2.768491 -1.365092 -0.244733 1.099151 
137 0.333265 -1.646616 -0.844917 -0.173509 0.508886 
591 -0.170690 -1.750262 -1.921776 -0.584140 1.235104 
139 -1.139257 -1.094661 -1.064267 -0.164501 0.185467 
738 -1.983197 -1.083538 -0.634140 -0.503726 0.255391 
140 -0.694640 -1.305909 -0.769691 -0.118850 0.482315 
141 0.475495 -1.478175 -1.353698 0.122795 0.213622 
145 -0.396891 -1.395020 -0.711807 -0.296901 0.616217 
146 0.533664 -0.811045 -1.168330 -0.095696 -0.448925 
405 -0.074426 -0.962854 -2.123010 -0.519774 0.592751 
147 -1.011298 -1.411837 -0.714020 -0.324084 0.637827 
614 -0.453809 -0.181897 -1.446577 -0.642808 -0.152273 
148 -0.129437 -2.128174 -0.820028 0.044990 0.779777 
593 0.048442 -2.640863 -1.614613 -0.443052 1.500373 
149 -0.440252 -1.347775 -0.692596 -0.267377 0.571011 
771 -0.214307 -2.196984 -2.939372 0.234309 0.954852 
811 -2.618069 -0.528841 -1.876683 -0.568771 -0.268043 
169 0.164731 -0.698505 -1.057315 -0.061312 -0.431183 
152 0.175332 -0.667215 -1.097646 -0.271417 -0.138173 
406 -1.336998 -0.401208 -0.854968 -0.866593 0.068923 
156 -0.845042 -1.007828 -0.724146 -0.363111 0.417295 
846 -1.070329 -1.518147 -1.768182 -0.027169 0.589446 
157 -0.031155 -0.066005 -0.775048 -0.872801 -0.538480 
891 -0.240134 -2.189522 -0.581597 -2.349733 1.481785 
158 0.642359 -0.641493 -0.881032 -0.492058 -0.461922 
160 -0.851295 -1.324895 -0.786497 0.169147 0.253738 
159 -0.855963 -1.068136 -0.982907 -0.021132 0.326825 
1432 -0.682401 -0.343262 -0.762499 -2.274387 -4.415956 
1593 -2.304146 -0.237605 -0.974219 -1.942056 -0.069783 
161 -0.156391 -0.149185 -1.012215 -0.522013 -0.830490 
194 -0.819128 -1.205264 -1.072262 -0.735567 0.949046 
162 -0.511902 -0.703385 -1.122538 0.014522 0.113854 
163 0.101070 -0.848310 -0.867756 -0.536814 0.220690 
165 -1.262204 -1.186426 -0.713755 -0.356137 0.442915 
166 -1.119576 -1.747837 -0.718563 0.487677 0.021171 
417 -0.411993 -2.178370 -2.788308 0.145310 1.061752 
634 -1.356984 -1.856092 -0.559823 -1.572648 0.968457 
715 -1.291574 -2.687187 -0.386662 0.454516 0.620197 
913 -0.561023 -2.589928 -0.458488 -0.484401 1.118193 
168 -0.270979 -0.992698 -0.735123 -0.345613 0.327316 
807 -0.891435 -2.995566 -2.947242 0.027051 1.538489 
170 -0.917740 -0.976484 -0.344523 -0.794931 0.336454 
171 -1.044258 -0.941678 -0.558485 -0.906909 0.453631 
938 -0.571963 -2.545352 -2.186633 -0.293771 1.559263 
174 -0.744623 -1.821633 -0.151897 -0.515210 0.785706 
175 -0.356814 -1.196777 -0.762625 -0.544092 0.674840 
751 -0.139159 -1.062952 -3.447124 -0.075889 0.257185 
176 -1.628486 -0.828267 -0.874139 -0.789663 0.496363 
812 -1.119477 -0.161593 -1.840253 -0.656128 -0.042158 
177 -0.490137 -0.898472 -0.982761 -0.003866 -0.015666 
772 -0.119836 -1.229259 -2.183802 -1.329552 1.219228 
182 -0.977077 -1.795740 -0.378430 -0.234336 0.639422 
393 0.412563 -1.226578 -1.627912 -1.134918 0.886741 
178 -0.730853 -0.728251 -0.567766 -0.687771 0.365724 
179 -0.751384 -1.444538 -0.560862 -0.134012 0.409160 
1019 -1.392469 -0.870015 -0.554876 -0.803458 0.410525 
181 -0.647795 -0.935600 -0.618741 -0.857251 0.474960 
183 -0.439312 -1.148358 -0.173685 -0.424574 0.341311 
184 0.246773 -1.105193 -0.904731 -0.774960 0.550314 
251 -0.439667 -0.914865 -0.644722 -0.253306 0.081866 
583 -1.316504 -1.635503 -1.382092 0.021312 0.522505 
185 -0.403558 -0.837317 -1.727530 -0.362393 0.540969 
619 0.045406 -2.042359 -1.838466 -0.201131 1.095256 
1434 0.480458 -1.885222 -2.052031 -2.115067 1.783756 
512 -0.784999 -0.766742 -1.207751 -1.339755 0.683015 
539 -1.669854 -1.405928 0.846133 -1.819806 0.019396 
187 -1.037092 -0.796935 -0.696345 -0.787837 0.470183 
188 0.068782 -0.015056 0.087371 -0.026444 -0.010586 
191 -1.583126 -1.194273 0.333761 -1.335185 0.111932 
584 -1.075431 -1.221397 -0.454423 0.146753 -0.130469 
1663 -4.208385 -2.508066 -1.646115 1.171160 -1.242027 
432 0.384465 -0.019219 -1.808158 -0.643000 -1.597501 
192 -0.606627 -0.781850 -0.726890 -1.169427 0.664422 
719 -0.694955 -0.841746 -0.499752 -0.965057 0.590258 
864 -1.588142 -2.440974 -0.056885 -1.853640 1.044678 
193 -0.177963 -0.399885 -1.497701 -0.310987 -0.172041 
421 0.020804 -2.180954 -1.545194 -0.841584 1.496765 
425 -1.222829 -0.835901 -1.232547 -0.786169 0.479851 
196 -0.768162 -1.225872 -0.962102 -0.662489 0.840406 
197 0.212456 -0.968547 -0.468307 -0.653082 0.221138 
267 0.228483 -0.790063 -0.648291 -0.238126 -0.126790 
210 -0.310672 -1.112100 -1.153347 -0.076542 0.267411 
285 -0.422468 -1.524396 -0.674276 -1.472807 1.107317 
321 -0.238175 -2.827229 -1.713008 0.080052 1.263642 
396 -0.650050 -2.613448 -1.554271 -0.191748 1.313437 
407 -0.625306 -0.488747 -0.598607 -0.744863 -0.042682 
653 0.251490 -1.762992 -2.120063 -1.271654 1.408481 
654 0.142549 -2.207106 -1.813222 -1.412571 1.662083 
714 0.068291 -2.169210 -1.058972 -1.166138 1.528036 
739 -0.605601 -0.775725 -2.533157 -2.279088 1.221559 
740 -0.642976 -2.137519 -2.567549 -0.981762 1.802014 
743 -1.563522 -1.851282 -0.210227 -1.574896 0.876585 
744 -0.453028 -1.841101 -2.154006 -0.687008 1.329453 
747 -0.541182 -1.422146 -1.089148 -0.682688 0.912430 
753 0.865685 -2.100475 -1.601397 -0.761280 1.069052 
774 -0.134941 -1.799478 -0.992769 -1.081676 1.286168 
931 -0.297231 -2.607681 -2.512562 -0.626512 1.772561 
983 -0.156411 -1.089593 -1.376756 -2.009416 1.157292 
994 0.256737 -0.875728 -0.675795 -1.155260 0.557253 
199 -0.640797 -0.648055 0.004350 -0.838250 -0.105290 
202 -0.801794 0.132646 -2.245548 -0.601149 -0.464950 
1436 -2.408808 -1.240720 0.691747 -1.766997 -1.052093 
201 0.233062 -0.557414 -1.121827 -1.361282 0.330436 
254 -0.970976 -0.275385 -0.840970 -0.566823 -0.201087 
270 -0.907548 -0.157726 -0.623190 -1.037145 -0.178259 
272 -0.079040 -0.681185 -1.264861 -1.868518 0.780893 
1000 -2.000321 -2.099706 -0.064660 -0.533078 0.560296 
1011 -0.080524 -1.177625 -1.942747 -2.118296 1.264439 
274 -0.895206 -0.098709 -1.096218 -1.238256 0.001323 
1013 -1.531282 -1.071229 -1.111845 -2.281420 1.088302 
1439 -0.206692 -0.354441 -0.004389 -1.543093 -0.683443 
203 -1.017792 -1.232916 -0.698467 0.403076 -0.537889 
204 -0.131384 -0.559673 -1.544483 -0.692684 0.395472 
205 -1.405773 -1.359090 -1.403295 0.036586 0.336293 
206 0.061488 -1.019209 -1.525961 -0.754834 0.792816 
211 -1.176622 -0.256645 -0.397520 -0.853069 -0.315425 
286 -1.005633 -1.025232 -1.147275 -0.258112 0.540687 
209 -0.259083 -1.250275 -0.838935 -0.378194 0.711435 
212 -0.453040 -1.394240 -1.686478 -0.187213 0.653845 
217 0.016080 -1.530112 -1.294792 -0.415821 0.856448 
232 -0.548679 -1.502508 -1.215813 0.360885 0.100512 
234 -0.479796 -0.984933 -1.225952 -1.015248 0.779230 
316 -0.747319 -1.055427 -2.259307 -0.210712 0.407492 
352 0.035531 -0.946898 -0.857758 -0.151263 0.120070 
518 -0.570830 -0.115162 -1.206279 -0.790087 -0.119570 
612 -1.504348 -0.556216 -0.782795 -0.799130 0.049723 
717 -1.368406 0.322232 -2.819786 -0.696951 -0.792815 
1679 -1.302334 -0.065370 -0.894888 -0.691932 -0.728912 
249 -0.558643 -0.847601 -1.136346 -0.140485 0.186807 
367 -0.812058 -1.617223 -1.083007 0.087889 0.510258 
464 -0.340054 -1.967577 -1.854965 -0.554724 1.349789 
465 0.743925 -2.128141 -0.466177 -0.716185 0.826508 
896 0.470748 -3.938756 -3.000079 -1.025497 2.499489 
275 -1.376557 -0.932937 -1.051800 -0.390884 0.271361 
213 -0.645969 -0.861569 -0.664128 -0.363382 0.076096 
219 -0.449686 -1.073460 -1.808651 -0.496530 0.780840 
221 -1.119018 -0.938047 -0.929319 -0.101581 -0.104937 
223 -0.284560 -0.232603 -0.712481 -0.766312 -0.640296 
290 0.393320 -1.123427 -0.586281 -1.105951 0.514027 
319 -0.257984 -0.987545 -0.647810 -0.155573 0.149028 
444 0.107655 -0.599663 -0.563490 -0.821800 0.075447 
517 -0.972127 -0.739454 -1.035291 -0.520786 0.269542 
665 -0.690456 -0.670910 -1.689664 -0.581593 0.508580 
669 -0.595151 -0.897052 -0.310595 -2.334328 0.739791 
758 -1.694693 -1.797931 -0.594233 0.175409 0.134808 
861 -0.093407 -0.059966 0.069333 -0.050894 0.062818 
929 -2.379260 -0.739020 -1.060452 -0.738509 0.004266 
940 -2.421846 -1.743894 -2.015440 0.894820 -0.971097 
215 -0.454722 -1.563712 -0.694011 0.068227 0.282523 
712 -0.507480 -2.421492 -2.469108 0.316199 0.971702 
216 -0.389090 -1.473102 -1.211227 -0.153295 0.659633 
218 0.251796 -0.690681 -1.318334 -1.546175 0.614319 
269 -0.983491 -0.199627 -1.178909 -1.584132 0.289827 
273 -0.329174 -0.297938 -1.716135 -1.336400 0.336014 
350 0.268506 -0.687278 -1.214415 -1.854519 0.669917 
225 -0.190266 -0.295504 -1.016615 -1.120847 -0.016455 
220 -0.550842 -0.443142 -0.746361 -1.200181 0.360373 
222 -1.589965 -1.561185 -0.491542 -1.235314 0.779104 
224 -1.086658 -0.724909 -0.848928 -1.331137 0.424332 
1447 1.503545 -1.609587 -0.956072 -3.163202 -0.408820 
226 -0.279017 -0.583576 -1.207803 -1.061710 0.539583 
645 -0.787259 -0.416834 -0.959664 -0.669774 0.031498 
1448 -0.790350 -0.137875 -1.391313 -3.062764 0.107124 
227 -1.165625 -0.214622 -0.421568 -1.598773 -0.149461 
229 0.415323 -1.126888 -0.985222 0.201256 -0.399782 
228 -1.069649 -0.919252 -0.818933 -0.745155 0.460388 
617 0.189854 -2.143824 -2.234110 0.024772 0.905748 
230 0.043353 -0.550256 -1.295713 -0.615295 0.172672 
231 -1.354846 -1.211899 -1.884889 0.022767 0.357453 
1451 0.721308 -0.924243 -0.589748 -2.248726 -0.070028 
236 -0.504496 -0.376152 -0.650950 -0.939378 0.218431 
837 -0.568660 -0.556289 -4.156887 -0.862786 0.382139 
859 0.040495 -0.223007 -2.709113 -1.640928 0.137679 
866 -0.670064 -1.461848 -1.362209 -0.218401 0.651929 
867 0.163809 -0.194087 -4.990120 -1.770696 -0.252189 
627 -0.234010 -0.401834 -0.249941 -1.529772 0.182377 
1453 -2.588385 0.138366 -0.902795 -3.376890 -1.139338 
237 -0.152767 -0.312261 -0.859345 -0.581762 -0.333938 
329 -1.291358 -0.388528 0.081060 -0.852351 -0.708148 
824 -1.077284 -0.480557 -1.625350 -0.808600 0.416525 
238 -0.640709 -0.758370 -0.987438 -0.346184 0.086281 
246 -0.498907 -1.054416 -1.319819 0.372976 -0.234673 
294 -1.410221 -1.372544 -1.367521 0.624757 -0.579273 
241 -1.323416 -0.728535 -1.307201 -0.332778 0.178084 
256 -0.341204 -0.368671 -0.774585 -0.601109 -0.152546 
260 -1.112446 -1.060024 0.009542 -1.401016 0.588618 
277 -0.869761 -0.826190 -1.113490 -1.406882 0.865116 
287 -1.601492 -1.625144 -0.739718 -1.409956 0.843789 
293 -0.672237 -0.925012 -1.024292 -0.284028 0.376404 
300 -0.797853 -0.591296 -0.577253 -0.343203 -0.121607 
322 -0.126858 -1.423858 -2.281861 -0.331153 0.803545 
330 -0.729733 -0.558304 -2.605117 -1.571004 0.912001 
332 0.059462 -0.572641 -1.323997 -0.176708 -0.375779 
347 -0.909850 -0.306993 -0.406618 -0.282416 -0.892575 
348 -0.933945 -1.339481 -0.109348 -0.929752 0.661246 
365 -1.243739 -1.417473 -1.674969 0.217673 0.339931 
372 -1.672613 -1.113641 -1.491471 -0.790847 0.523530 
378 -1.466571 -0.385837 -0.880874 -2.029451 0.440632 
382 -0.447719 -0.995474 -0.442864 -1.475213 0.667480 
390 -1.033362 -1.410414 -0.692722 0.085268 0.388162 
391 -1.691485 -1.799249 -0.568133 -1.508536 0.928821 
400 -0.409865 -1.570200 -0.830579 -0.975839 1.046907 
416 -0.028085 -0.756040 -1.690377 -0.007929 -0.105554 
453 -0.849961 -0.344353 -1.543124 -0.405497 -0.055862 
454 -0.796572 -0.060609 -1.730341 -0.922665 -0.093959 
466 -0.712178 -0.740907 -0.744566 -2.548096 0.932204 
471 -0.610371 -1.028659 -0.708352 -0.904647 0.535088 
472 -1.258347 -0.604541 -0.852182 -1.405218 0.414176 
477 -0.504664 -0.854831 -0.445210 -0.195653 0.098920 
488 -0.556633 -1.102883 -3.813277 0.076184 0.249270 
497 -1.238109 -0.631194 -0.843844 -0.353994 0.146094 
503 -0.617033 -0.139047 -1.222025 -0.831189 -0.164695 
506 -0.832069 -0.395863 -0.716908 -0.601784 -0.099055 
511 -0.705521 -0.768727 -1.207816 -1.320755 0.787381 
523 0.510415 -1.184805 -1.357376 -0.895435 0.633192 
534 -0.464272 -2.591335 -1.060229 0.198377 1.015046 
543 -2.335713 -1.811485 -0.859639 -0.950880 0.683368 
546 -0.877927 -2.030785 -1.043925 -0.546978 1.104559 
553 -0.617802 -1.373871 -0.385303 -0.313911 0.515915 
554 -0.374465 -2.295118 -1.635681 -0.893212 1.567335 
556 0.315447 -0.186085 -1.634697 -0.699928 -2.611647 
564 -0.394988 -0.886344 -1.129134 -1.280279 0.779144 
568 0.472214 -1.698236 -0.591263 -0.519134 0.646369 
571 0.149427 -0.506908 -2.139648 -0.560605 0.139739 
575 -2.004577 -2.047543 -0.165778 0.156940 0.164945 
594 -1.761695 -0.357172 -0.575188 -1.325488 -0.133278 
624 -0.864073 -1.036484 -2.863689 -0.206203 0.464171 
639 0.076740 -1.488603 -0.260214 -1.835796 1.084022 
656 1.128375 -1.284006 -0.814413 -1.407500 0.112143 
674 -0.137765 -0.533810 -0.370104 -0.970469 0.044792 
675 -0.654419 -0.580490 -1.532575 -1.489725 0.726606 
685 -0.504225 -0.899109 -0.401579 -1.185306 0.596117 
689 -1.046257 -0.865731 -0.481554 -0.529593 0.321126 
727 -0.390348 -0.989937 -2.693141 -1.711926 1.246729 
775 1.033126 -2.900196 -0.744020 -1.767676 1.427557 
776 -1.161833 -2.270612 -2.002139 -0.041778 1.092554 
778 -1.070124 -0.507833 -2.085231 -1.245160 0.683908 
779 -1.555838 -0.880872 -1.371479 -1.333607 0.756550 
782 -0.836843 -0.608623 -1.210621 -0.925138 0.514507 
785 -1.660789 0.278259 -2.118455 -1.011727 -0.603651 
793 -0.619954 -0.332240 -1.414281 -1.151464 0.332545 
795 -1.129350 -1.066765 -0.970280 -0.338075 0.390595 
796 -1.317104 -1.085214 -0.676114 -0.310096 0.267325 
798 -0.621234 -1.314756 -1.883637 -1.443034 1.252692 
805 -1.700065 -0.361593 -0.881635 -1.318223 0.114273 
814 0.297470 -1.787217 -0.171886 -1.248741 0.936294 
816 0.197274 -1.172505 -1.512601 -1.106141 0.912600 
826 -1.568339 -1.046371 -1.737404 -0.597818 0.575925 
830 0.546037 -3.078773 -1.044133 -0.436584 1.280961 
848 -2.135695 -0.171614 -2.184305 -0.701365 -0.381800 
860 -0.162596 -1.974200 -3.837868 -2.901455 2.372846 
869 -1.225881 -1.891538 0.143549 -3.098128 1.168156 
873 -0.972517 -0.822423 -0.736479 -1.763268 0.726899 
874 -0.368399 -0.755091 -1.789172 -1.456937 0.743465 
914 -1.100502 -0.539152 -1.037187 -0.530329 0.078733 
921 -0.494076 -1.913313 -2.692204 -0.563936 1.339831 
922 -1.459850 -2.133462 -0.517967 -1.757362 1.100290 
952 0.497913 -1.808642 -0.343531 -1.019180 0.888014 
979 -0.635340 -2.009713 -1.572078 -2.301199 1.911006 
1012 -0.643798 -0.063154 -1.369410 -1.488770 0.010816 
1036 -4.004627 -1.537487 -0.539022 -1.819331 0.016916 
1038 -0.028904 -0.235807 -2.841498 -0.938293 -0.130614 
1119 -2.401548 -2.472382 -1.119916 -2.259783 1.391831 
1151 -1.980099 -2.470568 -0.052892 -1.844156 1.040084 
1244 -1.275861 -2.622416 0.888500 -2.694430 0.813244 
1282 -1.273405 -1.306787 -0.752371 -2.865777 1.294427 
1437 -3.357743 -0.483657 -1.046363 -0.951628 -0.787393 
1438 -2.434784 -0.098755 -1.186174 -2.245372 -0.138214 
1459 -2.956515 -2.865411 1.125920 -2.083787 0.341446 
1460 -3.363587 -0.916966 -0.097557 -2.484469 -0.114569 
1468 -1.974766 -2.226751 -0.107290 -1.964804 1.094844 
1472 -1.463930 -1.048233 -0.048981 -0.439711 0.040317 
1475 -2.173977 -1.612085 -1.180607 -1.625036 0.896267 
1476 -1.833673 -0.284407 -0.635008 -1.154524 -0.286883 
1483 -2.787660 -0.350614 -1.156701 -2.101556 -0.027370 
1484 -0.584961 -1.444532 -0.141983 -2.594423 1.242837 
1499 -0.774651 -1.595148 -0.788427 0.028603 0.531446 
1501 -3.027805 -0.185650 -2.303206 -3.942441 0.559253 
1504 -2.853755 -1.834463 0.548355 -1.874767 0.318313 
1505 -0.498445 -1.531053 -2.365422 -4.315291 2.106308 
1508 -2.466357 -1.020669 -0.428947 -2.771407 0.634865 
1512 -2.745264 -1.905395 -1.138185 -1.692942 0.854224 
1543 -2.370415 -0.967870 0.234128 -0.191514 -1.499698 
1546 -0.024014 -2.969246 -0.870723 -2.814396 2.202019 
1551 -1.046008 0.164102 -0.711079 -2.238633 -0.720385 
1554 -0.315708 -1.476229 -2.236582 -2.492609 1.810243 
1558 -1.483021 -0.447698 -0.349485 -2.429788 0.221558 
1559 -3.559520 -1.342302 -0.801794 -2.132257 0.340922 
1570 -2.390052 -0.138250 -0.506973 -2.914810 -0.166446 
1571 -4.464349 0.085101 -2.668571 -3.236926 -0.428195 
1573 -2.240360 0.393067 -1.929476 -2.634115 -0.374978 
1575 -2.809120 -1.061586 0.382111 -1.250422 -0.541242 
1592 -2.379072 -0.207834 -1.874326 -0.863530 -0.324504 
1599 -2.169589 -2.757677 0.040651 -1.923813 1.226927 
1600 -3.251753 -0.038800 -1.063866 -5.754757 -0.221470 
1615 -0.497704 -1.303410 -1.374898 -3.006573 1.527460 
1616 -4.356040 -2.637658 0.294852 -0.147242 -0.405385 
1626 -2.981537 -0.687578 -1.881375 -3.148779 0.773826 
1627 -2.439789 -2.250100 -1.063840 -2.222923 1.332808 
1641 -1.491508 -0.444985 -1.795405 -2.319988 0.751204 
1644 -2.809101 -2.355083 -0.121807 -2.071506 1.012308 
1645 -2.034494 -2.572761 -0.452050 -2.153435 1.254264 
1654 -1.483969 -2.002534 -1.302320 -3.376946 1.897808 
1661 -1.901428 -3.497671 -0.307633 0.646527 0.650938 
1690 -2.299289 -0.204419 -2.329792 -4.080752 0.883079 
1701 -3.809969 0.369551 -2.920140 -4.424637 -0.009060 
1702 -2.606488 -0.008443 -1.679360 -4.164477 0.347696 
1704 -3.270290 -1.204382 -0.073144 -0.668571 -0.584475 
1705 -2.432676 0.254662 -2.055486 -3.732232 0.153377 
1708 -3.386638 0.052361 -1.823692 -3.206025 -0.149597 
1709 -1.222592 -0.048273 -2.716387 -3.955186 0.672444 
1713 -3.142712 -0.121694 -4.139042 -4.602375 0.985348 
1716 -3.586083 0.234316 -2.522509 -3.266006 -0.264007 
1717 -3.718377 0.332072 -3.322477 -2.707613 -0.326966 
1721 -2.390794 -0.046900 -1.834238 -1.899413 0.099910 
1723 -2.628366 -0.325810 -0.638351 -1.465039 -0.630093 
1724 -3.458076 -0.196824 -1.836999 -2.107986 -0.298929 
1726 -3.674132 0.026044 -2.454037 -1.900828 -0.673865 
1727 -3.453322 -0.417184 -2.255203 -0.987560 -0.445161 
1729 -1.436707 -2.287353 -0.030912 -1.631824 0.975052 
1731 -2.287402 -1.949720 -1.137915 -1.397943 1.011429 
1738 -1.574087 -1.434450 0.191935 -1.933106 0.692244 
1739 -2.798962 -2.121326 -2.200110 -2.336725 1.361730 
1750 -3.256803 -0.900408 0.211475 -2.637151 -0.209536 
1760 -3.054453 -1.735126 -0.849943 -0.213672 0.014028 
1764 -1.991227 -1.716030 -0.356347 -1.774209 0.955887 
1767 -3.067765 -0.861692 -3.127306 -2.945359 0.916180 
1770 -3.798131 -0.849746 -0.282012 -2.473053 -0.555643 
1803 -0.654985 -2.760060 -0.597444 -2.252943 1.912486 
501 -0.911082 -1.519457 -0.051994 -0.126232 0.304771 
243 0.654938 -0.419597 -1.324335 -0.852358 -0.539506 
242 -0.029913 -0.613504 -0.565525 -0.660696 0.000964 
360 -0.457375 -1.538108 -0.253005 -0.215775 0.605925 
533 0.890761 -2.179982 -1.350307 -0.862529 0.968439 
596 -1.101217 -0.282254 -0.800095 -1.035830 0.016951 
607 -0.196327 -0.963593 -1.048948 -1.183982 0.906101 
803 -1.678335 -0.336818 -0.748339 -1.330843 0.063763 
244 -0.550478 -0.935230 -1.343615 -0.923846 0.911179 
724 0.209490 -0.956763 -1.323278 -0.893407 0.635024 
1082 -0.288190 0.218991 -2.070711 -2.039412 -0.661195 
245 0.856592 -0.647033 -1.187697 -0.445021 -0.817190 
247 -1.630039 -0.773574 -0.153926 -0.513695 -0.242989 
1023 0.042972 -0.981516 -2.144784 0.498003 -0.779733 
1455 -0.921367 -2.550247 -0.296435 0.257589 0.718398 
361 -0.918491 -1.454829 -0.346306 -0.419883 0.490286 
362 -0.744834 -2.227959 -0.891159 0.820208 -0.236464 
364 -0.902523 -1.478377 -0.330090 0.232026 -0.065947 
441 -0.078265 -2.111128 -1.145074 0.373673 0.487028 
423 -1.098943 -0.682959 -0.029151 -1.010755 0.001872 
493 -0.566679 -1.188694 -1.276401 0.624732 -0.991746 
500 -0.387581 -0.455314 -0.724139 -0.775843 0.151956 
833 0.327936 -1.762311 -0.629248 -0.886366 0.881492 
492 -0.055924 -1.086574 -2.040023 -0.296919 0.602144 
445 -0.270838 -1.173054 -2.503123 -0.294933 0.615320 
598 -0.279139 -1.803135 -1.149563 0.035129 0.727980 
806 -0.752171 -1.823196 -3.827131 0.491483 0.380704 
893 -1.540685 -1.465273 -3.078436 0.404579 -0.030978 
906 -0.679873 -1.998781 -3.640351 -0.212374 1.078769 
909 -0.266232 -1.647278 -3.773247 -0.427750 1.071774 
926 -0.525628 -0.788287 -2.321315 -0.844233 0.668955 
1005 -0.424672 -2.768052 -3.551758 1.372282 -0.111317 
1006 0.564652 -2.445090 -4.099061 0.096284 0.854170 
1456 -1.801180 -0.968399 0.210939 -3.436466 0.306053 
253 -0.513279 -1.023170 -1.455677 -0.561104 0.785285 
773 -0.846797 -1.407472 -2.031813 -0.741301 1.119630 
1457 -2.002685 -0.678245 -0.357470 -3.117907 0.299109 
271 -0.250021 -0.099267 -0.811930 -1.290775 -0.160330 
1458 -2.269845 -0.344047 -0.744151 -0.653119 -1.456170 
258 0.010326 -0.613406 -1.025182 0.023037 -0.542897 
956 -1.534403 -0.750073 -1.388117 -0.868017 0.378642 
259 0.541107 -0.655505 -0.558131 -1.028919 -0.166322 
1461 -2.133839 -2.267782 0.239246 -1.822074 0.942316 
263 0.683180 -0.665936 -1.115109 -1.258859 -0.056923 
261 0.207741 -0.985207 -1.542289 -1.025669 0.810668 
1021 -0.515313 -2.109561 -3.407430 -0.263580 1.139290 
1462 1.323254 -0.994201 -2.161563 -2.400297 -0.070990 
262 0.476612 -2.093962 -1.000566 -0.454855 0.947752 
1022 -2.139686 -1.701983 -2.711327 -0.735080 0.848798 
264 -1.389392 -1.393627 -1.618417 -0.192103 0.547467 
266 -0.387033 -1.818706 -0.562639 0.463599 0.056298 
369 0.043238 -1.945602 -1.305104 0.590832 0.173505 
668 -0.424021 -2.244170 -0.550656 -0.647420 1.200407 
823 -0.173299 -2.447725 -1.706711 0.067423 1.076523 
1018 0.386576 -3.894129 -2.182718 1.489558 0.005031 
295 -0.492705 -0.805800 -1.650265 -0.193759 0.206197 
299 -1.139614 -0.920873 -0.335002 -0.881597 0.456118 
304 -1.316290 -0.933293 -0.884800 -0.502539 0.525002 
323 -1.266837 -0.946570 -0.786310 -0.045661 0.060874 
327 -1.590691 -1.100232 -1.151658 -0.510945 0.356367 
395 -1.515254 -0.623446 -1.656871 -0.535930 0.238832 
437 -0.591329 -0.626257 -0.886584 -1.423499 0.480925 
528 -1.787870 -0.199597 -1.875234 -0.901424 0.003232 
549 -0.563758 -1.161142 -0.675579 -0.350439 0.446992 
560 -0.044567 -0.320842 -1.364428 -0.573339 -2.929623 
589 -1.887942 -0.306387 -1.175077 -0.920744 -0.009929 
600 -1.872071 -1.864910 -0.857970 0.504050 0.104871 
622 -1.691581 -1.340161 -1.260720 0.248614 0.016032 
636 -1.646101 -1.127640 -1.113709 -0.230450 0.124394 
658 -1.091109 -1.516622 -0.434204 0.631754 -1.208126 
662 -1.718045 -0.946046 -2.239185 0.158489 -0.026561 
701 -0.020492 -2.738014 -2.647415 0.730161 0.757934 
742 0.621462 -1.002358 -2.050942 0.346323 -1.121778 
749 -1.856296 -0.011748 -1.673582 -1.094756 -0.264022 
799 -0.831946 -2.033231 -1.461733 -1.274113 1.607178 
802 -0.057386 -1.430075 -1.823825 0.453570 0.245318 
819 -0.796147 -2.657381 -0.434691 -0.955432 1.437501 
882 -2.186016 -2.817241 -0.682610 0.264507 0.601126 
887 -1.172581 -0.638586 -1.764192 -0.213806 -0.120097 
888 -0.867415 -1.587343 -0.646352 -1.287978 1.126595 
933 -1.242703 -0.322100 -1.100187 -0.917746 0.083945 
943 -2.170083 -0.964397 -2.956436 0.165333 -0.313728 
957 -2.006494 -1.291805 -1.031446 -1.239505 0.626929 
958 -3.025715 -1.085086 -3.166271 -0.158680 -0.256922 
960 0.014397 -0.147782 -1.273108 -0.689847 -2.328471 
961 -2.359332 -0.820530 -2.690401 -0.437022 0.003832 
964 -2.661817 -1.319084 -0.587941 0.049180 -0.282607 
965 -2.577975 -1.016682 -1.912056 -0.715459 0.252687 
967 -2.626318 -0.917334 -2.063215 -0.471567 -0.002981 
968 -1.892004 -1.263851 -1.161390 -0.074212 0.055397 
970 -2.072413 -0.335515 -1.752757 -0.935632 -0.000518 
971 -1.918612 -1.318676 -2.221321 -0.003590 0.195551 
973 -2.467367 -0.375988 -2.122606 -1.305540 0.131715 
974 -0.963926 -0.388942 -1.384336 0.033336 -1.285754 
976 -2.941537 -1.548261 -2.334656 -0.490870 0.358857 
984 -0.964844 -0.777143 -2.322218 -1.416219 0.877196 
986 -2.681845 -1.175135 -1.759890 0.210778 -0.399550 
1031 -1.952418 -0.263707 -4.209090 -0.879758 0.078705 
1517 -2.881555 -1.337815 -0.439501 -1.634211 0.292385 
1614 -4.186120 -1.824395 -0.426361 -0.059156 -0.543625 
1618 -2.993717 -0.095336 -3.850907 -1.726405 0.042742 
1697 -3.035108 -0.912301 -2.314093 -0.872968 0.117372 
1779 -3.480562 0.169801 -2.445440 -1.546290 -0.967825 
1466 -1.655555 -0.584954 -0.182294 -0.223575 -1.738002 
276 -1.759811 -1.336051 -1.025551 -0.794262 0.667905 
642 0.213623 -0.006818 -1.385887 -2.127095 -0.882504 
288 -0.521487 -0.447114 0.057938 -1.670217 0.066173 
872 0.296782 -1.503439 -1.830146 -1.044968 1.170193 
289 -1.844859 -1.503749 -0.671787 -0.620441 0.487221 
863 1.311134 -0.598911 -1.522764 -1.498945 -2.670896 
1003 0.891479 -3.603236 -1.089332 -2.231474 2.117926 
508 0.028252 -1.964185 -0.425341 -1.727902 1.427443 
291 0.112714 -0.145719 -0.487954 -1.268466 -0.726062 
292 -0.286591 -1.092892 -1.158431 -0.065097 0.299434 
489 -0.038143 -1.290032 -2.518766 0.047426 0.448646 
862 -0.124999 -1.144665 -3.399964 -0.080366 0.361953 
1470 1.601084 -0.986938 -1.839593 -1.250744 -0.635856 
1471 -1.810664 -0.502875 -3.880283 -3.175350 1.248061 
296 -1.364921 -0.859558 -0.877395 -0.039235 -0.164088 
754 -1.041305 -0.706572 -0.251804 -1.491763 0.435586 
1670 -4.965939 -2.680583 -1.532822 1.244990 -1.705375 
1698 -0.153966 -0.354603 -0.831667 -1.260398 -3.671864 
301 0.945724 -1.387594 -1.504220 -0.185802 -0.040999 
328 -0.625274 -0.530521 -0.670469 -0.453683 -0.155714 
353 -1.625570 -0.511913 -1.100362 -0.516623 -0.074766 
615 -0.475446 -0.796220 -1.273415 -0.832019 0.560475 
709 -1.189528 -0.124181 -1.361137 -0.959859 0.028426 
854 -0.918913 -0.484658 -0.421346 -0.974529 0.177229 
606 -0.338723 -1.990534 -0.904444 -0.623906 1.222898 
959 -1.362775 -0.101103 -1.831626 -0.522411 -0.607117 
305 -0.937735 -2.175163 -0.892349 0.443566 0.383543 
306 -1.193229 -1.449326 -0.243716 -1.237467 0.673049 
333 -0.474911 -1.034366 -0.404887 -0.518939 0.429316 
373 -2.069072 -1.542592 0.409707 -1.234642 0.389806 
385 -0.691946 -0.387087 -1.237005 -0.007891 -0.966007 
397 -1.936114 -0.578197 -1.262629 -0.547763 -0.062158 
409 0.079989 -1.811911 -0.492603 -1.043549 0.934423 
455 -0.571120 -1.908941 -0.916036 0.150373 0.823529 
479 -0.693545 -0.858865 -1.898373 -0.543530 0.641807 
486 -1.207078 -1.459075 -1.840085 0.403311 0.091808 
495 -0.708601 -1.223271 -0.483898 -2.372770 1.191717 
496 -2.346671 0.073719 -1.803326 -1.742991 -0.114648 
542 -1.315148 -1.324428 -0.400765 -0.063418 0.390551 
563 -1.081810 -0.759530 -1.550254 -0.954466 0.615390 
651 -2.262856 -0.707715 -2.387908 -0.176023 -0.238204 
655 -0.699344 -1.307701 -1.553126 -1.958989 1.423722 
659 -1.789600 -1.033910 0.489096 -1.176245 -0.014182 
678 -0.776470 -0.315248 -0.947376 -1.671027 0.345321 
688 -0.288460 -2.370945 -1.311325 -0.784713 1.513111 
700 -1.066508 -1.308661 -3.134246 -0.053128 0.550962 
706 -1.145721 -1.502383 -1.429395 0.046217 0.531907 
711 -1.102409 -0.061817 -2.421548 -0.464500 -0.337419 
737 -1.045691 -2.622306 -1.976387 0.084743 1.199520 
745 -1.106862 -1.748444 -2.042026 -0.616095 1.206669 
792 -0.680075 -0.971151 -2.837379 -1.429864 1.003206 
836 -0.728805 -0.087983 -1.840700 -0.112359 -1.584831 
849 -1.688228 -2.183622 -0.359106 -1.777903 1.071936 
850 -2.140666 -2.007261 -0.329131 -0.086740 0.388479 
870 0.118371 -2.745172 -0.094166 -2.152382 1.557268 
875 0.432493 -1.225009 -1.548678 -2.195193 1.132168 
883 -0.409675 -1.342693 -1.346581 -1.198635 1.169203 
899 -1.812571 -0.621084 -2.829157 -0.692483 0.303705 
912 -0.878342 -1.707866 -1.192199 0.184456 0.534593 
916 0.149781 -2.159287 -2.621455 -1.305257 1.739635 
963 -2.653604 -0.823370 -2.373560 -0.108506 -0.414836 
966 -0.340160 -1.398167 -0.414686 0.339838 -0.239659 
969 -1.927698 -1.271340 -1.563289 -0.420597 0.502094 
972 -1.874552 -1.268602 -1.580012 -0.382086 0.505280 
975 -1.374481 -1.063511 -1.654942 0.598550 -0.901094 
978 -2.253755 -1.559512 -1.312367 -1.495817 0.742538 
980 -0.866163 -0.569911 -2.606326 -1.529985 0.947444 
1014 -0.399842 -1.224545 -0.748709 -0.588806 0.843561 
1027 -1.250432 -0.370780 -1.015698 -1.267846 0.396469 
1450 -1.065000 -0.349925 -1.207309 -2.247824 0.607529 
1454 -1.116718 -1.897561 -2.131250 -1.161744 1.401509 
1481 -3.192757 -1.828290 -1.609687 -1.775246 0.776106 
1482 -2.338571 -0.332088 -2.238266 -2.181463 0.601628 
1485 -1.910424 -0.465455 -0.664412 -3.849419 0.541449 
1502 -1.682124 -0.306944 -1.439212 -1.740293 0.404585 
1507 -2.422306 -2.172042 1.265099 -2.688259 -0.040744 
1550 -3.200948 -1.875028 -0.287476 -0.301375 -0.087180 
1552 -4.943247 -3.654337 1.295245 0.641759 -1.694534 
1553 -2.957362 -1.619627 -2.599460 -2.112961 1.014546 
1556 -1.115643 -0.516095 -3.843428 -2.509185 1.214882 
1569 -1.967170 0.192577 -1.295884 -3.180466 -0.074033 
1572 -1.002646 -0.810455 -1.311592 -4.732656 1.171083 
1587 -1.749819 -0.332900 -0.336169 -4.446061 -0.084078 
1596 -2.961483 -1.815444 0.344786 -2.023374 0.338027 
1613 -3.145277 -0.961069 0.132071 -0.617764 -1.049401 
1621 -4.659058 -2.516743 0.134660 0.257056 -0.817179 
1643 -0.556938 -0.211130 -1.176727 -1.241408 0.029204 
1651 -2.379441 -2.488755 -0.694107 -2.221614 1.289046 
1652 -3.771683 -2.501340 -0.567632 0.303881 -0.227214 
1655 -3.829567 -2.677651 0.326074 -0.092199 -0.211942 
1662 -1.955697 -1.889265 -2.016270 -0.579515 0.829499 
1695 -2.154643 0.733426 -3.258376 -1.945215 -0.878850 
1696 -3.080120 -0.762436 -0.671591 -0.183523 -1.173443 
1700 -2.374476 0.088220 -1.147224 -1.514727 -0.690780 
1703 -3.463154 -0.150650 -2.317755 -0.697857 -1.113171 
1710 -2.838072 -1.644834 0.333365 -0.569300 -0.212940 
1761 -0.367921 -0.459771 -0.296741 -0.391406 -0.987755 
1778 -0.909617 -1.813661 -0.646325 -3.326485 1.823822 
1780 -0.539326 -0.298898 -0.060321 -2.990037 -0.485723 
1782 -2.006020 -0.369478 -2.651215 -1.863504 0.510417 
370 -0.674656 -0.898906 -0.057149 -2.416833 0.693329 
309 0.664301 -0.338115 -1.527337 -0.991460 -0.575014 
310 -0.305358 -0.848156 -2.346562 -0.563055 0.571312 
311 -1.271438 -0.990594 -0.683940 -0.933955 0.489129 
313 -0.904903 -1.051520 -0.166145 -0.118412 -0.022453 
312 -1.265760 -1.587821 -0.872125 0.604122 -0.364651 
703 -2.252470 -1.965402 -0.944189 0.431676 0.050417 
315 -0.340491 -1.222049 -2.514458 -0.384146 0.768710 
318 -1.333868 -2.009752 -1.475887 0.422758 0.435281 
1477 0.292351 -0.618272 0.003966 -1.884021 -0.531574 
1478 0.159793 -2.730140 -0.786606 -2.383525 1.907123 
320 -0.113799 -1.840406 -1.255970 0.031972 0.814208 
324 -1.004745 -0.352243 -0.765109 -1.066440 0.307348 
707 -2.012077 -0.189717 -2.655957 -1.247550 0.172893 
325 -0.617910 -0.730799 -0.433497 -0.078305 -0.417349 
1480 -1.907360 -0.401424 -0.282037 -0.967541 -0.610608 
331 0.908623 -1.505153 -1.811673 0.280878 -0.416452 
1020 -0.826666 -1.336271 -1.725061 -0.781236 0.994880 
761 -0.630508 -0.841579 -1.080598 -0.292550 0.238460 
335 -1.001481 -1.353678 -0.537889 -1.205055 0.701489 
336 -1.659086 -1.650667 -0.386074 -0.636783 0.525179 
337 0.693054 -2.115695 -0.991065 -1.355544 1.133502 
399 1.336239 -2.394491 -1.034717 -0.903455 0.523890 
338 -0.950563 -1.202540 -1.362324 -0.733873 0.976643 
838 -0.145119 -0.978527 -0.946235 -1.158164 0.648360 
339 -0.685715 -1.308828 -1.386233 -0.139754 0.623247 
842 -0.355584 -1.788842 -1.899165 -0.158656 0.916486 
340 -0.690239 -0.615213 -0.902796 -0.340301 -0.026357 
341 0.269508 -0.653689 -1.246805 -0.531685 -0.013996 
844 -0.150228 -2.207736 -2.069020 0.988276 -0.179110 
342 -0.828545 -1.461860 -0.698336 -0.148367 0.541871 
843 0.831292 -1.845741 -0.379275 -2.083847 0.900411 
343 -0.149232 -0.894296 -1.738149 -0.441743 0.577408 
344 -0.777737 -0.766695 -1.271498 -1.354914 0.895863 
839 -0.172534 -0.850129 -1.522763 -0.914487 0.690217 
345 -0.825809 -1.895106 -1.037896 -0.419048 0.997465 
825 0.116515 -2.027288 -1.838490 -1.234309 1.660421 
346 -0.558472 -1.269545 -1.696739 -0.461507 0.834648 
351 -1.024260 -1.203357 -1.680303 -0.322063 0.696998 
354 0.132992 -0.380503 -1.185993 -0.472776 -0.501940 
644 0.930759 -1.233858 -1.098864 -1.508325 0.429221 
386 -1.180506 -1.284839 0.196861 -0.576114 0.434278 
794 -0.813873 -0.951906 -0.978834 -3.223646 1.302951 
797 0.026257 -0.990335 -1.373223 -2.014019 1.053341 
841 -0.291187 -1.837730 -2.048865 0.333195 0.510933 
381 -0.670954 -0.140644 -1.084403 -0.547440 -0.227303 
491 0.224894 -2.452876 -0.547624 -1.470498 1.498794 
561 0.934046 -3.074521 -1.137268 -0.044939 0.728583 
756 0.141172 -1.194245 -2.927728 -1.396313 1.128468 
809 1.013072 -2.373806 -1.963313 -0.208506 0.570737 
857 -0.368568 -1.510281 -0.893317 -1.419301 1.148557 
901 -0.374302 -2.170615 -1.772332 -0.515172 1.290361 
908 -0.205043 -2.694829 -1.941553 -0.554593 1.626534 
1498 -1.473875 -0.456273 -0.009557 -3.173096 -0.125045 
375 -1.217148 -0.707140 -0.255957 -1.150009 0.225725 
376 -0.257213 -0.675018 -0.399886 -1.791039 0.533356 
537 -0.279692 -0.868329 -0.144550 -1.917512 0.598548 
587 -0.892568 -0.388511 -2.893271 -0.888992 0.365128 
716 -1.462821 -1.313571 -0.834686 0.328549 -0.345871 
750 0.024891 -2.672998 -1.188208 0.235845 0.894178 
1520 -3.537714 0.314737 -3.004847 -1.447464 -0.930548 
363 -0.643862 -1.050258 -0.653590 -0.097809 0.098144 
366 -0.483586 -2.189112 -1.539833 0.736591 0.174728 
1503 0.514253 -0.604403 -2.975718 -2.511077 0.539941 
368 -0.820329 -0.895275 -1.525142 0.086578 0.055771 
1585 -0.199576 -0.604006 0.263581 -2.024799 -0.455078 
371 -0.294333 0.308196 -2.252121 -0.797264 -2.476553 
374 -0.145600 -0.408581 -2.024049 -1.080250 0.391778 
1506 -1.778535 -0.568140 -0.653573 -2.529246 0.457960 
638 -0.549710 -1.180076 -1.779940 -1.544217 1.177660 
765 -0.756170 -0.370289 -0.949135 -0.810881 0.228874 
1125 -1.120548 -0.100114 -0.896351 -3.259900 -0.011524 
1509 -2.229449 -0.212877 -0.363235 -3.436087 -0.158647 
684 -0.169922 -2.147046 -0.422982 -1.907570 1.413151 
380 0.525447 -2.083785 -1.159044 -1.526645 1.386999 
927 -0.021329 -0.460039 -1.904215 -0.662261 0.010267 
582 -0.663081 -0.885813 -0.776434 -0.453520 0.451935 
548 -2.158554 -1.296993 -2.422496 0.404327 -0.324694 
1513 0.562939 -0.763373 -3.870484 -0.936876 -0.058024 
384 -0.438073 -0.984303 -1.661604 -1.115885 0.888936 
1515 -2.308567 -0.299441 -0.288086 -1.837821 -2.236145 
389 1.251509 -2.261939 -0.841639 -1.144204 0.609105 
569 1.001073 -3.072021 -0.742438 -0.237990 0.773106 
953 0.256772 -4.027840 -0.611594 -1.184540 2.074763 
431 -1.369856 -1.977526 -0.126462 -1.553607 0.860595 
433 -0.213356 -0.604885 -0.849112 -0.171809 -0.337217 
398 -1.084121 -1.657067 -0.527519 -0.020733 0.421108 
402 -0.928288 -0.690342 0.470558 -2.043451 0.007396 
1519 -2.808267 -0.085359 -1.048115 -2.109590 -2.595781 
640 1.327354 -1.642098 -2.113545 -0.094117 -0.562429 
408 1.480903 -2.684557 -1.080904 -1.100457 0.598124 
411 -1.512674 -0.174533 -0.749780 -0.305519 -1.352517 
570 1.267348 -1.494737 -1.453177 -0.193753 -0.316058 
572 -0.106757 -3.238384 -0.719234 -0.481313 1.527423 
410 -0.666733 -1.129670 -0.952573 -0.802772 0.834067 
894 0.834840 -0.933263 -1.112453 0.099734 -1.305485 
1522 -2.845217 -1.036536 0.871716 -3.015824 -0.763764 
414 0.035720 -0.575173 -1.679407 -1.596910 0.600175 
413 -0.174261 -0.105032 -0.526269 -1.584077 -0.636463 
602 -0.219753 -0.749547 -1.938801 -1.150056 0.789321 
450 -0.747814 -1.100295 -1.299979 0.428771 -0.246173 
418 -0.760110 -2.281848 -0.540295 -0.121948 0.808861 
422 -0.604739 -0.299161 -1.528151 -0.721403 0.051394 
755 -2.538351 -0.675976 -1.158273 -0.648931 -0.142357 
601 -0.496064 -1.329724 -2.264833 -1.630280 1.322484 
681 0.051233 -0.382611 0.017104 -1.394288 -0.679402 
426 0.035192 -1.035980 -0.179395 -1.104740 0.462901 
427 -0.036616 -2.568685 -0.826243 0.154462 0.808467 
941 -1.010841 -2.396783 -2.962806 0.325301 0.858890 
428 -0.908939 -0.385138 -1.299586 -0.457100 -0.129121 
429 -1.262633 -0.622241 -1.172396 -0.387305 0.061054 
567 0.049002 -0.048317 -0.008872 0.033509 0.042141 
434 -1.544654 -0.637765 -2.104306 -0.753371 0.326518 
1527 -3.331852 -0.648219 -1.490351 -0.278146 -1.574757 
439 0.723080 -1.560278 0.388205 -2.882232 -0.424218 
1533 -0.002000 -1.276307 1.069626 -3.299000 -2.831021 
1534 0.535942 -2.655958 0.676006 -3.849075 0.134858 
440 1.213509 -1.730097 0.110636 -2.267313 -0.150248 
1532 0.519154 -2.453016 0.825408 -3.845307 -0.193222 
1535 -0.483364 -1.970039 1.639524 -4.144797 -2.212874 
879 -0.705727 -1.912601 -0.705496 0.363418 0.335150 
443 0.024301 -0.824180 0.085796 -0.915165 0.060228 
618 1.392425 -2.100979 -0.828747 -1.998941 0.717281 
1017 -0.005683 -2.535808 0.103247 -2.212614 1.251187 
446 -0.137846 -0.864377 -2.742188 0.205195 -0.248245 
447 0.460717 -1.254534 -0.425313 -0.722611 0.410092 
449 -0.431333 -3.059408 -0.155309 -0.376605 1.153734 
448 -1.123425 -0.681971 -1.535346 -1.003438 0.668786 
452 -0.143204 -1.888766 -0.823681 -0.859195 1.235712 
1538 -3.553998 -1.116576 0.332823 -2.366667 -0.651851 
456 -0.880857 -1.469055 -0.197833 -1.071818 0.558563 
459 0.008841 -2.290790 -1.013253 -0.399838 1.233939 
595 -0.072052 -3.082647 -0.990158 -0.319518 1.396594 
460 -0.846815 -1.608261 -0.123217 -0.591711 0.589007 
1544 0.992197 -0.977364 -0.111881 -2.009201 -0.635317 
462 0.266199 -2.810223 -0.909853 0.366234 0.572237 
463 -0.822107 -1.264354 0.475010 -2.537928 0.511017 
1545 -0.946561 -0.417239 -1.421430 -4.337047 0.830493 
1547 0.852855 -1.321195 -1.421899 -2.353642 0.668320 
1562 -0.146665 -0.526005 0.196219 -2.106270 -0.656050 
467 0.338930 -0.665169 -1.735262 -0.937734 0.349874 
473 -0.197268 -1.452592 -0.616606 -1.308268 0.961744 
698 -0.497342 -0.732653 -1.254091 -1.256251 0.888590 
877 -0.820238 -0.256175 -1.056849 -1.450587 0.049720 
1034 0.575765 -1.590742 -1.937727 -3.520976 1.457373 
480 -1.620764 -1.256343 -0.048918 0.049151 -0.246348 
482 -0.395763 -1.603545 -1.706290 0.058709 0.663597 
483 -1.805542 -1.555643 0.254646 -0.157347 -0.114199 
478 -0.004258 -1.363263 -1.150084 -0.147723 0.494686 
928 -1.696989 -0.242917 -3.144339 -0.860424 0.093471 
470 0.158312 -2.563888 -1.929997 -0.109341 1.208345 
605 -1.416638 -1.888205 -1.538308 0.436192 0.308554 
648 0.101643 -0.577792 -0.637597 -1.025746 0.128206 
499 0.187062 -0.903484 -0.404990 -1.221556 0.358584 
476 -2.088803 -2.237525 -0.151191 0.113236 0.329174 
1555 0.025504 0.012342 -0.082210 -0.081887 0.051785 
1557 -0.077651 -0.265213 -2.135629 -2.839838 0.042928 
484 -0.627697 -1.799213 -0.663698 -0.316157 0.818330 
635 0.688082 -0.810056 -2.532055 -0.359111 0.065057 
522 -0.213212 -1.641103 -2.309222 -0.463368 1.089322 
759 0.858846 -0.794913 -1.491149 -0.447129 -0.463660 
990 0.180505 -0.793622 -2.475037 -2.399559 1.122636 
991 0.077423 -0.259886 -1.648806 -2.181650 0.374102 
757 1.328713 -1.410028 -1.610384 -0.622315 -0.156129 
494 0.001258 -1.704453 -1.409956 0.838446 -2.074248 
628 -0.351343 -2.757668 -1.406850 1.059090 0.162959 
900 -0.454308 -0.284236 -1.062904 -1.420877 0.345303 
1563 -0.142968 -0.430788 -0.043517 -2.203824 -0.629626 
540 -1.562325 0.042868 -1.310071 -1.260309 0.016550 
498 0.800147 -1.510172 -0.460019 -1.501099 0.627845 
680 -1.454635 -2.909461 -1.365302 0.236692 1.050760 
1564 -1.930470 -0.621467 -0.357545 -3.853205 0.533764 
1565 -0.707852 -1.020328 -2.562700 -2.904982 1.621503 
822 0.053956 -1.699111 -1.302750 0.264165 0.360233 
671 -0.416203 0.108840 -1.852819 -1.317039 -0.527345 
1008 1.494579 -1.528117 -0.794621 -2.441897 -0.237426 
626 -0.862491 -1.749959 -0.013377 -1.837548 1.176055 
507 0.336080 -1.488702 -1.618476 0.096966 0.333990 
610 -0.491349 -0.911881 -1.150346 -2.137678 1.004504 
955 0.028213 -1.773411 -0.129247 -4.032453 0.994767 
1574 -3.843399 -0.954368 -0.955620 -1.861528 -0.176591 
531 1.225548 -1.980949 -0.842770 -1.604066 0.679940 
536 -0.328225 -0.694837 -0.130431 -0.791767 0.012255 
509 -0.100646 -0.816506 -0.095350 -1.124187 0.342087 
510 -0.435342 -0.767522 0.465028 -2.441023 -0.079958 
682 -1.155299 -1.413578 -0.055516 -2.753036 1.147008 
1578 -2.474396 -0.432897 -0.429198 -3.978829 0.027134 
513 -1.690167 0.173857 -0.749555 -1.469685 -0.940575 
1579 -2.474194 -1.409284 1.118458 -1.976277 -1.790447 
514 -1.940595 -1.755107 0.258729 -0.259247 0.111259 
923 -1.278774 -0.296478 -4.318238 -1.483766 0.518182 
515 -0.815116 -0.509393 -0.909227 -2.483318 0.574280 
516 -0.505587 -1.010240 -0.043567 -0.440517 0.113185 
1584 -2.769865 0.008652 -1.233232 -1.887131 -1.748470 
520 0.215537 -1.260081 -0.720343 -0.676550 0.519678 
1007 -0.096197 -2.155583 -2.049367 -1.169505 1.782477 
1009 1.286051 -2.412849 -0.476525 -2.644339 0.516423 
521 -0.237543 -0.643819 -0.269258 -1.877271 0.469072 
526 0.105157 -1.348755 -1.119413 -0.902583 0.883737 
676 0.222536 -1.459584 -0.768759 -1.644771 1.078905 
527 -0.529270 -3.170671 -0.493403 0.115090 0.982110 
524 0.283914 -1.260150 -0.477515 -0.295732 0.308800 
525 -0.184257 -2.076858 -0.442377 -0.048424 0.666077 
677 0.257616 -1.591769 -1.809306 -2.166561 1.589231 
529 1.316191 -1.171728 -0.977265 -1.343699 -0.256590 
732 0.325686 -0.993771 -0.835723 -2.430645 0.966695 
532 0.068933 -2.024614 -1.232196 -0.542745 1.231678 
530 -0.860931 -2.095876 -1.831897 0.535342 0.548198 
535 -0.580430 -1.427267 -0.228968 -0.370126 0.539895 
649 -1.457461 -1.138933 0.451086 -2.089782 0.552646 
954 0.428842 -2.160216 -0.657417 -1.990062 1.390830 
1588 -0.928154 0.317125 -3.634537 -0.570790 -1.426619 
998 1.690237 -0.884377 -1.261971 -1.830599 -1.779192 
623 -0.807265 -0.759887 -3.023652 -0.061251 0.011977 
905 -1.396194 -2.288240 -2.792548 0.097132 0.973817 
962 -1.164098 -2.833437 -2.115008 0.370328 1.154971 
545 -1.063080 -3.069289 -0.587610 0.275365 0.706565 
835 -2.582493 -1.381882 -0.928491 -0.496421 0.201780 
876 -0.072964 -1.641793 -2.005955 -1.563790 1.567766 
1594 -3.502734 -2.165972 0.435199 -0.072601 -0.551807 
552 -1.098783 -2.578284 -0.324006 -0.143320 1.012967 
1595 -0.925781 -1.649447 -1.221838 -1.293561 1.163251 
679 0.008836 -0.891726 -2.315434 -1.818424 1.155213 
1732 -1.105201 -0.367253 0.093789 -3.978399 -0.896137 
1601 -0.258701 -3.619232 0.772791 -3.483676 1.319755 
562 -1.282467 -1.325457 -0.364225 -1.126116 0.573693 
566 0.812844 -1.280801 -1.219188 -0.390738 0.056847 
1603 -1.866022 0.689066 -2.568019 -2.267573 -3.188830 
652 -1.599970 -1.587895 -0.894234 -1.463961 0.939390 
1605 -0.820778 -0.426782 0.076244 -0.774848 -2.340684 
1029 -0.992970 -0.437281 -1.736665 -1.123869 0.569187 
1607 0.193316 -0.148986 -3.545471 -1.598503 -0.122708 
609 -1.140295 -2.506513 -0.239161 -0.378715 0.868622 
620 -0.321044 -0.223069 -1.131777 -0.471313 -0.636896 
633 0.007418 -2.669313 -1.288867 0.566250 0.617112 
646 -0.916859 -0.322907 -2.199026 -0.845092 0.375181 
657 -0.749834 -0.856652 -0.917556 -1.817701 0.971928 
664 -1.734988 -0.986285 -0.594770 -0.563540 0.367914 
673 -0.616535 -1.501999 -0.556508 -1.507843 1.092457 
695 -0.882030 -1.373354 -0.827181 -0.062974 0.402865 
699 -1.039406 -2.305394 -0.681720 -0.208515 0.971110 
728 0.016140 -1.230015 -2.562752 -1.157626 1.253072 
731 -0.842003 -0.600317 -1.279933 -0.702152 0.412149 
734 -0.664138 -0.018300 -1.832172 -0.464964 -0.918210 
752 -0.055823 -1.301102 -2.537231 -1.246988 1.242005 
770 0.170781 -2.614605 -0.669789 -1.127311 1.405444 
804 -0.866997 -1.302267 -1.756062 -0.917983 1.042705 
810 -0.806248 -3.361621 -0.152499 -0.388325 1.284216 
815 -1.240491 -3.856918 -0.025902 -0.313208 1.199916 
828 -2.704394 -1.796201 -1.757411 -0.682978 0.702877 
831 -1.188971 -3.349965 -0.414934 -0.073965 1.036556 
845 -0.946719 -1.275558 0.740615 -2.438679 0.286214 
852 -1.651815 -1.858774 -0.710555 -1.160583 1.020947 
858 0.682013 -0.881755 -1.302963 -1.917153 0.263003 
880 -1.548283 -1.554015 -0.291484 -1.264853 0.727484 
881 -2.342248 -0.545019 -0.977905 -0.875491 -0.157076 
895 -0.462006 -2.092771 0.544224 -2.652302 0.866912 
907 -0.892336 -1.466305 -3.378186 0.251868 0.236221 
920 -0.684554 -2.162560 -1.620316 0.214303 0.822903 
924 -0.718719 -1.703022 -1.156997 -2.473414 1.701343 
939 -1.461851 -3.540550 -0.255731 -0.069021 1.022035 
946 -2.176383 -0.647483 -0.974169 -0.757190 -0.082298 
951 -1.589583 -3.265881 -1.128114 -0.073662 1.291337 
992 -0.251164 -1.282140 0.583004 -2.529809 0.392608 
995 0.045464 -3.350768 -0.490534 -0.954025 1.614896 
997 -0.457404 -0.150135 -0.958505 -1.494457 0.074112 
1002 0.576127 -1.292200 -0.338748 -1.699365 0.646998 
1010 -0.918492 -3.358757 -0.217603 0.036375 1.016396 
1028 -0.524281 -0.034958 -1.725931 -1.103812 -0.237345 
1030 -1.935883 -1.950783 -0.830457 -1.715330 1.132296 
1033 -0.878934 -0.635391 -1.331111 -1.375301 0.714370 
1077 -0.441392 -1.532954 0.085192 -3.248326 0.837179 
1095 -1.487101 -0.313718 -0.770274 -2.562496 0.423815 
1106 -1.854024 -0.701545 0.461280 -1.525368 -2.665958 
1107 -0.950273 -0.544918 -1.797018 -2.101462 1.046529 
1121 0.982629 -0.488332 -2.621138 -2.764599 -0.344334 
1150 -1.908535 -1.582248 -1.731359 -1.649237 1.100715 
1160 -2.323244 -1.059145 0.572611 -1.632670 -1.047459 
1161 -1.747284 -0.724996 0.504769 -1.299764 -0.733633 
1163 -2.062300 -1.045682 0.542612 -1.596940 -0.794770 
1164 -0.681564 -1.021258 -0.029917 -3.813938 0.821076 
1166 -1.203147 -2.272026 1.028017 -2.816148 0.459387 
1167 -0.689629 -1.122200 0.759461 -2.589024 -0.118080 
1175 -0.918803 -0.547980 0.521458 -2.531762 -0.903362 
1216 -1.840383 -1.116718 0.762452 -1.152767 -0.415822 
1243 -3.676136 -0.170265 -1.368641 -1.796859 -0.817825 
1281 -2.286917 -1.077121 0.556771 -1.684846 -1.013335 
1343 -0.642906 0.187084 -0.568962 -1.802788 -2.026180 
1429 -2.622506 -2.242587 1.205429 -2.613765 -0.090568 
1440 -1.746987 -1.120108 0.619083 -2.542425 0.036925 
1441 -0.345029 -3.195527 0.524354 -2.986636 1.307644 
1452 -0.102834 -1.904530 -1.126200 -3.466116 1.751427 
1465 -2.637976 -0.253506 -0.248000 -2.922783 -0.447652 
1467 -3.954393 -1.640646 -0.206376 0.190310 -3.324854 
1479 -3.076129 -1.451139 -0.767760 -0.405031 -0.041547 
1487 -2.225304 -1.176315 -1.185805 0.168978 -0.258648 
1488 -3.021559 -2.258625 1.261503 -2.496110 -0.381736 
1511 -0.593650 -2.836603 0.543694 -2.210305 1.130785 
1514 -3.115618 -1.171083 0.627743 -1.432373 -2.108168 
1529 -2.496782 -1.212365 0.642553 -1.719531 -1.069531 
1561 -0.582261 -0.645674 -0.173068 -1.524830 0.302832 
1567 -2.645275 -0.639139 0.216313 -2.671958 -0.891070 
1580 -0.866957 -0.819774 -0.876784 -3.648046 0.853275 
1582 -0.562061 -2.919236 0.647757 -2.463295 1.173512 
1589 -2.720578 -1.990130 0.844786 -2.238948 -0.013219 
1598 -1.074607 -3.447505 0.127162 -2.508534 1.746877 
1620 -0.537504 -3.081705 0.499650 -2.471962 1.298428 
1623 1.007612 -1.257438 -2.331124 -0.164791 -3.840052 
1625 -3.689964 -1.150530 0.032182 -2.402630 -0.609696 
1629 -0.529624 -2.726251 0.527638 -2.749993 1.191314 
1632 -1.827505 -0.879234 0.178164 -1.549082 -0.149845 
1635 -1.044868 0.114248 -0.894393 -1.178056 -0.798304 
1638 -2.555853 -1.501995 1.100641 -1.846963 -1.574106 
1639 0.220571 -4.087629 -0.446314 -2.021428 2.085896 
1642 -1.542673 -0.221613 -1.304868 -2.134035 0.438046 
1653 -0.969803 -2.710261 -1.464512 -0.841789 1.642809 
1656 0.175789 -0.662136 -0.268224 -2.153554 -0.129814 
1658 -0.112379 -3.563337 0.453353 -2.966828 1.490117 
1673 -2.515454 -1.143838 0.545081 -0.519916 -0.808081 
1683 1.957798 -1.245280 -1.974758 -1.744150 -0.846684 
1685 -2.354929 -0.211178 -0.490064 -2.975153 -0.245036 
1699 -1.182001 -1.350940 -2.128562 -2.612738 1.662073 
1707 -2.189899 0.165794 -0.583306 -4.606642 -1.702988 
1718 -1.894134 -0.441348 -1.562111 -4.430462 1.052865 
1728 -1.980656 -0.500053 -2.029666 -4.517379 1.151109 
1730 -2.514146 -1.290667 0.602012 -1.733017 -1.125899 
1736 -2.603494 -1.328202 0.662822 -1.831018 -1.160076 
1740 -2.827035 -1.370881 0.859616 -2.130557 -1.248373 
1742 -2.427818 -1.194765 -0.098012 -1.365016 0.048321 
1749 -1.356222 0.043157 -0.552405 -2.193597 -0.704233 
1753 0.088472 -1.195987 0.333971 -3.495212 -0.586101 
1754 -1.902072 -0.327471 -0.781021 -1.727483 0.102595 
1756 -0.540891 -3.108858 0.496571 -2.447799 1.260531 
1757 -3.242419 -2.131192 0.997450 -2.538879 -0.306728 
1765 0.526259 -2.855609 -1.544637 -3.576771 2.350828 
1772 -3.269092 -2.100621 0.999513 -2.427660 -0.393909 
1777 -0.813704 -0.623366 -0.565012 -0.353403 -2.837250 
1784 -3.817444 -1.012530 0.099967 -2.516833 -0.831968 
1798 -1.250852 -0.529698 0.570953 -1.817236 -1.457436 
1799 -1.732992 -1.971540 -0.025556 0.078007 0.286382 
1802 -2.194851 0.730151 -2.855994 -1.982100 -2.387576 
1805 0.534598 -3.669662 1.162291 -0.574673 -2.322027 
1609 -2.043336 0.347734 -1.793303 -1.983891 -2.592167 
604 0.174573 -0.617939 -1.074327 -0.089183 -0.628457 
608 -0.630318 -2.794075 -1.172138 -0.111424 1.306122 
693 -0.364222 -0.523726 -1.573384 -1.663095 0.524060 
817 -1.946664 -1.189520 -1.355799 -0.203891 0.191474 
820 -1.288724 -1.666257 -1.747410 0.453648 0.210364 
832 -0.825217 -1.092406 -0.594839 -1.963403 1.128693 
918 -0.351579 -3.089408 -1.246062 -0.266410 1.503393 
937 0.826709 -2.216767 -0.407003 -1.710727 1.153995 
950 -1.560790 -3.059278 -0.827172 -0.203424 1.174004 
996 -0.723104 -2.455853 -1.921568 -0.518776 1.607378 
1024 -2.012556 -0.801303 -0.027218 -2.100297 0.327908 
1032 -1.170963 -0.722136 -0.870903 -1.185656 0.584187 
1474 -2.057515 -0.525111 -2.797352 -0.296978 -0.128759 
1541 -4.005507 -0.495608 -1.694552 -3.422138 0.146161 
1706 -2.263016 -0.197249 -0.317194 -2.190329 -0.319128 
1612 -1.216995 -0.896442 -1.801857 -0.648707 0.457638 
696 -1.595579 -1.151264 -0.879770 0.291108 -0.809876 
641 1.022086 -0.736808 -2.120622 -0.075948 -1.563805 
599 -1.867135 -1.345417 -1.608557 -0.631298 0.675010 
603 -0.670232 -0.147895 -0.451528 -0.986921 -1.562009 
613 -1.148119 -0.597898 -3.910452 -1.148083 0.723406 
1619 0.317128 -0.596408 -0.241332 -2.219016 -0.370410 
643 1.604252 -0.784598 -1.488584 -1.203912 -1.157627 
1628 -0.287358 -2.368086 -1.193118 0.971001 -2.639450 
1630 0.425590 -0.285800 -2.636399 -0.243974 -1.929041 
1631 -2.477330 -0.351076 -0.810256 -1.505032 -3.668021 
987 0.963137 -2.686660 -0.654677 -1.516818 1.259336 
1374 -0.581561 -0.433633 -5.364721 0.226613 -1.831703 
663 0.189560 -0.466270 -2.417194 -0.663059 0.116363 
1640 -0.306261 -0.531271 -0.325544 -2.015288 -3.739813 
1762 -0.875478 -0.146120 -2.363546 -2.764716 0.705518 
670 1.318964 -1.131893 -0.867656 -1.425834 -0.299215 
1647 -2.736722 -0.040941 -1.084119 -1.781852 -2.089238 
1648 0.156799 -0.289167 -0.156771 -1.635664 -1.590599 
713 0.904744 -0.758496 -0.876549 -1.149862 -0.392738 
1649 -0.657710 -2.127591 0.908612 -2.120520 0.640248 
683 1.137599 -0.891350 -1.414662 -1.176216 -0.107811 
692 -1.354704 -1.345899 -0.345497 -1.119375 0.560923 
1659 -0.463520 -1.773146 -0.994457 0.373293 -3.821837 
1660 -0.575397 -0.094159 -1.375545 -2.042363 0.031064 
730 -2.562965 -0.479909 -1.366414 -0.426783 -0.572008 
1531 -2.300831 0.352223 -2.863587 -0.770618 -1.779563 
1686 -2.299310 0.293305 -2.634023 -0.863003 -1.469361 
1774 -2.468102 -1.013392 0.444961 -1.460881 -3.342891 
1530 -1.383802 0.112520 -2.394479 -0.543047 -0.988169 
1678 0.470172 -0.841594 -0.309704 -2.492283 -0.463379 
1733 -0.950968 -0.535297 -1.474222 -3.933115 0.498707 
1755 -0.419410 -0.295473 -1.988715 -5.383842 -0.652700 
1680 -2.075399 -0.670312 -1.086183 -0.126925 -0.965535 
932 -0.612477 -3.295660 -1.770200 0.469679 1.240876 
856 -0.988192 -2.636014 0.067478 -0.417344 0.945276 
993 -0.288174 -3.055797 -0.704807 -0.311850 1.334940 
1684 -1.233137 -2.431890 -0.072912 -1.790778 1.088318 
1692 -2.027171 -0.215321 -0.164866 -4.041394 -0.769453 
1693 -1.540744 0.151669 -0.655698 -4.792525 -2.879764 
925 0.839200 -0.859711 -2.848158 -1.799648 0.473957 
760 -1.516414 -1.471348 -0.316166 -1.153418 0.618640 
769 -1.291178 -0.941161 -2.727992 -0.817782 0.816630 
1473 -0.647478 -0.113336 -0.849885 -3.501044 -0.622716 
1486 -0.682827 -0.319458 -1.898399 -3.054048 0.506560 
1581 -0.112048 -0.435103 0.081842 -2.143273 -0.754127 
1583 -0.183473 -0.438944 -2.242328 -3.275979 0.400362 
1646 0.045764 -0.926964 -1.908325 -4.544714 0.517590 
1752 -0.708244 -0.067161 -1.142985 -3.743929 -0.730556 
1776 -1.244752 0.074336 -1.016982 -1.206123 -0.852180 
1725 -2.169012 -0.195900 -2.478818 -4.074773 0.861415 
1769 -1.534451 -0.727588 -1.127625 -2.246223 0.941445 
829 -0.370080 -1.078202 -0.919691 -2.029787 1.385291 
840 -0.752731 -1.099164 -1.349317 0.268603 -0.213847 
1744 -0.010625 -0.089807 -0.079525 -0.054429 0.027823 
1745 0.012580 -1.011236 0.027976 -2.440180 0.264989 
1763 -1.067225 0.044549 -1.045341 -2.189396 -0.203381 
1747 0.380869 -0.832315 0.113931 -2.455094 -0.586310 
871 -1.476059 -0.771836 0.862808 -2.247203 -1.281583 
1751 -0.492489 -0.926410 -0.337055 -3.989721 0.517023 
1758 1.346263 -1.010400 -1.174491 -2.446336 -0.617955 
1566 0.334206 -2.533229 -1.213907 -3.154387 2.009623 
1766 -1.608745 -1.752155 -1.121154 -1.624605 1.053118 
944 -1.317275 -2.494318 1.041309 -1.904613 0.693315 
1773 -2.692115 -0.068569 -1.109932 -1.509798 -2.262658 
1786 1.026852 -1.332506 -0.385547 -3.891150 -1.369425 
1674 -2.837222 -0.320769 -1.986832 -0.182922 -1.745992 
1015 0.830312 -1.533130 -1.430737 -1.490905 0.924068 
1016 1.466994 -1.959073 -0.203688 -2.611997 0.046752 
999 1.388732 -0.936771 -1.789265 -1.744821 -0.342570 
1789 -1.967427 -0.313700 0.141393 -3.691396 -0.954936 
1795 -1.684333 -0.467685 0.310319 -3.797236 -0.868200 
1796 -1.753675 -0.295890 -0.328857 -1.013221 -0.608656 
1800 -2.108950 -0.662101 -0.106963 -1.206151 -0.430164 
1037 -0.432698 -1.801081 -0.598857 -1.630042 1.493606 
1041 0.029368 0.065119 -0.006950 -0.091060 -0.094145 
1042 -1.446664 0.013315 -1.258971 -1.120644 -0.115471 
1396 -2.707340 -0.814780 0.439718 -1.791975 -2.118506 
1044 -0.289020 0.391917 -2.100146 -2.044335 -1.457938 
1045 0.736736 -0.630235 -0.391234 -2.322804 -1.542014 
1398 -2.416549 -0.216609 -0.766393 -1.641947 -1.699502 
1399 -2.692927 -0.907723 0.577592 -1.843048 -2.092792 
1047 -0.497288 0.369667 -2.716425 -1.514688 -0.517104 
1048 1.812420 -1.090625 -1.471606 -1.051299 -2.973357 
1050 -0.073290 -0.082417 -0.052869 -0.059334 -0.012079 
1051 -0.798910 0.204996 -1.363936 -2.374617 -0.607977 
1425 -0.923909 -0.518672 0.606451 -3.196827 -1.858765 
1426 -2.871434 -0.285083 -0.496792 -2.328418 -2.132320 
1053 0.053761 -0.022721 -0.098647 -0.066748 -0.029641 
1054 0.467190 0.189653 -1.704692 -2.164113 -1.463654 
1056 -0.020937 -0.041915 0.070982 0.097592 -0.016792 
1057 0.170006 -1.264360 0.444902 -2.882250 -0.457373 
1431 -1.164747 -0.614886 0.172806 -1.399948 -0.381757 
1059 -0.012159 0.000959 0.079920 -0.015018 -0.097588 
1060 -0.333436 0.175677 -2.261520 -1.781862 -0.259096 
1435 -1.371674 -0.765690 0.876605 -2.775165 -1.429640 
1062 -0.299089 -0.573222 0.423063 -1.735371 -0.599830 
1063 -1.358242 0.098097 -0.535869 -2.050147 -0.804531 
1065 0.049788 0.082537 -0.017101 -0.087585 0.077538 
1066 -0.382699 0.104202 -0.863446 -1.480183 -1.046989 
1068 0.029534 0.044419 0.053924 -0.092912 0.063931 
1069 0.536399 -1.087770 0.103559 -2.717035 -0.778230 
1443 -3.073155 -0.140249 -1.342519 -1.826563 -1.886224 
1444 1.224066 -1.454023 -0.095201 -3.678494 -1.754370 
1071 0.013676 0.090186 0.067620 0.014256 0.087947 
1072 -0.571785 -1.382264 1.038867 -3.549705 -1.003270 
1446 -2.612263 -1.037660 1.051168 -2.756866 -2.326028 
1074 0.054932 0.083974 0.024170 0.088741 -0.087437 
1075 -0.802757 0.180846 -1.096224 -1.532931 -0.509107 
1449 -0.308436 -0.305689 -0.054891 -1.802160 -0.925114 
1078 -0.177961 -0.478390 -0.181060 -0.555146 -0.332107 
1079 0.819589 -0.023738 -2.283349 -2.698252 -1.173115 
1081 -2.659605 -1.235688 0.791095 -1.088434 -2.680540 
1084 1.851602 -1.867917 -1.083688 -1.361456 -0.283592 
1085 -2.503173 -0.303141 -1.133630 -0.573613 -1.220228 
1087 0.012632 0.068662 0.016806 -0.002965 -0.055035 
1088 1.500710 -0.858543 -1.128401 -1.226963 -1.324106 
1090 0.074619 -0.050711 -0.043980 -0.062882 -0.088428 
1091 1.581126 -0.992669 -1.256714 -0.926321 -1.232616 
1469 -0.911294 -0.194202 -0.956155 -1.711929 0.037251 
1094 -0.055235 -0.318407 -0.190969 -0.925408 -0.609389 
1096 -0.848516 -1.765588 1.196994 -3.607394 -0.717891 
1159 0.958606 -0.256923 -2.475837 -4.096051 -1.202344 
1098 0.148277 -0.509990 -0.502002 -0.971274 0.074959 
1099 0.606323 -0.281950 -1.259665 -0.723332 -1.912006 
1101 -0.015045 0.030554 0.006870 -0.082609 -0.030034 
1102 0.301486 -0.130176 -2.525929 -1.746297 -0.166692 
1104 -0.000431 0.025315 -0.028612 0.061973 0.027973 
1105 -0.815756 -0.346040 -0.223923 -1.014546 -2.587370 
1108 -0.065509 -0.470378 -0.716702 -0.745773 -2.839945 
1110 0.088616 0.048429 -0.054411 -0.083480 -0.048329 
1111 0.214052 -0.282703 -1.760476 -2.295798 0.116218 
1113 -0.041559 -0.039542 0.058866 0.046509 0.063563 
1114 -2.186166 -0.961945 0.527442 -1.572976 -0.984721 
1497 -1.480245 0.256457 -1.289940 -1.732663 -3.072217 
1115 0.434434 -1.249762 0.414062 -2.801318 -0.347193 
1117 -1.357005 -0.518502 -1.632749 -0.114982 -1.138734 
1221 -2.331303 0.169076 -0.846789 -2.216781 -1.244635 
1500 -0.577465 -0.350756 0.135087 -1.706782 -0.408949 
1120 -1.828733 -1.027959 1.061557 -2.262297 -2.780274 
1123 0.008977 0.078144 -0.057438 0.012990 0.059776 
1124 -0.600785 -2.577950 0.834030 -2.278791 1.012438 
1510 0.075977 -0.902538 -1.353624 -4.177048 0.966620 
1127 0.094900 0.029223 0.012238 0.069359 0.016820 
1128 1.169154 -0.746319 -0.952562 -1.714247 -0.910905 
1130 -0.031995 -0.019685 0.039901 0.067808 0.001038 
1131 -0.987011 -0.099261 -0.168617 -2.724355 -1.098198 
1516 -2.579340 0.104416 -0.977798 -3.173497 -0.609912 
1133 -0.057376 0.029604 0.095921 -0.095074 0.012610 
1134 0.397860 -1.079181 0.133196 -2.625324 -0.390316 
1518 -1.680377 -0.222748 0.201687 -2.953382 -2.356917 
1136 0.022609 -0.019027 0.055220 0.086133 0.069329 
1137 -1.760677 -0.280290 0.163792 -3.036357 -0.308362 
1521 -2.400881 -0.041677 -0.845843 -1.795803 -3.114194 
1139 0.009244 -0.047248 0.024762 -0.072779 -0.033360 
1140 -1.169361 -0.110791 -0.008529 -2.459236 -1.354015 
1524 -1.476177 -0.008394 -1.265022 -1.262150 -3.626605 
1525 -2.874711 -0.055330 -0.422917 -4.177485 -2.466341 
1142 -0.093987 0.053277 0.054587 0.021946 -0.031258 
1143 -0.327944 -0.407353 0.212896 -2.279556 -2.471500 
1528 -2.363780 0.616401 -2.050137 -4.145296 -2.383319 
1145 -0.055600 -0.649702 0.354164 -2.606900 -1.669689 
1146 1.671259 -1.483048 -1.417419 -1.203588 -0.520020 
1536 1.817651 -1.874957 -0.485822 -3.518703 -1.965959 
1147 0.044475 -0.054704 -0.013336 0.015633 0.069469 
1148 -0.597290 -0.956748 0.133402 -3.288583 0.486926 
1152 -1.305888 -1.104551 0.867615 -3.696107 -0.697031 
1154 0.005403 0.084819 0.044751 -0.088481 -0.057795 
1155 -0.108988 -0.377373 -0.978623 -0.736673 -2.829751 
1548 -2.711613 -0.204211 -1.040690 -1.571683 -1.391319 
1549 -0.355787 -0.191921 -0.127528 -1.719532 -1.015151 
1157 -0.224594 -0.452293 -0.202366 -0.541465 -0.339503 
1158 1.374695 -0.640706 -1.291485 -2.799266 -1.833864 
1162 -0.959751 -1.134626 1.094223 -4.019739 -1.579202 
1165 -2.546820 -1.548583 1.034470 -1.296915 -1.091437 
1168 -2.185358 -1.710668 1.460015 -3.074398 -1.090643 
1169 -0.021942 -0.097872 -0.048959 0.036380 0.008645 
1170 -1.509165 0.236126 -2.157488 -1.481411 -0.220363 
1172 1.789714 -2.133234 -0.901942 -1.645248 -0.092026 
1173 0.155064 0.019134 -2.929413 -1.221594 -0.369659 
1568 -3.027289 0.230097 -1.788065 -3.482798 -0.415004 
1176 -0.002908 0.015611 0.017207 0.013591 0.050990 
1177 0.444590 -0.243549 -1.717553 -2.623956 -0.973262 
1180 0.058776 0.071937 -0.074178 -0.019029 0.010153 
1181 -0.077592 -1.288082 0.509870 -2.235083 0.199802 
1183 0.052536 -0.034544 0.026945 0.054661 -0.042776 
1184 -2.129953 -1.357346 1.171600 -2.294595 -1.532096 
1577 -1.536387 0.447230 -1.228835 -2.461539 -2.212607 
1186 0.064368 -0.066212 -0.018555 -0.033019 -0.035597 
1187 1.572593 -1.586748 -0.935321 -1.596404 -0.371186 
1189 0.341763 -0.538161 -0.765656 -1.389965 0.142002 
1190 0.500946 -0.541305 -0.764589 -1.455178 0.079835 
1192 -0.034138 -0.045117 -0.036217 0.001355 -0.059923 
1193 0.638628 -0.603799 -0.072524 -2.225734 -1.950698 
1586 -3.261550 -0.752869 0.231211 -2.921910 -0.701409 
1195 -0.089663 0.000180 0.050447 -0.083011 -0.090453 
1196 2.089443 -1.588537 -1.289845 -2.634161 -1.103846 
1590 -1.955772 -0.689861 0.813233 -3.832061 -3.303072 
1198 0.015740 -0.015001 -0.004802 -0.071493 -0.048248 
1199 -0.897397 0.063988 -0.931909 -1.335074 -2.301968 
1202 -0.032186 -0.083142 0.030218 0.016886 0.023212 
1203 0.682500 -0.124748 -2.208142 -0.934685 -1.136495 
1206 -0.631001 0.334124 -2.976199 -1.564613 -0.280203 
1207 0.072906 -0.069192 -1.397477 -2.772280 -0.848250 
1209 0.050587 0.011456 -0.045612 0.044041 -0.009354 
1210 0.328844 -0.087796 -1.928816 -2.592945 -0.782490 
1604 1.468431 -2.469455 0.509479 -4.377454 -1.851474 
1212 -0.071355 0.013584 0.005429 -0.019579 0.099290 
1213 -1.123765 -0.964921 0.783109 -2.685148 -0.741109 
1606 -3.042422 -0.700376 0.054865 -2.047349 -1.696004 
1215 0.049327 -0.054684 0.052391 -0.078273 -0.079455 
1218 -1.686583 0.192426 -1.093938 -2.994711 -0.244439 
1222 -1.106826 -0.072142 -0.710035 -0.541661 -2.036550 
1223 -1.477826 -0.182006 0.077471 -2.019490 -0.553677 
1217 -0.047089 -0.010893 0.095567 0.052028 -0.036261 
1219 -0.911568 -0.852604 -0.065207 -1.102387 0.413964 
1225 0.045154 0.023477 -0.018482 0.003826 -0.031647 
1226 0.932784 -0.463861 -2.083757 -1.431366 -0.454421 
1617 0.166926 -0.267672 -0.474338 -1.774041 -1.957951 
1228 0.009523 0.057265 0.062963 0.070808 0.032756 
1229 0.054249 -0.460772 -2.834805 -1.032081 0.276034 
1231 0.058751 0.061288 -0.083416 -0.018102 -0.086789 
1232 1.458541 -1.855422 -0.140935 -3.505148 -0.557163 
1236 -0.044776 -0.002933 -0.068023 -0.042782 -0.025597 
1237 0.130481 -1.188469 -1.059742 -0.217150 0.206256 
1240 -0.648395 0.041387 -1.843292 -1.061230 0.035707 
1241 -1.509966 -1.587853 -0.884647 -1.455862 0.892234 
1633 -2.146325 -0.959117 -1.081962 0.074019 -4.132929 
1246 0.035326 -0.010668 -0.086798 0.031053 0.019706 
1247 0.497816 -0.805040 0.146006 -2.258166 -0.783908 
1249 -0.044164 -0.092096 0.031481 0.095008 0.025642 
1251 0.688625 -0.587794 -1.362186 -0.731020 -2.782810 
1253 0.021836 -0.028112 -0.079130 -0.021817 -0.081260 
1254 1.216195 -0.659820 -1.629109 -1.493676 -0.351524 
1256 0.027737 -0.020425 -0.067921 0.024899 0.050354 
1257 -0.741662 -1.283338 0.497192 -2.107278 0.552803 
1650 -0.683715 -0.432149 0.287050 -1.999987 -0.891702 
1259 -0.190359 -0.480816 -0.108532 -0.608462 -0.337797 
1261 1.235464 -0.936559 -1.528239 -0.272818 -2.146301 
1263 0.000004 -0.080107 -0.036535 -0.061088 -0.006643 
1264 0.791628 -2.298731 -0.064233 -2.148562 1.142245 
1265 -1.246802 -0.876079 0.877430 -3.282341 -1.365950 
1657 -3.479204 -0.137916 -1.681895 -1.781633 -1.770724 
1267 0.035776 -0.010487 -0.019990 -0.018908 0.041876 
1268 0.142273 -0.951072 -0.449908 -2.166046 0.622492 
1270 -0.052951 -0.073832 -0.071224 -0.038003 0.010682 
1271 -0.759802 -2.012793 0.381138 -0.914269 0.727064 
1273 0.088167 0.023742 0.069171 0.077363 -0.091297 
1274 -1.144673 0.231379 -1.224092 -2.577085 -1.043562 
1681 -1.006004 0.678897 -2.271340 -3.117500 -2.596248 
1682 0.312132 -1.992702 0.408381 -3.508332 0.132181 
1276 0.054541 0.057359 0.001557 -0.089167 -0.040331 
1277 -0.993836 -2.200064 0.425746 -0.773006 0.657989 
1279 -0.064210 0.038508 -0.056322 0.095794 -0.036124 
1687 1.849713 -1.701062 -1.077768 -1.983220 -0.535482 
1694 -0.034744 -0.157086 -1.415911 -3.985131 -1.457136 
1284 0.025119 -0.076850 0.029807 -0.023422 -0.035228 
1285 -1.949999 0.347900 -1.736086 -2.849373 -0.463471 
1287 2.009997 -1.500738 -1.228041 -1.444348 -0.758781 
1288 -0.147527 0.121606 -2.496451 -1.871168 -0.164159 
1290 0.440444 -0.627626 -0.153697 -2.966339 -1.520050 
1291 -1.199708 0.021845 -2.942638 -0.262158 -1.046994 
1293 -0.036415 -0.081327 -0.013571 -0.044429 -0.072604 
1294 -2.351196 -0.005037 -1.018131 -1.498177 -1.054368 
1734 -1.633312 -2.666386 1.254090 -1.922679 0.402081 
1296 0.091322 -0.001752 0.018508 0.080469 0.077750 
1297 1.139717 -1.812644 -1.058563 -1.586137 0.637144 
1737 -2.933491 -0.210486 -0.949371 -1.745836 -2.528512 
1299 0.298000 -1.047719 0.410154 -2.683245 -0.505167 
1300 0.265416 -0.532286 -0.972090 -0.628352 -3.063615 
1302 0.021871 0.038019 0.032004 -0.047556 -0.012484 
1303 0.471964 -0.145716 -1.219457 -1.432862 -3.175632 
1743 1.135125 -0.904980 -1.395529 -1.287481 -3.741827 
1305 0.016010 -0.024919 0.065213 0.062413 0.034459 
1306 -1.341182 -1.132734 0.815912 -1.486432 -0.141614 
1746 -0.651074 -1.087137 0.768856 -3.552795 -1.836219 
1308 0.063059 0.001249 0.093989 -0.075590 -0.054859 
1309 -0.364509 -1.059914 0.642856 -2.889581 -0.430316 
1748 -1.526102 0.116764 -0.795602 -1.559618 -2.196319 
1311 1.006617 -0.470868 -1.900241 -1.328422 -0.499413 
1312 1.223670 -0.488181 -1.065256 -1.559751 -2.039899 
1313 -0.016108 -0.545665 0.273356 -2.510480 -0.851191 
1315 -0.017221 0.073784 -0.071091 -0.009787 0.030154 
1316 -0.768416 -0.246938 -0.173894 -1.011447 -2.407415 
1318 0.067010 0.071848 -0.063891 0.067258 -0.025867 
1319 -0.066927 -1.651277 0.498734 -2.431776 0.455715 
1759 1.809363 -0.736258 -3.313554 -3.804721 -1.051219 
1321 -0.007871 0.094999 0.065916 -0.056164 0.038905 
1322 -0.189604 0.155781 -3.526654 -0.477622 -2.294061 
1324 0.277325 -1.690745 -0.390013 -2.583052 1.253424 
1325 1.240122 -0.788567 -1.484223 -0.630894 -2.366503 
1327 2.104082 -1.858617 -1.085806 -1.457340 -0.732523 
1328 0.153710 0.028618 -1.277747 -0.894266 -1.932219 
1768 -1.820498 -1.090528 0.454216 -2.546753 0.197930 
1330 0.468838 -0.164858 -2.386210 -2.358171 -0.559378 
1331 -0.458096 0.036741 -0.746075 -1.412902 -1.983089 
1771 -2.115779 -0.523063 0.332534 -2.169067 -0.718699 
1333 -0.046152 -0.091237 0.076140 -0.085977 -0.009717 
1334 1.441822 -1.206452 -0.760345 -2.283277 -1.259989 
1337 -1.747616 -0.944105 0.598744 -1.060162 -2.218747 
1338 0.828320 -0.311654 -2.171704 -1.365523 -0.508281 
1340 0.518977 -0.333169 -2.538612 -2.403798 -0.093357 
1341 -1.590210 0.164220 -1.469022 -3.548437 -0.326276 
1783 -1.118588 0.159055 -0.863310 -4.185524 -2.740554 
1345 0.002277 -0.072157 0.098979 0.094443 -0.086306 
1346 0.471563 -0.822572 0.082093 -2.871051 -1.315105 
1785 -1.393218 0.772878 -2.478561 -2.154660 -1.758500 
1787 -3.769603 -0.322519 -0.868782 -3.014256 -0.779281 
1348 0.670329 -0.674991 -0.104385 -2.444776 -2.200365 
1349 0.047334 0.087145 -0.989542 -2.941398 -1.231130 
1791 -2.260349 -0.292284 0.307328 -3.566343 -1.260038 
1792 -2.870974 -1.916804 1.664993 -3.162318 -2.527839 
1351 0.604576 -0.749392 -0.070403 -2.285521 -2.355864 
1352 -1.522593 -1.030137 0.711192 -1.508408 -2.295204 
1794 -0.723911 -0.434059 0.235960 -3.674021 -3.849270 
1354 0.690120 -0.597331 0.044288 -1.927290 -1.477626 
1355 0.997533 -1.064857 -0.384458 -2.798406 -0.875755 
1357 0.417982 0.090399 -3.001034 -1.143975 -0.963768 
1358 0.584716 -0.954412 0.232812 -2.921864 -1.635161 
1801 -2.166670 0.087361 -1.027246 -1.912349 -1.808034 
1360 1.099664 -0.610417 -0.734089 -1.859883 -1.006242 
1361 1.718491 -0.430559 -2.736729 -1.592579 -1.875296 
1804 -2.597661 -1.295135 0.676361 -1.872446 -1.064849 
1363 0.036034 -0.067950 -0.008408 -0.097394 0.074824 
1364 -1.721977 0.339281 -1.438736 -2.143468 -1.412210 
1365 -1.207231 0.161202 -1.392689 -1.278167 -3.365623 
1366 -1.612878 0.466556 -1.751286 -1.538907 -2.408004 
1368 -2.595816 -0.184954 -2.442984 -0.341641 -3.971785 
1369 -3.182593 -0.179597 -1.409125 -1.752843 -1.682218 
1370 -1.632932 -0.344160 -1.127642 -0.788543 -3.854994 
1040 -0.099354 -0.044813 0.085769 -0.084961 0.030290 
1043 -1.693803 0.062255 -1.509313 -1.286518 -0.091273 
1375 -0.070773 -0.003828 -0.039659 0.080278 -0.056659 
1376 -0.581914 0.454172 -2.453921 -1.238619 -1.354084 
1377 1.031318 -0.406058 -1.858368 -3.063662 -1.898552 
1378 -1.694578 -0.816424 -0.608857 0.110529 -1.962318 
1379 0.355706 -0.177089 -1.834465 -2.649660 -0.969777 
1380 0.400860 -0.176511 -1.715341 -2.684863 -0.961292 
1381 -1.005216 -1.304470 -0.759101 0.368730 -2.723768 
1382 -2.103350 0.064935 -1.132402 -1.059449 -1.960156 
1383 -2.105361 0.079482 -1.109920 -1.068198 -1.922050 
1384 -2.098545 0.041763 -1.132136 -1.071872 -1.883911 
1385 0.051918 -0.031400 -0.035955 0.074956 0.004406 
1386 -3.387240 -0.189409 -2.767646 -0.343037 -1.554767 
1387 -2.153742 0.123448 -1.158250 -1.113953 -1.867460 
1388 -0.012412 -0.064764 0.056641 0.060006 0.048337 
1389 -1.356628 0.354060 -1.257142 -1.883437 -1.602975 
1390 0.153630 -0.102486 -2.006910 -3.558526 -1.165200 
1391 1.202888 -0.595555 -0.831457 -2.143033 -1.804927 
1392 -1.086572 -0.156371 -0.402892 -1.410515 -2.422185 
1393 -0.432645 0.259694 -2.226958 -3.620646 -1.629131 
1397 -3.114733 -2.019536 1.355157 -1.599932 -2.430873 
1046 -0.016502 0.006178 -0.011706 -0.002692 0.094491 
1427 0.859410 -0.372920 -1.601989 -3.341471 -1.812358 
1403 -0.661647 0.462275 -2.611629 -1.180792 -1.380141 
1404 -2.874625 -0.238326 -0.360210 -3.485014 -1.369495 
1405 -3.148300 -1.307732 0.129053 -0.277559 -2.763592 
1636 -1.598545 0.410824 -3.148364 -0.597296 -2.580238 
1406 -2.706369 -0.692249 -0.555028 -0.106307 -1.975969 
1407 -2.050672 0.144662 -0.704191 -2.356405 -1.929260 
1408 -2.037843 -0.646123 -1.115485 -0.305128 -4.105418 
1409 -1.568992 0.263542 -1.799252 -1.348170 -3.014623 
1411 -1.841423 0.169812 -2.184735 -4.235513 -0.395374 
1463 -2.672475 -1.892245 0.367317 -0.357073 -4.012918 
1416 -2.734925 0.450961 -1.875538 -3.133200 -1.312666 
1419 -0.764876 0.411215 -1.447091 -1.840024 -1.804752 
1420 -2.020322 -0.170110 -0.728086 -2.060127 -3.643457 
1424 -0.009499 -0.140568 -0.456090 -3.491495 -1.683796 
1052 -1.028816 0.239988 -1.558996 -2.786446 -0.729783 
1055 1.462854 -1.116867 -1.031659 -2.327026 -0.571286 
1430 0.614902 -0.876004 -0.224993 -2.173021 -0.381574 
1058 0.048789 -1.334693 0.532532 -3.113901 -0.475374 
1433 -1.902176 -0.034093 -1.185367 -4.705926 -0.150672 
1061 -0.448935 0.257496 -2.652467 -2.018278 -0.202574 
1067 -0.453663 0.160940 -0.960776 -1.482511 -1.274132 
1442 0.066905 -0.528668 0.086134 -2.095663 -0.579441 
1070 0.545886 -1.244637 0.205692 -2.955779 -0.781137 
1790 -2.968631 -1.218467 0.826724 -2.257934 -2.968715 
1445 -1.544270 0.410499 -1.127488 -3.155892 -0.945002 
1076 0.081622 -0.014394 -0.026393 -0.089911 -0.005417 
1464 2.003224 -1.358478 -1.515057 -2.995154 -1.565293 
1083 -0.461508 0.297739 -2.330368 -1.807332 -0.540216 
1086 -0.067062 0.022009 0.098890 0.077616 0.087691 
1664 -0.973898 -2.470719 -0.495452 0.981620 -0.481497 
1671 -3.351946 -0.206130 -1.394805 -2.197135 -2.503739 
1089 -0.079711 0.090462 -0.084236 0.047749 -0.044378 
1666 -3.551690 -1.288059 -1.364201 0.345192 -4.026289 
1669 -0.499883 -2.271438 -1.175516 0.920386 -3.249417 
1093 0.086203 0.087580 0.057453 -0.013458 -0.004060 
1097 -0.569820 -0.900571 0.615663 -2.818323 -0.553059 
1100 0.253103 -0.288635 -0.741132 -0.627866 -1.029021 
1103 0.360603 -0.209483 -2.924359 -1.870002 -0.140904 
1109 -0.053340 -0.576572 -0.841587 -0.794061 -3.314671 
1112 0.043904 -0.187291 -2.619143 -2.595746 0.012024 
1597 -2.081319 0.776867 -3.828230 -1.102692 -3.034574 
1489 -4.319163 -0.321438 -2.473505 -1.307750 -1.923577 
1490 -3.141093 0.126896 -2.221426 -1.212874 -1.450049 
1491 -1.870140 -0.011945 -0.724808 -3.529805 -0.305090 
1494 -2.350276 -0.224913 -0.410263 -4.030166 -0.511572 
1496 -2.451262 -1.202599 0.618987 -1.781832 -1.033474 
1116 -0.734406 -1.790706 0.101294 -0.709200 0.803670 
1788 -2.172607 0.390188 -1.413705 -3.158120 -0.612203 
1122 0.078544 -0.017870 -0.058124 -0.051863 0.001362 
1129 1.156808 -0.700270 -1.069600 -1.721940 -0.924613 
1132 0.001511 0.081621 0.062738 0.028319 -0.050537 
1135 0.420025 -1.398652 0.263390 -3.105033 -0.308673 
1138 0.049710 -0.017833 0.029944 -0.046342 0.009993 
1523 -0.252381 -0.237256 -0.177502 -1.890635 -1.164956 
1141 0.096396 -0.067610 -0.000991 -0.074172 0.081392 
1144 -0.057135 -0.568606 0.329556 -2.540241 -1.244967 
1611 -1.630718 -0.135387 0.044126 -4.142981 -3.222022 
1537 -2.446337 -0.217195 -0.678444 -1.697668 -1.739006 
1149 -0.192018 0.312747 -2.046101 -2.179886 -1.501851 
1540 1.227593 -1.464118 -0.105903 -3.131343 -1.211820 
1539 -0.623062 0.472657 -2.075351 -1.888308 -1.611324 
1542 -0.148501 0.370358 -2.111669 -1.597188 -3.277953 
1153 -0.669261 -0.914539 0.504501 -3.233868 -0.564931 
1560 0.691024 -0.702397 -2.993035 -1.512869 0.129918 
1171 -0.030543 -0.093195 -0.021211 -0.023073 -0.012411 
1174 -0.007846 0.059983 0.019017 0.033730 0.024702 
1178 0.383803 -0.172338 -1.701021 -2.680113 -1.018782 
1624 -2.212390 -0.754245 0.711321 -2.690381 -0.440364 
1182 -0.008214 -1.470181 0.580864 -2.606471 0.210769 
1576 0.022842 -0.319920 -0.490989 -2.292032 -0.942493 
1185 0.067974 0.099490 0.049279 -0.066544 0.082818 
1188 1.831652 -1.847504 -1.012613 -1.942557 -0.432756 
1591 -2.185886 -1.584723 1.506941 -3.114707 -2.979339 
1793 -2.694314 -0.818617 0.347834 -1.936023 -3.233861 
1201 0.023187 0.078423 -0.058697 -0.068838 -0.073875 
1204 -0.092997 0.055251 -0.012950 0.022960 -0.012649 
1205 -0.092414 -0.090399 0.065303 0.022271 0.081400 
1395 -0.931695 0.244295 -1.258603 -2.589023 -0.756774 
1602 -1.736713 0.725754 -2.386767 -2.356459 -2.431209 
1214 -1.404736 -1.166125 0.928206 -2.712244 -0.670194 
1781 -1.636681 -1.714535 -1.098236 -1.574387 1.004115 
1622 -1.384430 -0.070797 -0.119799 -2.953150 -2.782229 
1675 -2.801962 -0.755434 0.491041 -2.144261 -1.020000 
1741 -2.754295 -0.130833 -1.116792 -1.528210 -1.514987 
1224 0.099124 0.035349 0.031905 -0.032075 0.084076 
1227 0.081937 0.086310 0.082837 0.096515 0.022717 
1230 0.077206 -0.070292 -0.052893 0.037659 -0.041928 
1233 1.722406 -1.633030 -0.817801 -2.289123 -0.629432 
1239 -0.071160 -0.016678 -0.012315 -0.092485 0.045305 
1242 1.407503 -1.637964 -1.789826 0.382586 -1.837896 
1634 0.037509 0.077223 -0.075385 -0.010813 0.042665 
1245 -1.025341 -1.909821 1.026582 -2.230468 0.222624 
1248 0.547731 -0.901628 0.211470 -2.463128 -0.821247 
1250 0.607161 -0.659813 -0.522033 -1.005217 -0.081879 
1260 0.286145 -0.513679 -0.541754 -0.709725 -0.328039 
1266 -0.006494 0.092425 -0.016973 0.084611 0.039308 
1269 0.035614 0.009610 0.005195 -0.029895 -0.003871 
1672 -1.581497 -0.957607 0.171216 -0.393836 -0.480169 
1677 -0.351220 -2.413368 -1.215399 1.049722 -2.458966 
1272 -0.077157 0.097701 0.049928 0.077420 0.021195 
1715 -1.783539 0.040056 -1.600937 -3.902478 0.159159 
1689 0.178635 -0.321624 -0.749626 -2.733393 -0.502731 
1688 -0.343406 -0.065875 -1.482336 -3.508013 -0.307833 
1691 0.716873 -1.231059 -0.339002 -2.525837 0.316263 
1289 -0.179178 0.122031 -2.807484 -2.047754 -0.191773 
1394 0.192225 -0.385971 -0.893653 -3.054610 -0.818584 
1735 -1.136220 -2.479982 -0.124116 -1.879155 1.089199 
1307 0.076909 0.016914 -0.052733 0.020229 0.079839 
1310 -0.490778 -1.235895 0.700768 -3.168741 -0.346131 
1314 -0.080961 -0.020643 0.025972 -0.042110 -0.090823 
1323 0.063039 -0.091356 -0.045554 -0.009363 -0.037398 
1326 0.077347 -0.083643 0.033099 0.002224 -0.040568 
1329 0.047061 -0.059620 0.084575 -0.085919 0.002387 
1332 0.048581 0.062564 0.038273 -0.038676 -0.096073 
1335 0.045555 0.068087 0.082092 0.051584 -0.091383 
1336 0.046186 0.075729 0.016481 -0.017995 -0.013536 
1339 0.030518 0.048874 0.021110 -0.042161 0.026645 
1344 1.041676 -0.400296 -1.307551 -1.689961 -2.314073 
1350 0.098033 0.071010 0.095296 -0.028247 -0.044011 
1797 0.059358 -0.067804 -0.091204 -0.034646 -0.028051 
1356 1.052857 -1.135926 -0.411486 -2.960208 -1.141403 
