1419 5
946 2.851985 0.701411 0.920321 2.632546 0.942501 
1 0.816281 2.132488 -0.860546 1.491324 -2.984874 
1589 -0.017738 0.845903 2.497073 0.810807 -1.579822 
3 0.547291 0.514698 0.228051 0.326737 -0.174686 
2 0.399529 0.347279 0.218764 0.258369 -0.253842 
5 0.373419 0.550513 0.331885 0.344987 -0.195585 
6 0.467883 0.552477 0.233061 0.336730 -0.221252 
4 0.352113 0.480896 0.287992 0.263072 -0.250603 
8 -0.044445 0.060928 -0.072292 0.039948 0.047327 
9 0.781442 5.502696 -0.713170 -0.071167 -2.710146 
7 0.341103 0.538991 0.225829 0.315443 -0.158953 
11 0.600591 3.730628 2.167114 1.345729 2.089568 
10 0.188566 0.553437 0.335311 0.307669 0.124170 
1425 3.587467 0.414320 0.277879 1.181614 -3.788709 
1532 0.201734 0.600352 0.310608 0.290192 0.123079 
12 1.734892 2.098979 2.854179 -0.737929 1.041434 
14 0.398493 0.404849 0.281921 0.399333 -0.201236 
15 0.675409 1.116466 1.968712 4.571774 0.013054 
1048 0.167641 2.181401 3.660009 6.044683 0.409329 
1049 0.780578 1.746055 2.987059 6.689631 -0.041690 
13 -0.096740 -0.057376 -0.045749 0.095601 -0.061101 
16 0.479290 0.666962 0.160686 0.306011 -0.185663 
18 -0.072554 0.072352 0.014985 -0.085076 0.081109 
17 0.553121 0.580246 0.162857 0.344368 -0.233143 
20 0.454795 0.633444 0.234833 0.347352 -0.096154 
22 -0.019811 0.013751 -0.079725 0.052878 -0.027983 
21 0.467334 0.598640 0.173273 0.433321 -0.125017 
23 0.825020 0.618653 -0.010499 0.440628 -0.140938 
25 0.713033 0.835183 0.069580 0.364916 0.143121 
24 1.130587 0.660147 -0.155304 0.623888 -0.128319 
201 1.634082 0.840307 -0.387510 0.777550 -0.260337 
202 1.642766 1.050761 -0.670466 0.833928 -0.577035 
369 3.316875 1.077393 0.217046 0.894008 0.372190 
27 0.503664 0.622288 0.112911 0.348023 -0.170640 
29 0.027510 0.003810 -0.003835 -0.036773 0.021007 
28 0.455549 0.625672 0.181846 0.308571 -0.129773 
30 0.887676 0.387363 0.212063 0.982868 0.182995 
32 0.856330 0.044608 0.482031 1.015085 -0.012012 
34 1.890575 0.195832 1.004638 3.746801 -0.169926 
131 2.188453 0.545005 1.204267 1.519708 1.063648 
327 3.413733 -0.163034 3.902425 2.553409 0.636225 
840 4.636731 0.237637 2.674603 2.398819 0.975386 
894 4.045154 -0.506277 4.752997 1.876947 -0.622985 
31 0.554165 0.528893 0.196340 0.458879 -0.170735 
33 3.727942 0.866613 1.201030 3.733282 1.195386 
52 1.758359 -0.066361 1.533820 2.030222 0.346593 
53 3.853096 -0.526017 3.243910 3.697979 -0.059373 
132 3.231437 0.011470 2.970550 5.124914 0.410494 
133 2.553004 0.050417 2.155772 3.721898 0.504186 
190 1.632491 1.248181 0.097727 2.179836 0.834922 
375 2.049187 1.555378 0.324044 2.693132 1.451010 
377 0.664875 5.327076 -0.152376 2.986130 1.341662 
464 3.203702 0.233450 1.027254 2.941024 0.293661 
488 2.955761 0.477640 2.413720 2.445292 1.289581 
489 4.405967 0.870703 0.708389 2.474988 0.775911 
508 1.478021 1.368011 0.024210 2.042530 0.802692 
509 4.010848 0.904773 0.991668 3.713514 0.951984 
562 2.637093 0.667265 2.931847 5.033017 1.102412 
839 4.737666 0.545814 2.475532 4.841520 1.104980 
1008 2.451079 3.264574 1.066373 -2.022731 -1.219479 
1190 4.734817 1.273383 1.195017 5.646667 1.062063 
1228 5.548759 -0.028033 2.828598 4.311855 0.511306 
1229 5.214107 0.791582 0.770639 4.486240 0.327878 
1529 4.481215 0.253815 2.577208 2.971249 0.945539 
1550 5.374776 1.521486 1.394612 5.617811 1.435351 
54 2.895771 1.111949 3.416273 4.233871 2.043592 
561 3.139812 0.087892 2.406856 2.926222 0.780694 
655 2.603453 1.113469 0.709507 6.286761 -0.768547 
657 3.186853 1.523404 0.987364 6.211054 0.642944 
760 0.033545 -0.054003 -0.064314 -0.003877 0.068162 
761 4.237608 3.542091 1.494773 5.686575 3.139742 
763 1.693413 2.183038 0.640463 2.922834 1.636602 
865 3.250635 0.609487 0.971162 4.636396 0.399025 
1130 3.494443 1.587789 1.311875 6.626498 0.802849 
1191 4.654343 0.927637 2.582592 4.511911 1.670603 
36 0.610413 0.639816 0.012269 0.380440 -0.141758 
37 0.623556 0.725928 -0.017583 0.435905 -0.125612 
35 0.645620 0.626581 0.018706 0.402230 -0.125081 
39 0.682214 0.574456 0.004216 0.593911 -0.141144 
40 0.611642 0.726800 -0.014438 0.416136 -0.142114 
38 0.677111 0.534537 0.052430 0.590325 -0.155412 
43 -0.066805 0.045229 0.037708 0.094441 -0.065471 
42 0.553627 0.661981 0.108227 0.377529 -0.157053 
44 0.447331 1.498194 -0.114524 1.332361 0.460113 
46 0.918216 1.129500 0.057827 1.249601 0.776433 
45 0.381467 1.156738 -0.464381 1.112570 -0.526678 
609 2.734447 1.730877 -0.975042 2.680543 -0.100729 
610 2.308966 1.421769 -0.703779 2.234385 0.015574 
612 0.636579 2.243186 -1.028909 1.747846 -1.133735 
78 5.013211 1.711857 0.506181 2.063105 1.450325 
191 0.142958 3.058622 2.471695 3.114893 1.843236 
193 0.038912 1.919399 0.139227 1.305616 0.456506 
194 0.068897 5.229777 3.878107 4.187712 2.814278 
596 2.117353 1.614322 -0.795797 0.321616 -1.188786 
1361 0.730296 5.677437 0.875082 3.904828 1.975620 
1363 0.084794 -0.044776 0.079887 -0.084736 0.075305 
48 1.445116 1.018478 0.171520 -0.390613 -0.321315 
47 0.985651 0.775518 0.052243 0.045053 -0.211999 
50 0.633531 0.581791 0.161127 0.331952 -0.163848 
216 2.242618 2.372592 -0.234497 -1.022107 -1.375956 
218 1.307982 3.670553 0.302929 -1.439051 -1.972529 
49 0.693234 0.687313 0.076519 0.272075 -0.171051 
51 1.129754 0.012596 0.837677 1.837615 -0.005247 
56 1.243533 1.392055 0.741451 4.558831 0.268822 
57 0.871815 0.354923 0.597716 0.898220 0.360824 
1024 3.154123 -0.523945 3.038842 2.596207 -0.277742 
1025 2.903700 -0.063278 4.226799 4.588807 0.260532 
1468 -0.625699 1.963254 4.194469 6.120071 -1.868087 
1469 2.111576 0.134021 4.853724 6.287055 -0.800220 
134 2.972205 -0.221374 2.552619 3.441074 0.242183 
55 1.267792 0.003168 0.540559 1.851941 -0.270395 
184 1.742006 -0.202012 2.257562 0.984019 -0.028927 
547 1.034268 1.869182 0.415122 5.858396 -1.136652 
893 4.239342 -0.322664 2.030575 6.096616 -1.381180 
934 2.501869 1.779860 -0.620615 5.099681 -1.201442 
1461 -0.044753 0.035776 -0.009989 -0.002082 -0.083744 
58 2.389986 0.842717 -0.400328 2.802584 -0.476084 
59 0.589070 0.629319 0.022976 0.479998 -0.104901 
61 -0.066079 0.088939 -0.034639 -0.071393 -0.031578 
60 0.661372 0.647477 -0.001718 0.411292 -0.128613 
62 1.238328 1.428657 -0.633562 3.479055 -3.530023 
65 0.573580 0.621617 0.159714 0.345679 -0.058203 
362 4.066966 1.352343 -1.389465 3.243471 -3.578722 
806 5.113460 0.743455 -0.358596 5.549417 -4.971765 
807 4.219406 1.736423 -1.413662 4.478064 -4.765569 
1016 3.221222 1.471133 -1.307677 2.626699 -2.659468 
1070 4.272745 2.595479 -1.999575 4.349538 -5.028913 
1072 4.646928 1.467850 -1.329164 4.172254 -3.937613 
1562 0.760326 4.928830 -1.428625 4.053819 -6.099937 
1564 -0.105759 5.097569 -0.734934 3.009342 -5.829937 
1565 1.006919 5.479869 -1.227134 3.503320 -7.522307 
1567 -0.458345 5.160187 -0.351562 2.008603 -4.978811 
63 -0.248871 2.945814 -0.614939 2.278258 -2.447803 
1566 0.844271 4.986362 -1.626119 5.097734 -5.630477 
64 1.178778 3.383037 3.978047 1.380738 2.426425 
795 0.125193 1.626656 2.066928 5.103261 -0.129901 
796 0.323104 4.582070 3.766130 2.049802 2.476266 
798 1.229954 2.209172 3.283495 0.785350 1.779778 
67 0.479351 0.640545 0.019317 0.468571 -0.240504 
68 0.685634 0.799792 0.179578 0.208826 0.068637 
66 0.456817 0.687953 0.037140 0.436273 -0.239152 
70 0.745836 1.151506 0.777156 -0.130820 0.583832 
71 1.042508 1.369595 0.724594 -0.324670 0.502565 
69 1.937973 3.069534 2.186238 0.266096 2.152345 
310 4.020011 1.361390 0.084592 -0.453537 -2.081452 
709 3.718086 4.625099 3.021243 0.082164 3.027781 
757 2.537967 4.702763 2.721138 1.165380 3.270328 
758 4.999385 2.962118 1.165401 2.261747 2.666032 
1082 3.156678 2.883945 1.946785 0.960079 2.421856 
1083 1.189385 1.032674 0.796371 0.337010 0.891346 
72 1.310018 1.754177 1.116481 -0.453139 0.843959 
150 0.204192 0.994755 0.127662 0.031290 -0.085592 
151 1.064954 0.669350 0.068888 1.054020 0.460047 
158 0.736960 0.833895 -0.196378 0.604163 -0.205526 
737 1.148834 2.681220 -1.278684 1.760248 -1.079574 
235 1.274721 2.816688 1.842510 0.767776 1.921941 
738 1.491837 4.805376 3.279811 0.761796 2.690440 
977 0.286314 4.323626 1.439974 0.944187 1.415661 
73 0.531419 0.680079 0.004531 0.399413 -0.133905 
75 2.405983 2.025332 -1.241138 2.084312 -0.334742 
76 0.704734 0.731615 -0.161176 0.620252 -0.154692 
74 0.547765 0.658720 0.048634 0.401275 -0.094708 
1381 3.461853 1.566526 -1.002652 4.147197 -1.008245 
1588 1.042580 0.898435 -0.551322 1.058164 -0.176513 
77 2.073521 0.573920 0.233968 0.593216 0.247172 
80 1.917885 0.633727 0.099899 0.595927 0.197958 
121 2.845017 1.918242 0.340671 2.407222 1.783693 
306 3.241837 0.986267 0.269870 0.869700 0.420998 
307 6.616362 0.441293 2.103497 0.931589 -0.248188 
309 5.733904 0.320860 0.991148 1.152672 -1.397583 
370 4.217653 0.673737 0.881992 2.517742 0.838586 
490 -0.275625 4.579280 -0.046518 1.286385 -0.323512 
641 4.046399 1.323606 0.328250 1.057673 0.463828 
756 3.451232 4.981817 1.946600 3.587075 4.070538 
759 4.855502 1.918882 0.746921 3.397698 1.927697 
1005 -0.063926 -0.091849 -0.042823 -0.036603 0.061108 
1121 4.896976 1.702093 0.368321 1.264740 0.608789 
1123 2.980176 2.869317 -0.921256 3.600674 0.789973 
1172 4.979919 1.671282 0.399118 1.271728 0.582239 
1196 6.276662 1.108792 0.936430 1.156640 -0.023080 
1197 4.662007 1.502505 -0.682191 0.882958 -0.913292 
79 2.253965 0.655957 0.260407 0.651575 0.327507 
81 0.752896 0.455843 0.582265 0.880394 0.364096 
83 0.853806 0.385283 0.899489 1.151970 0.430299 
82 0.491658 1.333497 0.132236 -0.359107 -0.448628 
563 1.577713 5.338313 0.597872 -1.765342 -1.444373 
1498 1.310121 2.082824 3.534122 -1.486843 -1.319177 
85 0.557412 0.710235 0.090117 0.455811 -0.068959 
84 0.552040 0.741014 -0.009029 0.483493 -0.110217 
86 0.862514 0.813073 -0.064712 0.397917 -0.026426 
88 1.582911 1.698947 -0.630537 2.217912 0.264050 
87 0.554839 0.615730 -0.064202 0.735217 -0.025823 
711 3.326149 1.482090 3.915283 1.179616 1.964997 
991 0.025782 -0.070024 0.007615 -0.066474 0.012572 
90 -0.092916 0.061264 -0.015632 -0.023137 0.014186 
91 0.721545 0.771471 -0.112922 0.494462 -0.111812 
93 0.066648 -0.053865 0.015442 -0.073047 0.074191 
92 0.689318 0.777312 -0.010793 0.356225 -0.098870 
94 1.636195 1.254449 -0.083412 -0.555237 -0.786922 
96 2.565393 1.878046 1.587289 -1.629518 -0.512567 
97 2.033529 1.468714 -0.242047 -0.469525 -0.994348 
99 1.875565 1.586456 -0.369330 -0.409467 -1.229538 
100 2.033608 0.854063 -0.037665 -0.238305 -1.032351 
225 2.071143 2.459272 -0.677319 -0.589832 -1.555242 
708 3.501631 1.304530 0.114120 -0.596270 -1.721273 
95 2.178315 1.695219 -0.460193 -0.464949 -1.355357 
98 1.957490 0.849284 -0.078836 -0.213583 -0.907851 
701 2.600345 1.520214 1.986978 -1.640173 -1.286017 
702 4.324328 3.808201 -0.620657 -1.378715 -2.895544 
1177 2.006022 4.399910 1.007761 -1.872575 -0.807435 
1481 5.562802 5.670579 -1.509242 -1.044332 -3.362317 
710 2.340105 1.395239 0.286537 -0.817389 -0.520419 
102 0.702772 0.783951 -0.129653 0.433056 -0.192794 
104 -0.054173 0.090414 0.032902 0.057630 -0.025509 
103 0.700859 0.713527 -0.056756 0.454956 -0.109011 
105 0.150183 1.985218 0.467775 0.938610 0.709913 
107 0.727612 0.666626 -0.122508 0.692213 -0.249223 
106 0.630538 0.842394 -0.088360 0.482593 -0.177490 
859 -0.085168 0.076119 0.006805 -0.046790 -0.007742 
109 0.026614 -0.064337 0.016084 -0.024761 0.006745 
108 0.748553 0.641515 -0.103795 0.701093 -0.234194 
111 0.667908 0.622797 0.036958 0.316242 -0.182039 
114 1.374980 0.114957 1.729129 0.176023 0.055762 
113 0.094293 -0.048683 0.047920 0.078484 -0.024017 
1162 5.730925 1.455894 6.938528 -0.759386 -0.064915 
1163 1.763380 0.272928 1.589926 -0.357386 -0.503073 
116 0.586441 0.706950 0.110384 0.292539 -0.061173 
935 0.026283 7.129436 2.601097 -1.637061 -1.747492 
117 0.493179 3.959726 0.508240 -0.973648 -1.166085 
937 0.469655 5.583462 1.965514 -1.587346 -1.031682 
938 0.673692 5.337121 1.883262 -1.597990 -0.679543 
118 0.723823 0.875991 -0.106092 0.804420 0.106515 
439 2.414671 0.949809 -0.581461 0.446295 -1.171791 
441 0.996919 1.176973 -0.314161 1.272937 0.167147 
119 0.641011 0.761260 0.011721 0.494213 -0.020186 
120 -0.099354 -0.061900 0.050382 0.033282 0.078966 
548 0.927072 2.327411 0.854845 5.665316 0.182437 
550 1.738038 1.188814 0.412500 1.747635 1.112947 
764 1.168293 3.823282 1.291555 6.177683 1.705111 
1030 1.297027 1.916478 0.370987 4.262782 0.489025 
1255 -0.673320 2.283538 1.499688 1.519236 0.599809 
122 0.803322 0.830327 -0.154988 0.535244 -0.110425 
124 -0.003613 0.030084 -0.070672 0.037336 0.028258 
123 0.873910 0.806331 -0.132835 0.479908 -0.098404 
126 1.830302 1.341726 1.541743 1.157124 1.643241 
128 0.434519 1.301227 1.604053 3.868332 0.525991 
770 4.161283 2.493275 2.636382 1.321173 2.698689 
772 3.692856 2.672789 2.661374 1.663785 2.879069 
773 3.115171 1.684176 2.039034 0.852361 1.919343 
127 3.025622 2.545819 2.894557 2.260994 2.946715 
771 3.845193 3.326243 2.847790 2.658592 3.522471 
1021 3.268665 3.350829 3.241272 3.685688 3.587344 
1023 1.321605 1.473377 2.534147 3.593364 1.603072 
1460 1.748586 1.173689 -0.017397 3.449855 0.091599 
1022 2.485255 2.589669 3.796749 4.519970 2.994774 
130 0.025432 0.034005 0.015345 -0.053231 0.019906 
129 0.412051 0.597567 0.216593 0.669161 -0.151823 
203 2.666157 -0.080995 2.409510 1.755967 0.583496 
135 0.720276 0.622089 -0.053437 0.650438 -0.171287 
136 1.933020 4.371925 -1.980615 1.764225 -1.446293 
585 1.512038 3.136267 -1.521558 1.540228 -1.060435 
586 2.059828 3.154650 -1.502718 0.600093 -1.461521 
729 1.470111 3.092166 -1.473335 1.492040 -1.067974 
138 0.473832 1.349705 -0.329567 0.917740 -0.073550 
137 0.006488 -0.069215 0.065943 0.083668 -0.091581 
140 0.672091 2.517526 -0.769586 1.673209 -0.124445 
142 0.656767 2.610904 -0.812035 1.723718 -0.101049 
139 0.496812 1.875707 -0.558873 1.270805 -0.142690 
144 0.579055 2.366524 -0.692217 1.593219 -0.080454 
145 0.692417 2.629713 -0.827541 1.754561 -0.129958 
147 0.632890 2.582924 -0.778310 1.688824 -0.151110 
148 0.604969 2.402454 -0.727886 1.659288 -0.186683 
141 0.529677 2.065572 -0.625663 1.403252 -0.102752 
143 0.555441 2.382363 -0.694037 1.562126 -0.121263 
146 0.492783 2.074570 -0.615699 1.436918 -0.130610 
149 1.165379 2.317378 1.105904 -0.944630 0.460837 
301 2.450371 0.588181 0.826499 0.472495 0.631590 
500 1.946022 5.070417 1.560462 -1.831485 0.109182 
517 3.439703 2.707454 -2.079881 3.801445 -1.959788 
1221 1.604998 3.679931 2.955690 -1.400706 0.793373 
1342 0.104806 4.939588 1.639270 -0.839715 -0.192945 
330 1.718911 0.773231 1.589108 4.180707 0.588658 
516 4.909956 -0.551290 1.160678 4.354387 -2.289243 
964 0.782057 1.052966 1.281939 5.718972 -2.901225 
1088 3.217487 2.646228 -1.956349 3.871652 -2.383083 
152 0.370527 0.538465 0.475701 2.571551 -1.309140 
153 1.064871 0.689037 -0.144311 0.637610 -0.130485 
155 0.946231 0.549749 0.004640 0.499410 -0.042034 
156 1.478235 0.743015 -0.217742 0.775043 -0.022628 
154 1.099239 0.625526 -0.122164 0.610308 -0.104460 
157 0.823644 1.071380 0.467630 -0.135052 0.238360 
161 0.037157 -0.007846 -0.052138 -0.035384 -0.026331 
160 0.746456 0.853327 -0.181814 0.567905 -0.215598 
162 3.706242 1.853795 1.836796 -0.414079 1.162097 
316 2.765496 2.403466 2.012280 -1.086192 0.972864 
639 3.382140 2.125297 1.779537 -0.757223 0.905150 
163 0.072383 0.067974 0.084367 -0.073369 -0.025047 
164 0.659415 0.732133 -0.037636 0.390574 -0.132868 
167 1.134981 0.818469 0.947382 1.888135 0.863505 
166 0.877481 0.634619 0.584708 1.462748 0.585514 
170 0.805243 0.698762 -0.171633 0.586300 -0.254237 
169 0.859450 0.735775 -0.194072 0.587032 -0.234343 
171 1.727382 0.721482 -0.247904 0.314331 -0.537011 
918 2.996554 1.995271 -1.410837 2.059988 -0.954052 
172 0.995055 0.788994 -0.228576 0.640851 -0.154215 
174 0.015240 0.086131 0.086145 0.061819 0.010555 
173 0.968311 0.807383 -0.231022 0.632274 -0.112830 
175 0.781198 1.063118 -0.011726 1.704403 0.414980 
177 0.653906 0.777422 -0.085660 0.477025 -0.115723 
176 1.626037 2.054574 -0.060222 3.718659 0.760605 
180 0.769743 0.879837 -0.226276 0.581442 -0.189282 
181 0.861922 0.909664 -0.256296 0.753356 -0.112702 
179 0.764640 0.873988 -0.239328 0.612051 -0.153853 
183 -0.041789 -0.048153 0.016392 -0.082021 -0.038719 
182 0.621218 0.681569 0.056124 0.509516 -0.111881 
185 1.482308 -0.151491 2.387793 0.970148 -0.198902 
186 4.127558 0.650953 5.800590 -0.046194 -0.358640 
1413 3.839145 -0.530469 7.253612 3.147372 -1.754722 
1415 3.065209 -0.308904 4.827473 1.292114 -0.837160 
188 1.034045 0.698485 -0.139837 0.609679 -0.057609 
187 1.015545 0.687070 -0.102658 0.605170 -0.092330 
189 1.139142 2.758979 2.199542 0.092980 1.642968 
567 1.788855 4.538439 3.525037 0.661673 2.740767 
651 1.378548 0.604379 0.219136 3.577330 -1.006280 
192 0.109875 2.308466 0.292260 1.538749 0.694344 
956 0.251653 4.442540 4.830171 3.602960 2.658289 
1135 0.487726 3.349583 5.032289 4.195528 2.222926 
1137 0.390274 3.259892 4.359027 3.194317 2.090493 
1138 0.378650 3.287755 4.286520 3.736436 2.123198 
1385 0.086379 0.085525 0.009742 0.055514 -0.061489 
196 1.519576 1.595460 -1.027224 0.950147 -1.678573 
195 1.217091 1.216771 -0.793287 1.080739 -1.104712 
198 1.137792 1.207555 -0.752299 0.748699 -1.120973 
199 1.385677 1.420537 -0.924395 1.001714 -1.215733 
197 0.554364 1.219497 -0.426907 0.812271 -0.356302 
200 1.086772 1.029170 -0.545318 0.657388 -0.641543 
302 2.384354 1.543133 1.468149 -0.532578 0.783744 
303 4.896291 1.060056 3.164448 0.900139 1.456348 
317 3.628857 2.599701 2.150191 -0.935861 1.135691 
206 0.291910 2.095568 0.444785 -0.254160 -0.040594 
205 -0.069754 0.045555 0.062401 0.031944 -0.054853 
208 -0.291960 2.765209 0.214377 0.426706 -0.278170 
209 -0.343903 5.764833 0.538249 0.579672 -0.503171 
207 0.576519 5.221115 1.221340 -0.966104 -0.039623 
1478 -0.027280 0.098033 0.030554 0.011899 -0.022895 
210 0.681354 1.286845 -0.391031 0.917950 -0.150638 
212 -0.033723 0.040683 0.025315 -0.043453 0.055561 
211 0.725120 1.205521 -0.424335 0.906328 -0.169550 
213 0.778267 1.134086 -0.356779 0.759820 -0.160802 
215 0.086899 0.064732 0.048429 -0.023927 0.054659 
214 0.716366 0.890683 -0.266849 0.705433 -0.185932 
217 2.143358 2.358672 0.835298 -1.522613 -0.758994 
220 1.607684 2.384268 0.641363 -1.459001 -1.244358 
221 1.763794 3.071393 1.248972 -1.891543 -2.470599 
223 1.493142 1.973324 0.723874 -1.270063 -0.854758 
224 1.616805 2.461698 0.618022 -1.382999 -1.231144 
252 3.587096 3.674090 1.705067 -2.142925 -0.188419 
345 2.880543 2.680735 0.497087 -1.669661 -1.878226 
347 2.510629 2.540553 0.610520 -1.582826 -1.013889 
788 2.873886 4.171652 1.981597 -2.544909 -0.821479 
1452 4.195285 0.376771 1.290694 0.077141 -3.453373 
251 2.159054 1.678676 0.189882 -0.954795 -0.882986 
219 1.406469 1.968978 0.708267 -1.145299 -2.804666 
222 1.036441 3.105130 0.154781 -1.013264 -2.075348 
343 0.835540 5.770093 0.868850 -1.260141 -4.862665 
473 1.937066 2.040264 -0.329422 -0.386215 -3.608946 
1145 3.565159 5.543764 2.642283 -3.311959 -6.410459 
1282 1.438053 5.194525 1.092036 -1.711895 -4.750597 
1394 1.021808 5.005314 2.186400 -1.904569 -5.107650 
1395 0.010204 7.312536 1.821944 -1.387778 -5.309661 
1397 1.537957 3.628915 1.870317 -1.976055 -4.196391 
1560 1.102312 6.168397 0.177830 -1.043757 -4.248597 
1041 0.395179 4.301506 -0.003949 -0.511285 -2.000679 
226 0.614666 1.027249 -0.216488 0.575679 -0.160615 
1074 1.968168 0.311422 -0.288614 1.802608 -1.042634 
227 0.054877 0.025444 -0.050870 0.039796 0.012760 
228 1.326933 0.839629 -0.385125 0.362967 -0.508335 
230 1.604341 0.928192 -0.534749 0.459311 -0.653808 
231 2.173309 1.234562 -0.699298 0.438600 -0.847751 
229 1.324072 0.857128 -0.331698 0.326014 -0.466675 
233 0.586822 1.924105 -0.818971 0.834014 -1.259553 
234 0.868879 1.990369 1.385842 0.494451 1.339812 
238 0.097293 -0.048985 0.026906 0.088215 -0.024684 
237 0.755364 1.445699 0.991501 0.559191 1.022086 
239 1.332232 2.463048 2.368502 -0.925393 -5.317434 
241 -0.005221 -0.079858 0.077550 0.053746 -0.000343 
1500 1.869726 4.355770 6.743922 -2.510900 -2.129770 
1502 1.680532 3.534810 4.837998 -2.380062 -3.840997 
1503 1.205653 2.581646 3.360868 -1.646725 -4.069976 
240 0.861073 1.591769 2.254171 -1.128582 -0.968459 
243 -1.000974 5.282806 1.952864 4.785538 0.806214 
242 0.031424 -0.020188 0.056527 0.055173 -0.026573 
927 -1.242898 4.137751 1.289506 5.102582 -0.897045 
1518 -1.108497 7.024281 3.364912 3.533175 1.647682 
1520 -0.975113 5.808526 2.021842 5.602858 0.776574 
245 2.410156 0.524643 -0.001599 2.472298 -0.116494 
244 2.503896 2.150677 -0.882625 3.120297 0.317317 
247 2.850422 2.130791 -0.520453 2.814563 0.874249 
435 2.986620 0.501009 0.235816 2.556821 0.095409 
1230 -0.011488 0.009250 -0.092665 -0.083416 -0.075179 
513 1.768344 1.580746 -0.719549 2.263825 0.134542 
246 0.017927 0.052434 -0.087295 -0.025593 -0.033973 
415 3.773299 1.644178 2.490606 0.693927 1.961224 
1124 4.865406 4.573884 -1.196229 5.578698 1.471247 
249 0.636762 1.172870 -0.419249 0.885154 -0.281485 
250 1.623455 0.969675 -0.064478 -0.101716 -0.387420 
248 0.663058 1.201265 -0.466639 0.911204 -0.304559 
346 2.597591 0.750099 -0.656203 1.092087 -2.127473 
254 -0.553293 2.147465 0.262359 1.306247 -0.377267 
256 -0.814185 2.556376 0.816561 0.676286 -0.766142 
1000 -2.875485 6.945464 4.658433 1.849332 -3.065649 
255 -1.305221 4.090508 1.004565 2.724962 -1.015328 
259 1.642735 3.052905 -0.396421 -0.647924 -3.139153 
258 1.994182 4.796828 0.105361 -1.677805 -2.076221 
1167 1.161058 4.577625 0.629540 -1.386953 -0.999281 
261 2.949099 0.113882 1.809921 -0.018315 -0.559585 
260 -0.085982 -0.091128 -0.095309 -0.054271 0.050369 
263 4.390645 0.286135 3.346824 -0.372904 -0.908310 
265 4.286911 -0.086136 2.443511 0.052250 -1.343655 
262 3.699287 0.204181 2.570542 -0.283854 -0.765031 
267 4.525637 0.242834 3.068350 -0.137409 -0.873532 
268 5.344688 0.475393 4.151174 -0.640879 -1.088365 
264 4.619209 0.311685 3.281762 -0.378748 -0.944478 
266 3.468593 0.181113 2.709809 -0.223239 -0.699772 
269 3.526082 0.097994 2.089692 0.036742 -0.606836 
944 6.561315 0.495482 3.878366 -0.266692 -1.209171 
908 5.401148 0.223837 3.820035 -0.040547 -0.972984 
945 4.166975 0.344302 3.269575 -0.453869 -0.819683 
270 0.744527 1.087517 -0.357378 0.651863 -0.227373 
274 0.648381 1.394016 -0.472287 0.629873 -0.422822 
273 0.647207 1.405910 -0.522824 0.628264 -0.485291 
275 2.059113 0.871476 -0.553955 0.884679 -0.664316 
606 3.039370 1.310831 -1.105173 1.260400 -1.682907 
608 3.738470 1.487254 -1.127997 1.301983 -2.015574 
277 2.571844 0.826769 3.351097 2.285527 1.640625 
276 1.442124 0.567923 1.381373 1.144987 0.931731 
278 2.840005 1.166846 4.033406 2.871070 1.977063 
402 3.351688 0.631393 5.053148 2.578169 1.444133 
403 2.446085 0.929659 3.471383 2.310301 1.671173 
405 1.521226 0.831273 1.988601 2.206903 1.332877 
595 1.979246 0.785334 2.873126 2.164949 1.461289 
401 2.321175 0.325507 2.990787 2.750328 1.084670 
404 2.816044 1.028737 3.995379 2.936975 1.924777 
280 0.712263 1.321724 0.444130 0.074262 0.685575 
279 0.101102 4.680914 1.206161 0.089568 0.553387 
282 -0.292764 4.287642 1.684965 -0.047583 0.202976 
283 0.359974 5.944694 1.774700 -0.110891 0.946080 
285 0.009785 3.025511 -0.004938 0.631261 0.107678 
284 0.171189 4.236707 1.163417 -0.005412 0.518852 
281 -0.710817 6.659909 1.810660 0.049234 -0.630188 
574 -0.844277 5.925862 2.824910 0.010045 -0.180916 
576 -0.534703 3.967863 0.307886 0.317214 -1.288272 
1081 -0.338543 5.026839 2.007409 -0.150551 -0.019625 
1343 -0.769432 6.306192 2.492965 -0.042753 -0.500654 
1451 -0.038918 0.013563 0.083344 -0.079931 -0.055774 
450 0.082629 2.849647 0.587462 0.217532 0.407513 
287 -0.047911 -0.046484 0.070220 -0.044311 0.095077 
288 0.578035 2.572254 -0.876509 1.257653 -0.579550 
286 0.817276 1.469537 -0.685229 0.997097 -0.551470 
289 1.757014 0.826074 -0.633258 0.996796 -0.853620 
291 1.310662 0.798541 -0.364842 1.162929 -0.118224 
290 1.307160 0.785108 -0.388718 1.186936 -0.188140 
292 1.942941 1.465420 -0.526392 -0.100358 -1.274846 
294 1.745086 3.520611 -1.623630 5.752270 -2.544337 
293 0.882105 2.729788 -0.796458 4.523146 -1.145499 
743 1.080272 3.721551 -0.831827 5.812042 -0.854403 
744 -0.042194 3.390254 -0.427237 4.900578 -1.918856 
1278 -0.089049 5.210302 -0.168011 6.094944 -0.618270 
1368 2.042576 5.277640 -1.676844 7.589734 -1.437711 
742 0.403292 4.872362 -1.001799 6.949995 -2.617516 
746 -0.432755 4.537343 -0.271786 6.017502 -1.959623 
932 3.072774 4.065779 -1.959529 6.434436 -1.357485 
1028 0.135763 3.436918 -0.526253 5.181111 -1.666282 
1464 2.371666 4.085298 -2.178841 5.731702 -4.589223 
1465 1.721901 6.549947 -1.787896 6.091529 -0.252998 
1467 2.065555 4.965255 -2.535131 4.891330 -3.223192 
1553 0.125446 5.404391 -0.717777 4.837425 -0.573577 
1555 -0.938716 5.750696 5.204494 0.457934 0.128980 
297 1.781110 0.190965 0.358118 3.189695 -1.270012 
296 1.158322 0.282889 -0.098158 1.767290 -0.689215 
299 1.351018 0.223126 0.153268 2.483114 -0.971620 
300 2.750539 -0.196966 1.160018 4.511969 -2.274929 
298 1.488281 0.279067 0.090194 2.718645 -1.036795 
973 4.710598 -0.089538 1.705412 0.570084 -3.475866 
1497 0.800080 0.311565 -0.041494 1.320972 -0.625644 
638 4.040214 3.132079 2.332048 -1.398422 0.999883 
1182 -0.038952 -0.066050 0.018127 0.009845 -0.074798 
499 2.471900 0.029275 3.233616 3.001334 0.553215 
1416 0.484409 3.350644 2.054508 3.958894 1.899666 
1417 3.778677 -0.089589 3.483849 2.677737 0.625098 
304 2.674660 0.129354 1.512137 0.792143 0.306386 
305 4.691541 -0.054324 1.341301 0.799364 -1.618709 
308 5.380643 0.035140 1.213221 0.845556 -2.248909 
590 5.100946 -0.747749 2.932532 1.453792 -2.865476 
1040 0.030661 0.062438 -0.071410 -0.024382 -0.078722 
1549 4.417665 0.218071 1.158086 2.870741 0.201503 
371 3.721012 1.133043 2.940585 0.861890 1.634708 
491 3.319884 0.299126 0.389455 0.679692 -0.724440 
493 3.106341 0.345016 0.572493 0.568725 -0.236469 
312 0.243495 2.785338 1.658024 -0.270004 0.629882 
311 0.065791 -0.089724 -0.066660 -0.030936 -0.030297 
314 0.881788 0.792839 -0.076043 0.657864 0.093525 
315 0.339770 2.811534 1.692132 -0.338552 0.597842 
313 -0.061778 0.069971 0.071848 -0.085032 0.009403 
1398 -0.087197 4.380023 4.314375 -0.690231 -0.022816 
319 2.717996 0.961063 -0.365445 0.151642 -1.169331 
318 1.742033 1.988218 1.439188 -0.903175 0.522985 
321 0.455382 1.247690 -0.216227 0.219100 -0.405427 
322 4.300833 0.836719 0.017391 0.327794 -1.462743 
320 4.222711 0.754289 0.177308 0.243006 -1.485797 
324 3.656085 0.691284 0.168755 0.236667 -1.154199 
325 5.005737 0.141513 1.359735 0.857065 -0.849481 
1270 4.663314 1.608563 -0.564060 0.293403 -1.907823 
323 3.840050 0.567813 0.181924 0.285494 -1.484397 
328 3.211640 0.165138 4.302299 2.085855 0.846333 
329 3.955932 -0.343200 3.415001 1.764746 -0.012588 
326 0.087826 0.092850 -0.091237 -0.092903 0.042836 
416 3.707023 -0.156897 4.143620 1.763131 0.259551 
1404 3.500661 1.464607 8.469827 1.913255 0.839883 
1405 4.445535 0.342186 7.173494 2.700941 0.525943 
1407 2.908414 1.178012 6.745492 1.515322 0.787392 
1408 3.446420 0.884601 6.974039 1.882016 0.749021 
1189 4.423613 0.072554 1.833484 2.863048 0.469042 
1389 0.882682 4.123517 -1.197007 0.732310 -2.750026 
1214 1.761967 2.201787 2.315463 -0.262545 -6.308489 
1215 2.713044 2.107780 3.340797 4.387598 2.741164 
1217 1.954625 0.347362 2.371427 4.459013 0.364114 
331 0.479479 1.779921 -0.696680 0.895610 -0.770325 
333 0.732390 2.124316 -0.944611 1.198210 -0.789194 
334 0.739887 2.891188 -1.144269 1.376012 -1.080886 
332 0.639964 1.973213 -0.809997 0.960627 -0.846325 
335 3.082646 0.849981 0.752370 -0.721253 -1.355206 
337 5.737232 2.385920 2.005435 -2.244384 -2.541865 
336 3.741292 0.968578 1.077894 -0.867699 -1.697045 
1570 7.366061 3.072783 1.152226 -1.565118 -1.547627 
1571 7.810193 2.509221 2.088606 -1.868621 -2.702907 
1573 6.327976 2.551133 1.441059 -1.866641 -1.941477 
339 2.342448 1.238283 -0.567781 0.049151 -1.375359 
338 3.410171 1.694617 -0.787832 0.135464 -1.861845 
341 2.172272 1.046973 -0.460885 0.078979 -1.137260 
340 2.312222 1.122695 -0.492449 0.055624 -1.228849 
342 0.640310 1.110056 -0.302405 0.544852 -0.201621 
692 -0.344082 3.589687 1.722497 -0.811392 -2.193692 
344 -0.070332 -0.002253 0.037913 0.038115 0.050376 
697 0.136596 6.143553 2.925221 -1.922719 -4.793227 
1396 1.618016 5.966597 1.483166 -2.178831 -5.247865 
349 2.313682 2.847673 1.326443 -1.864162 -0.693507 
350 2.991277 3.538507 1.607760 -2.270895 -0.920143 
348 2.386561 2.860682 1.397465 -1.908349 -0.693703 
352 2.531047 2.868385 1.413108 -1.950723 -0.715563 
353 2.529016 3.301484 1.403942 -2.029299 -0.721696 
351 2.340241 2.876249 1.281585 -1.877571 -0.684364 
686 0.002070 0.049754 -0.011414 0.011656 -0.067904 
355 0.963143 1.218039 -0.537182 1.049874 -0.204087 
354 0.909833 1.220686 -0.528125 1.046917 -0.218959 
356 1.749934 2.336247 -0.129477 -0.916482 -1.515601 
358 0.195819 4.685392 1.366294 -0.210051 0.384478 
357 -0.031176 2.483351 0.537825 -0.080181 0.016305 
360 0.158877 3.608053 0.698823 -0.499137 -0.314693 
361 0.071583 3.816613 0.888682 -0.305308 0.000944 
359 -0.050593 0.005741 0.098625 -0.011718 0.081950 
364 -0.018647 0.046388 -0.031400 0.059458 0.047518 
365 4.802532 0.051970 0.299402 2.839215 -1.855102 
1349 6.246688 -0.653529 1.991151 4.520236 -2.120287 
1351 6.373231 -0.066783 1.095096 2.887253 -1.569897 
1352 5.235467 0.463463 -0.243201 2.821581 -2.118670 
363 3.002219 -0.179301 0.571102 1.765241 -0.980471 
367 0.671150 1.911141 -0.747486 0.673030 -1.026366 
366 0.635939 2.026902 -0.769409 0.659058 -1.033867 
368 2.588025 1.561063 -0.315774 -0.359362 -2.203427 
866 -0.088255 -0.078243 -0.063597 -0.070969 -0.020764 
867 4.046621 0.722035 2.238684 2.417146 1.513298 
372 1.827312 0.961686 -0.454930 1.064732 -0.111760 
374 0.019456 -0.065325 -0.031548 0.020773 0.007737 
373 0.813665 1.010555 -0.455048 0.969792 -0.267011 
376 1.041842 1.470341 0.131919 1.240522 0.984134 
1263 4.753513 2.277114 0.811326 1.193768 1.646906 
1295 4.848639 2.397314 0.592305 1.102748 1.524817 
1348 4.519049 -0.263074 0.898549 2.891781 -1.528597 
378 0.918052 1.038288 -0.369563 1.062618 -0.044905 
380 2.080721 0.704906 -0.244771 0.337744 -0.696342 
381 2.032816 1.289644 -0.665320 0.244522 -1.357915 
379 2.113575 0.658504 -0.288959 0.406869 -0.741206 
383 1.989523 0.085286 0.121528 1.028751 -0.581780 
384 2.682311 1.620054 1.097178 -0.964736 0.168152 
382 2.001827 0.104923 0.154847 1.037430 -0.609264 
386 4.119201 3.134230 1.865859 -1.650733 0.489344 
387 3.512222 2.675696 1.679337 -1.407113 0.432295 
385 4.280753 3.124362 1.795285 -1.738598 0.334322 
389 4.536603 3.450353 1.968309 -1.776492 0.521812 
390 4.013031 2.953061 1.736387 -1.639092 0.378870 
392 2.734670 2.743341 1.823106 -1.238553 0.874465 
388 3.102927 2.279051 1.412620 -1.295114 0.312717 
391 3.962388 2.931519 1.795392 -1.604942 0.377854 
394 0.340439 2.961785 1.320098 0.565018 1.300686 
395 1.220190 3.205159 1.977217 -0.313812 1.456753 
393 0.502298 2.492450 1.328250 0.204761 1.104183 
396 2.138421 0.912627 -0.710551 1.046364 -0.584268 
398 2.882606 1.305402 -0.963220 1.145368 -1.082122 
399 3.563620 1.484284 -1.097027 1.604102 -1.054422 
397 2.520705 1.039530 -0.715015 1.104575 -0.735567 
400 1.688179 0.634407 2.461316 1.594470 1.167087 
417 2.752176 0.722727 3.662682 2.544549 1.514688 
409 1.941027 2.395467 -0.249521 -0.309067 -3.819028 
408 2.166046 2.613548 -0.222783 -0.343706 -4.241801 
411 1.760967 2.197204 -0.277419 -0.199551 -3.424509 
412 2.182344 2.745801 -0.272272 -0.321562 -4.304003 
410 1.980155 2.424179 -0.262001 -0.320910 -3.776281 
413 2.452125 1.731315 -0.401547 2.279277 0.794712 
922 0.250083 3.313768 1.007778 -0.562755 0.100484 
1233 0.030776 0.018956 0.028108 0.028887 -0.018630 
1234 4.655245 2.628358 0.308317 2.506199 1.974567 
419 1.958782 2.327222 1.647557 -1.031149 0.657613 
418 0.021308 0.055133 0.064808 -0.091409 -0.081146 
423 1.121557 1.525330 -0.833350 0.806580 -0.879518 
422 1.157113 1.560133 -0.833205 0.771717 -0.892350 
424 3.428838 1.070691 0.404260 -0.061806 -0.216696 
426 0.712864 2.276526 -0.091898 -0.499885 -0.851265 
425 0.609135 2.311560 -0.114847 -0.463727 -0.886266 
427 3.015640 1.037309 0.913090 1.107051 1.123085 
428 6.101877 1.354921 3.749269 -1.765583 -2.151747 
1362 0.802707 4.466792 0.142479 3.090599 1.514652 
429 0.381048 1.772218 -0.493478 0.583873 -0.544555 
431 1.273147 1.392125 -0.458060 1.781114 0.218183 
432 1.182895 1.437699 -0.483039 1.750629 0.183018 
430 -0.051475 0.000991 -0.017833 0.010365 0.064018 
434 3.356457 0.599576 0.204993 2.759650 0.067256 
433 -0.031232 0.063958 -0.067610 0.006964 -0.031946 
436 0.884918 2.285276 -0.957664 0.733145 -1.218372 
438 0.084738 -0.073967 -0.040067 0.003128 -0.091571 
437 1.017514 1.224943 -0.608818 0.701354 -0.464660 
440 1.243271 1.080105 -0.345564 1.370314 0.178607 
442 1.179135 3.820755 2.654591 0.638030 2.153682 
443 0.373258 3.942512 2.749103 -0.324798 1.108803 
676 0.091137 5.347608 7.060360 1.124921 1.552616 
445 2.180311 0.913291 0.440135 0.868512 0.816681 
444 0.438591 3.429240 1.679679 -0.465529 0.622739 
447 3.219453 0.974355 0.182761 1.081876 0.509563 
448 3.798337 1.410939 0.437113 1.357793 1.085912 
446 2.817610 1.009573 0.310858 1.015895 0.708781 
449 0.058811 3.398108 0.775588 0.206429 0.483303 
453 5.230963 2.720090 2.592951 -1.218763 0.971149 
452 4.953544 2.436565 2.542309 -1.022169 1.006317 
457 4.897428 2.391155 2.477129 -1.064089 0.925958 
458 4.152568 2.052601 2.188687 -0.892941 0.847264 
454 4.115921 2.073692 2.045521 -0.942781 0.760936 
456 5.128726 2.731359 2.618516 -1.176944 1.013269 
459 3.553748 1.912626 1.932680 -0.859239 0.794386 
455 3.576246 1.988356 1.928644 -0.903959 0.770258 
461 2.955736 0.559969 1.908759 0.954587 1.053266 
460 3.937825 0.620831 2.398747 1.293415 1.193476 
463 4.327161 0.736369 1.578847 1.874877 1.253471 
462 4.194749 0.762461 2.537824 1.227366 1.304912 
465 2.137283 0.022439 0.828389 2.100518 0.127313 
466 2.275231 2.819879 0.147123 -1.361522 -1.750221 
468 4.621108 0.125568 2.926901 1.487015 0.526510 
467 3.382536 -0.648629 2.118043 2.058425 -0.900009 
470 3.321526 -0.161510 2.017955 1.201826 0.124520 
471 4.119041 -0.715565 1.980783 1.769855 -1.278956 
469 -0.218486 1.960199 1.072220 3.559172 0.130890 
474 4.617593 0.460930 0.447719 1.199209 -4.073390 
472 1.388879 1.514229 -0.174504 -0.235514 -2.546711 
1091 5.562776 -0.486006 1.506654 3.091653 -4.520763 
985 0.549498 6.014157 2.069607 0.749534 1.682751 
475 0.295549 2.670376 0.459646 1.622236 1.015101 
477 -0.076002 0.034826 0.085620 0.074201 -0.090111 
478 0.433072 3.858603 0.538635 2.308649 1.408606 
476 0.259175 2.425098 0.446288 1.466126 0.898433 
940 0.519052 3.252955 1.345597 -1.036993 -0.170581 
479 3.128029 1.267733 -1.004210 1.382600 -0.317691 
482 5.615447 3.506865 -1.843889 2.489003 -0.264949 
480 3.087866 1.638031 0.212517 1.869156 1.204914 
481 5.396195 3.806584 1.486391 2.732958 3.445295 
1235 5.423417 2.483298 -1.709828 2.194468 -4.915080 
1250 3.416229 2.898996 2.006234 1.250848 2.644164 
1251 3.083449 2.081358 -1.346885 1.647222 -4.130276 
1244 4.860418 3.645779 -1.962324 2.821548 -0.154877 
1245 6.688272 4.208924 -1.330843 3.599353 1.100204 
1247 6.068712 3.790853 -1.909865 2.442118 -0.273159 
1455 2.677837 2.131729 1.097550 3.714619 2.209944 
483 0.992254 1.213673 -0.654802 1.148279 -0.418833 
485 -0.013631 -0.039945 0.046794 0.016806 -0.090288 
486 1.521180 0.729796 -0.180176 1.275451 0.127349 
492 0.050677 -0.042209 -0.091356 -0.043980 -0.030622 
495 0.920042 0.995872 -0.301816 2.793532 -2.306069 
496 4.218614 1.731615 -1.185833 5.182084 -1.642215 
494 0.918164 0.957439 -0.301823 2.801938 -2.352842 
780 0.004710 0.081019 0.068087 0.048405 0.088360 
781 2.151109 1.596199 -0.558631 5.308102 -3.591678 
1410 -0.586873 2.451685 0.709911 3.731729 -3.603679 
498 2.315301 0.102335 2.832093 2.716834 0.662548 
497 -0.034477 0.026869 0.071010 0.006870 -0.054162 
502 3.629364 2.125889 -0.776327 -0.166600 -2.243247 
503 2.050195 5.954741 2.057318 -1.773395 0.638805 
501 -0.031704 0.011400 0.048233 -0.053361 -0.090594 
506 3.576363 0.420992 1.128577 3.036521 0.540075 
505 0.053340 0.060142 0.079742 -0.054411 -0.000014 
507 2.767274 1.417717 2.317955 -1.585199 -0.897892 
512 0.039743 -0.064172 -0.082834 0.058866 0.089567 
511 1.872176 0.432001 0.521830 1.779623 0.447108 
515 0.893704 1.172939 -0.074989 4.021467 -2.430100 
514 1.041016 1.361493 -0.758818 2.528075 -1.782927 
674 2.068262 2.043881 -1.340466 1.625614 -2.618742 
1086 3.545699 3.388290 -2.293404 3.161077 -4.293000 
1089 3.327515 1.342815 -0.576309 0.659252 -3.398418 
963 1.969600 3.054233 -1.716229 2.415370 -1.016070 
519 1.244762 3.024935 -1.197003 0.656076 -2.040931 
518 -0.089312 -0.038527 -0.075557 0.055296 0.002623 
521 -0.079709 -0.000369 -0.058716 -0.036911 0.012257 
520 0.541243 1.132947 -0.353904 0.322053 -0.688553 
522 -0.816441 5.803470 -0.494013 4.014529 -1.622983 
523 1.347015 1.545034 -0.280217 5.035954 -2.088100 
524 3.045709 1.475432 -0.903598 4.531519 -1.313576 
526 -0.564415 5.622725 -0.380421 4.138830 -0.917635 
527 3.442794 1.581146 -1.070153 4.065654 -0.995664 
525 -0.689067 4.215256 -0.310609 2.408829 -1.101354 
528 0.468649 2.089700 -0.540289 1.417038 -0.121683 
531 2.915333 -0.834651 3.884929 4.008053 -2.298836 
530 3.146556 -0.913048 4.445538 4.404682 -2.457900 
533 2.050046 -0.684997 2.585404 2.423423 -1.378230 
1533 4.026032 -1.093466 6.601501 5.617173 -3.004940 
1535 1.561927 -0.365582 2.971694 4.187406 -3.135705 
532 2.166755 -0.612644 3.707333 4.645495 -3.319605 
535 2.788234 2.873618 -0.602003 -0.839684 -2.286535 
534 0.063110 0.045071 -0.092051 0.054587 0.051263 
538 0.085214 -0.072425 0.039107 -0.068359 -0.072576 
539 3.689820 4.424166 -0.724889 -1.282431 -3.121834 
537 2.674232 2.490474 -0.645456 -0.669889 -2.306449 
541 2.376429 2.826635 -0.395207 -0.972073 -2.179256 
542 2.947696 3.540946 -0.535211 -1.099515 -2.548647 
690 3.281930 1.684469 -0.949292 0.394982 -2.222098 
689 3.947470 2.339353 -1.122681 0.178470 -2.891830 
540 2.860716 3.448644 -0.651260 -1.026453 -2.583312 
545 -0.096670 -0.072263 -0.086818 0.044751 0.004493 
544 2.084569 2.479840 -0.342472 -0.807045 -1.861267 
546 1.687573 1.242213 -0.447143 3.484946 -0.777028 
1239 0.499949 2.115433 1.365017 4.551093 0.802188 
549 0.285131 1.499681 0.960597 4.131989 -0.238757 
553 0.839009 1.511042 0.386818 2.476241 0.812988 
552 0.853908 1.418772 0.421711 2.420810 0.790446 
554 1.978066 3.265889 2.521307 -1.357795 0.845290 
557 2.260640 1.657703 -0.291589 -0.520441 -2.085136 
556 2.203552 1.660518 -0.281992 -0.510463 -2.015194 
558 -0.305223 4.593156 0.399124 1.306159 0.262805 
560 3.766382 0.466998 1.096439 3.245103 0.581268 
559 -0.033422 -0.048131 0.013478 -0.053038 -0.007024 
564 1.062674 3.748936 0.452377 -1.206032 -0.980334 
566 1.017772 3.231266 0.434272 -1.153582 -0.917769 
565 1.116267 3.445433 0.416597 -1.164882 -0.917343 
569 3.999496 1.413745 -0.399012 0.341169 -0.991838 
568 -0.096765 0.016052 0.062312 0.095338 -0.010475 
571 0.069025 -0.065354 0.021165 0.026945 -0.031010 
570 3.301154 1.145937 -0.319073 0.267246 -0.844114 
572 1.737924 0.304122 -0.139962 1.774181 -0.564641 
575 -0.533737 3.700352 0.677527 0.048166 -0.841645 
578 0.033592 0.076322 0.007521 -0.036393 0.052063 
577 -0.340237 3.338840 0.055001 0.352437 -1.297286 
580 3.309177 1.483539 -0.750874 0.239122 -1.807106 
582 -0.049958 -0.018465 -0.004788 -0.036217 -0.096688 
581 3.325642 1.496212 -0.753416 0.211639 -1.885392 
583 0.940577 1.275154 -0.613057 1.949632 -0.389157 
587 1.130638 2.786545 -1.301224 1.263762 -1.045403 
589 4.871298 -0.868568 3.378576 1.842430 -2.291117 
591 4.781598 -0.811381 3.022216 1.625521 -2.548378 
592 5.813456 -0.624812 3.130344 1.856116 -1.424312 
1181 6.089185 -0.287077 3.371766 1.950808 -0.321683 
1180 4.864450 -0.860499 3.411982 1.939437 -2.862407 
594 0.047349 0.013360 -0.084594 0.043248 -0.065594 
593 2.503280 -0.177351 1.355328 0.597466 -0.620219 
598 -0.028012 -0.000714 -0.081719 -0.011341 -0.059951 
789 1.786094 3.486305 1.798542 -1.525314 0.296316 
597 1.579254 3.190232 1.616798 -1.420021 0.183809 
600 0.294610 4.146620 -1.024082 1.660159 -1.260276 
599 -0.002549 -0.067077 0.050479 0.005429 0.033039 
603 -0.041423 0.097509 0.040619 -0.001205 -0.008032 
602 0.147495 2.406230 -0.577184 1.040178 -0.738067 
607 2.956316 1.154381 -0.921955 0.950740 -1.534683 
611 1.006616 3.681400 -1.652034 2.822148 -1.701888 
614 1.981396 1.532636 0.687555 -0.920100 -0.131698 
617 0.533961 3.368739 0.822836 2.072115 1.576872 
616 -0.061803 0.041304 -0.003926 0.095567 -0.002404 
619 0.932761 2.827517 0.050386 -0.866809 -1.368222 
620 2.855124 2.341609 -1.525995 1.142968 -2.017461 
618 0.991398 2.798522 0.093308 -0.876552 -1.286970 
622 -0.083118 -0.025827 -0.030900 -0.095397 0.023136 
621 2.399535 1.839793 -1.222660 0.839673 -1.664904 
623 0.726317 1.928036 -0.826684 1.271539 -0.561688 
626 1.597063 3.371790 2.460501 -0.898591 1.276363 
625 2.591965 4.883217 3.314758 -1.189510 1.909892 
628 1.387707 2.989678 2.016232 -0.692977 1.123439 
627 1.556859 3.102000 2.135829 -0.741459 1.221717 
630 4.759512 1.243815 0.993014 -0.896145 -2.058368 
629 4.885858 1.781389 0.495091 -0.890956 -1.517335 
631 5.069294 3.048111 3.584236 -3.172311 -4.350868 
783 4.006571 2.536173 3.063326 -2.557682 -3.320208 
784 5.926751 3.090494 0.014198 -0.869307 -0.881287 
1572 7.274843 3.623355 0.677523 -1.456682 -1.217644 
1574 0.047292 0.013460 0.072043 0.043420 -0.002083 
1579 5.887259 3.100038 0.227029 -1.000532 -0.842036 
632 2.658364 0.681961 -0.385688 0.594282 -1.348479 
636 1.902267 1.910781 0.233464 -1.082291 -0.971460 
635 1.954782 1.846289 0.203905 -1.015331 -1.016599 
637 2.284138 1.115601 3.099020 2.871110 1.836658 
640 4.159359 1.338053 0.357771 1.051132 0.461526 
643 2.427875 0.962414 2.787708 0.887527 1.405214 
642 0.033978 4.476512 -0.274147 0.603893 -4.111008 
713 2.638816 3.547458 2.911598 -0.505865 1.981189 
645 3.033461 5.280135 -0.111900 -0.441357 0.878447 
1430 3.127252 4.613062 -0.365948 0.840254 1.516606 
1431 3.008463 5.828448 -0.510864 1.272001 1.657488 
1433 4.553644 5.455674 -0.713229 1.225867 1.730473 
1434 3.775376 6.674333 0.043881 -0.671342 1.114309 
1436 3.376244 5.048180 -0.257930 1.101007 1.885694 
1437 3.324230 6.438765 -0.814046 0.614414 1.081729 
1439 4.276213 6.360246 0.982572 0.159000 2.622523 
1441 3.770353 7.040124 -1.820326 1.363381 0.528751 
1443 3.247131 4.609708 -0.464006 0.217722 0.979260 
1444 5.221713 5.492440 -1.440204 1.012109 0.818854 
1446 4.165915 6.848012 0.366668 1.598287 3.102863 
1447 3.221983 7.730888 -1.570914 1.260621 0.609328 
646 3.393974 1.133955 0.234991 1.253113 0.819942 
853 -0.662009 3.387634 -0.003969 1.527022 -0.750728 
648 1.494672 3.624865 2.784736 0.622863 2.298556 
647 -0.074005 0.098218 0.032849 0.015958 0.029513 
650 1.138068 2.893153 2.208726 0.517492 1.829451 
653 1.736424 0.712643 0.556081 3.974368 -0.177181 
654 2.958040 1.049089 0.634846 6.883569 -1.345152 
652 1.506147 0.808351 0.761801 4.819657 -0.601064 
774 2.705556 2.247193 0.572301 6.187572 0.990162 
864 5.278811 1.358193 1.968968 -1.202961 -1.450071 
656 2.147355 0.068801 1.091011 4.509337 -1.300037 
659 3.192957 2.287419 -0.077231 -1.184228 -2.395630 
658 4.733545 3.327078 -0.080518 -1.580049 -3.170983 
661 2.925730 1.949425 -0.031788 -0.967093 -1.824486 
660 3.071146 2.179208 -0.172559 -0.997451 -1.993253 
663 2.247468 2.937576 -0.524218 0.359811 -5.186023 
662 2.935637 3.825958 -0.631437 0.556903 -6.827002 
665 2.255081 2.908408 -0.449826 0.266087 -5.137656 
666 1.950875 2.503926 -0.423519 0.256277 -4.543945 
792 1.736637 2.055228 -0.418539 0.232005 -3.728742 
793 2.078598 2.654004 -0.537414 0.413385 -4.710835 
664 2.097478 2.835482 -0.748368 0.754400 -4.991383 
677 1.750019 2.204282 -0.759392 0.871694 -3.905967 
667 0.141076 2.524840 -0.657081 1.063367 -0.988726 
670 -0.080353 3.345293 0.387704 1.374367 0.604245 
669 -0.105663 3.244231 0.343547 1.385712 0.548416 
721 1.941123 4.913143 2.555823 -1.923309 0.516865 
671 1.864591 1.805082 -0.856385 2.315690 0.004146 
673 -0.074756 0.087958 -0.088501 -0.071091 0.006347 
672 1.748299 1.587607 -0.769713 2.125787 -0.007891 
675 0.425366 4.960282 4.031195 0.281910 1.828115 
1557 0.174495 3.619031 4.794700 0.665912 1.124756 
1558 0.107722 4.557328 4.833338 0.478646 1.420927 
679 3.131932 0.895482 0.106468 1.470491 0.467187 
680 0.086850 3.983616 0.931958 1.554873 1.261738 
678 3.214356 0.844711 0.180784 1.444126 0.508597 
682 -0.289535 5.260694 1.210137 1.563971 1.112570 
683 0.101418 5.470316 1.190271 1.799431 1.501353 
681 -0.000195 3.966043 0.856092 1.310452 0.999915 
684 2.332991 0.782039 -0.384760 2.763095 -0.399045 
694 -0.097479 4.171156 3.042014 -1.469926 -2.393337 
695 -0.060537 5.916997 4.894608 -2.082796 -3.345576 
693 -0.135837 4.596029 2.775225 -1.394745 -3.411731 
698 -0.163835 4.665623 2.698003 -1.431823 -3.167772 
696 -0.086776 5.294882 1.890038 -1.393935 -3.659076 
715 0.296534 4.086555 1.917085 1.763844 1.912135 
716 -0.294441 4.806717 3.644542 -1.474212 -2.968106 
718 0.364400 3.924514 3.384506 -1.774721 -1.926357 
699 0.064485 0.012926 0.055210 -0.019306 0.070915 
700 2.900818 2.487729 -0.159246 -1.151582 -1.999798 
705 -0.487381 4.579280 0.450881 1.694335 0.287985 
704 -0.495592 6.493087 0.486423 2.157906 0.336963 
707 -0.339623 3.943026 0.327571 1.303078 0.177007 
706 -0.323782 4.191958 0.356735 1.489550 0.350155 
712 -0.023622 -0.013377 0.095445 0.062902 0.097639 
717 0.474581 4.591794 3.938807 -1.987486 -2.209654 
719 3.829020 0.990419 -0.714879 1.939436 -1.122230 
752 -0.022535 -0.044731 0.060416 0.065019 0.035620 
753 5.595534 1.577089 -1.094758 2.833868 -1.683114 
720 1.211604 3.365065 1.775803 -1.205541 0.442935 
1346 1.366014 2.696823 4.592753 0.392363 1.617546 
724 2.642501 3.919252 2.648515 -2.727559 -1.461610 
725 2.416771 4.679811 2.836740 -2.505752 -0.358070 
723 1.815947 3.058854 1.884135 -1.917851 -0.668506 
726 1.660219 3.385898 -1.635123 1.590814 -1.132983 
731 2.127803 0.818677 -0.358927 3.733799 -1.579547 
730 0.000480 -0.014050 -0.022403 0.062240 -0.080427 
733 2.144747 1.360816 -0.808861 2.063550 -0.080489 
734 2.296309 3.833781 2.536843 -0.735354 1.788578 
732 2.102027 1.359990 -0.824734 2.009556 -0.131590 
736 0.051189 0.011850 -0.088755 0.000170 0.067970 
745 0.019941 -0.001757 -0.095417 0.048489 -0.050309 
1279 0.683161 2.585466 -0.518449 4.702781 -1.237308 
1281 -0.664505 5.697043 -0.351254 4.008140 -0.994247 
1029 0.206452 1.788766 0.046514 4.036550 -2.032813 
1356 0.106356 3.228087 0.468947 6.861652 -5.661523 
747 1.353379 1.237432 -0.805688 1.412211 -2.228762 
751 4.708091 1.398370 -0.974572 2.274789 -1.227290 
750 -0.063195 0.069406 -0.058915 -0.039659 -0.084542 
755 3.101196 1.432481 1.144634 4.466672 1.269505 
754 -0.037402 0.072888 -0.060211 -0.078825 -0.047806 
762 3.066511 2.730730 1.098499 4.373394 2.414882 
892 3.621424 3.668368 0.867437 4.434618 2.833454 
765 3.196896 3.902061 0.867292 4.734182 2.880144 
775 1.349143 2.955368 1.028023 4.604581 1.787959 
776 2.004147 3.227549 0.931976 3.962173 2.211553 
767 -0.061436 2.458989 1.412107 5.393447 -0.255977 
768 0.841342 3.231514 0.959367 5.733165 0.950081 
766 0.176950 1.974488 0.891609 4.042355 0.145832 
769 3.071463 1.606191 1.868134 0.905149 1.781845 
778 1.164408 1.371214 -0.244300 3.801824 -3.412452 
777 0.001383 0.000630 0.089340 0.056641 -0.069507 
786 0.876239 1.891537 -0.935784 2.246314 -2.396521 
787 2.754068 3.564909 1.794104 -2.425303 -1.396830 
785 0.962848 1.852007 -0.969944 2.289591 -2.388028 
790 0.922849 4.002624 -1.646979 2.589046 -2.019956 
794 1.716129 2.046762 -0.310816 0.187352 -3.836562 
797 1.872991 3.199355 4.855734 1.329882 2.616684 
799 4.439862 2.843297 4.949815 -2.568695 -0.892309 
801 3.516025 2.202103 3.960681 -2.032389 -0.702688 
802 4.400218 2.797573 4.911215 -2.531139 -0.892933 
804 3.475933 2.192589 3.908461 -2.006734 -0.693350 
800 4.392164 2.793154 4.875592 -2.530472 -0.869588 
803 4.051213 2.534639 4.446638 -2.293411 -0.790144 
805 3.994473 -0.109503 0.231083 3.950150 -2.881668 
808 2.893083 0.561701 -0.132475 4.281336 -3.589123 
1071 4.535040 0.883726 -0.340753 5.758533 -5.153306 
1073 4.813824 1.027325 -0.831701 4.583541 -3.746748 
810 3.270265 2.729957 -1.070490 3.678913 0.383929 
809 0.054886 -0.099919 -0.043322 -0.071395 -0.038445 
813 -0.043142 -0.012467 0.099932 -0.045272 0.071499 
812 2.634865 2.185316 -0.875721 2.931497 0.307061 
814 3.938725 1.757075 2.569504 -0.277733 1.271881 
816 -0.065456 -0.024207 -0.006305 0.090852 -0.020430 
815 3.922677 1.641489 2.424531 -0.434418 1.087955 
817 0.295062 3.067452 -0.970550 1.215105 -1.512970 
820 0.943146 4.269278 2.651818 1.245728 2.376607 
819 -0.024258 0.079508 -0.076912 -0.022841 -0.082532 
1170 0.029504 0.056119 -0.049239 0.012822 0.020345 
822 1.480018 2.055086 1.326814 -0.459058 -4.933946 
821 2.105729 2.623268 1.861567 -0.587606 -6.499337 
824 1.496866 1.654864 0.905603 -0.403771 -4.004070 
823 1.413589 1.819431 1.184657 -0.407013 -4.379269 
826 0.713832 2.180972 0.737893 2.720337 -6.066288 
825 0.585899 2.666592 1.558770 2.399495 -7.046120 
828 0.614488 2.594569 1.382333 2.477389 -7.021394 
830 0.594032 2.050303 0.851808 2.286302 -5.708666 
832 0.661304 2.516347 1.281762 2.503677 -6.682412 
833 0.677564 2.428171 1.045111 2.746763 -6.569412 
827 0.514717 2.181405 1.108608 1.919028 -5.830667 
829 0.640623 2.402884 1.197282 2.463370 -6.493770 
831 0.598347 2.580624 1.407907 2.360739 -6.925105 
834 0.782556 2.277516 0.869337 2.075639 -6.059931 
836 0.150113 4.229913 0.812307 -0.798312 -0.755246 
837 4.108818 0.454359 0.993370 3.918951 0.352264 
835 0.169087 4.281204 0.829015 -0.781895 -0.717687 
842 -0.710876 1.769900 1.607331 4.047449 -1.641813 
843 0.286947 1.219278 2.680233 5.688836 -5.237837 
841 -0.715216 1.847020 1.646242 4.061295 -1.610837 
1273 -1.416853 3.557458 2.691780 6.908488 -2.790277 
1274 -0.559276 1.747445 2.507371 5.633246 -3.323197 
1276 -0.930524 2.399127 1.672287 4.629079 -1.753986 
1536 -1.034893 2.694800 2.079502 5.550369 -2.110585 
844 1.469436 3.438452 -1.571358 1.295415 -1.784422 
846 1.590452 3.433115 -1.671250 1.323633 -2.808529 
847 2.466800 5.516257 -2.427885 1.722582 -2.982801 
845 1.544971 3.545916 -1.581998 1.216807 -1.772617 
848 2.343947 2.320200 1.202184 -1.684454 -0.838750 
851 2.276974 1.738814 -0.373578 0.027230 -3.356724 
850 2.373980 1.749652 -0.396429 0.073594 -3.466861 
852 0.030182 4.678031 0.643225 3.127519 1.277971 
856 0.231654 3.463516 -0.583717 0.430728 -2.489733 
857 0.273253 4.589190 1.601741 1.790719 1.836476 
855 0.209611 3.559550 -0.587458 0.482883 -2.555796 
860 2.196485 6.342788 -2.630625 4.119921 -1.667494 
862 1.919377 0.880640 0.584301 4.574581 -0.218764 
1466 1.822286 2.098006 -0.577374 6.130186 -3.650413 
861 1.288825 4.125874 -1.579982 2.204974 -0.684289 
863 -0.064917 -0.038984 -0.078234 -0.010132 -0.043387 
871 1.058941 2.681561 7.046817 3.063314 1.650618 
870 0.801113 1.593583 4.214668 1.967474 1.240535 
873 0.898938 2.257681 6.158647 2.601129 1.321972 
874 0.916296 2.082082 5.350385 2.383229 1.391209 
872 0.995942 2.085895 5.038231 2.306260 1.660988 
1268 0.731350 1.655664 4.197036 2.044794 1.198503 
878 5.007017 5.616987 0.814588 -2.589173 -0.995056 
877 2.585499 5.367167 0.308988 -1.882722 -1.281054 
880 3.439587 4.402113 0.693285 -2.141592 -0.923574 
881 3.850828 5.969643 0.559904 -2.461103 -1.170862 
879 2.675833 2.252624 3.643290 -2.241976 -3.099753 
1339 0.078465 -0.058365 0.043085 0.049279 0.020840 
884 1.988138 0.554894 0.121370 3.848398 -1.048485 
883 1.890084 0.568927 0.121473 3.825274 -1.013194 
885 2.066502 2.412002 1.604692 -1.104498 -5.017268 
887 2.043772 4.295658 2.414198 -1.510881 0.855508 
886 -0.069058 -0.065956 0.064086 -0.012950 0.015499 
889 0.423607 2.978474 0.574959 2.699304 1.310178 
890 1.382395 3.589360 0.987196 3.653057 2.160668 
888 0.489834 2.936712 0.601982 2.633355 1.278373 
896 2.181940 2.756384 3.454648 -2.333828 -3.236831 
897 4.429256 -0.636146 5.472470 1.454519 -2.134423 
895 4.570809 -0.092909 5.248301 0.480508 -1.300735 
899 3.959025 -0.220396 4.574013 0.568168 -1.253901 
898 4.603989 0.030540 5.139405 0.272467 -1.194322 
900 3.196433 2.437306 3.598402 1.832412 2.838833 
902 -0.271797 3.605306 -0.629467 1.675148 -1.198105 
1318 0.786089 0.470981 3.230323 3.918517 -0.213130 
901 2.546183 1.961226 2.759399 1.422577 2.259068 
904 2.381955 1.768176 0.446597 -0.804324 -3.522237 
905 3.403050 2.016480 1.761599 2.524665 2.455970 
903 2.252924 1.701814 0.485188 -0.766748 -3.550911 
907 0.030617 0.032576 -0.009989 -0.013334 -0.087585 
906 1.705586 1.047011 0.835690 1.427947 1.187178 
910 0.638927 3.380793 -1.327651 1.765850 -1.461816 
911 -1.549136 3.879140 2.067536 3.739509 -0.539848 
909 0.661601 3.393934 -1.266505 1.753931 -1.487651 
913 -2.185144 4.671882 4.276374 5.422160 -0.922535 
914 -1.704391 5.698240 5.848002 2.865290 0.422246 
912 -1.208757 3.902395 2.837839 1.259906 -0.255250 
916 -2.371847 4.602883 3.968836 4.180800 -1.614084 
917 -1.238999 3.862589 5.810283 4.854600 0.243709 
915 -1.730491 4.717131 4.996006 3.322545 0.112640 
1201 -2.818997 5.634816 4.008447 5.062868 -2.348645 
1203 -2.444297 6.288527 3.350146 2.899114 -1.391031 
1204 -2.153762 5.032377 2.799550 4.750390 -1.388872 
1206 -1.937837 5.491392 4.825399 3.920829 0.253064 
1207 -1.215650 4.293030 6.616381 4.157641 0.496920 
1202 -1.916978 4.939400 3.071921 2.143570 -0.791628 
1205 -2.308005 5.088169 3.435908 3.021587 -1.600394 
1208 -1.266295 4.993133 4.299279 1.448259 0.257731 
1256 -1.514935 5.643024 3.965017 2.187054 0.419980 
921 -0.071932 0.085164 0.050311 0.033099 0.037805 
920 2.250580 1.411271 -0.996709 1.454829 -0.653922 
924 1.029709 3.323818 2.089612 1.160549 2.115507 
925 2.157585 2.772482 -0.126939 4.793343 0.961446 
923 1.048235 3.334060 2.079037 1.119888 2.132961 
1519 -1.134066 3.397166 1.087371 4.496302 -1.342178 
929 3.448321 0.665227 1.012277 -0.574367 -2.138614 
1418 2.244335 -0.004930 1.708817 1.173964 0.352558 
930 0.060521 0.062996 0.045651 -0.091204 -0.014901 
931 0.267536 3.441764 0.185091 7.430384 -2.455950 
933 -0.020863 0.094439 0.068078 -0.080089 -0.061964 
1175 2.030591 2.827587 -0.993175 5.790175 -1.205264 
936 3.136972 -0.467304 1.507673 4.683957 -2.559052 
942 3.767773 0.400790 1.095745 -0.166686 -2.600521 
941 3.796601 0.365817 1.088103 -0.178069 -2.515227 
943 2.927961 3.783388 3.832520 -1.005095 1.824828 
947 -1.620693 5.816065 2.478966 0.424151 -2.349027 
1271 -0.487967 3.331283 1.674305 5.235014 0.328232 
1272 -0.352633 2.478459 1.294926 4.070526 0.263521 
948 0.529489 4.214597 -1.054543 0.966784 -1.932571 
950 0.079904 0.030860 0.054721 0.073564 -0.050493 
949 0.531931 4.170266 -1.065541 0.965210 -1.980188 
951 -1.005240 4.578941 0.514327 1.024213 -1.576884 
953 -0.954049 4.233907 0.455295 0.881612 -1.660785 
954 -1.447189 7.193772 0.662742 1.584674 -2.974530 
952 -0.964861 4.539329 0.477774 1.008268 -1.555111 
955 0.034648 3.367803 2.594529 2.291707 1.783844 
1136 0.059929 4.321306 3.719038 2.958623 2.369302 
958 1.360627 4.160565 1.033993 -1.564666 -0.556813 
957 1.345917 4.161188 1.080306 -1.600632 -0.612922 
959 4.885048 0.533397 1.662253 -0.243835 -3.899361 
961 4.105978 1.276632 1.547849 -0.098539 0.658364 
960 4.211834 1.306067 1.531361 -0.157266 0.641932 
962 1.941204 3.196665 3.914606 2.051383 2.908115 
966 1.192831 0.430923 2.423225 5.975838 -2.997846 
967 1.510827 0.358277 2.612138 6.460697 -3.055155 
965 1.039046 0.569012 2.473531 6.035400 -2.924628 
969 0.948229 0.629148 2.378478 6.143275 -3.052297 
970 2.132147 0.005189 2.399391 6.296381 -3.168094 
968 0.915194 0.668984 2.382077 6.108975 -2.960541 
989 2.809130 1.366841 3.339549 0.961213 1.740936 
1002 3.695246 -0.646641 1.613001 4.163069 -3.055937 
1004 5.074008 -0.593054 1.518273 2.975235 -4.207080 
975 3.610184 3.015785 2.230981 1.657374 2.990595 
974 2.675671 2.520479 1.989811 1.321491 2.449452 
976 2.447450 3.554089 2.456670 1.283052 2.893492 
979 0.075121 -0.012165 -0.028235 0.048946 0.015633 
978 -0.033131 4.576148 1.168004 1.080539 1.011426 
980 5.448668 1.726816 0.313159 0.771901 0.354659 
982 0.085736 0.048946 -0.099344 0.034485 -0.088481 
981 5.263783 1.682661 0.417499 0.754205 0.453351 
983 5.568362 -0.092559 1.003086 2.700272 -5.092630 
986 4.013042 1.197364 -0.326660 0.221636 -1.703381 
984 5.235378 -0.460239 1.427505 2.915472 -4.239786 
1092 -0.099055 -0.013354 0.049431 0.066745 0.060072 
988 -0.062350 -0.003579 -0.073337 0.050284 0.068572 
987 4.286253 1.465672 -0.474858 0.241697 -1.694554 
993 0.558050 1.473264 3.889308 4.854335 0.566873 
992 -0.047623 -0.054737 0.010749 0.046433 0.036380 
995 1.686946 0.879781 4.769181 3.725764 1.070572 
996 0.111416 1.992596 4.770519 5.466886 0.436784 
994 1.099492 1.265146 5.865966 4.553182 0.603277 
998 1.040714 1.081220 5.025840 4.167575 0.593505 
997 1.522855 0.998317 6.181203 4.333857 0.514705 
999 -1.816851 5.373299 1.423064 2.880069 -1.623151 
1504 -1.459829 5.601034 2.939902 0.702635 -5.830732 
1514 -0.476140 3.386246 -0.698581 1.302688 -1.490721 
1003 4.633562 -0.255995 1.649132 1.119356 -3.783750 
1006 1.685998 3.247348 0.183746 -1.374330 -1.648077 
1010 3.630385 2.560941 -1.615004 2.954777 -0.555423 
1009 2.512530 3.394860 1.051484 -2.039835 -1.321847 
1012 -0.098286 -0.006435 0.015775 0.054130 0.062890 
1011 3.411866 2.332487 -1.458593 2.657281 -0.432109 
1013 2.777207 2.290578 0.423777 -1.436816 -1.490310 
1018 4.405184 1.478640 0.792498 2.042447 -7.825810 
1017 3.637776 1.183980 -0.037987 2.661722 -5.983358 
1307 3.361720 1.221545 1.480469 0.602393 -6.356137 
1308 4.096973 1.606615 -0.015137 3.743010 -7.670922 
1303 4.066431 0.823189 0.671121 1.089460 -5.426344 
1305 -0.062794 -0.066579 -0.043365 0.083382 -0.049730 
1306 4.334956 1.012016 0.288347 1.960865 -5.972394 
1309 3.890202 0.885156 0.195668 1.790012 -5.365044 
1027 -1.271551 4.710333 1.680726 0.237285 -1.871642 
1026 0.520699 4.067717 2.617295 4.610713 2.293618 
1032 5.348938 2.291923 2.467762 -0.817977 0.824530 
1031 -0.097664 -0.031301 -0.089415 -0.099749 -0.023041 
1034 0.077269 -0.043491 0.051007 -0.015245 0.044041 
1033 4.244719 1.880838 1.982035 -0.735588 0.728069 
1035 3.716523 -0.623080 2.378838 2.812533 -0.818846 
1037 -0.070354 0.001772 -0.038245 -0.068813 -0.019579 
1038 5.378658 -0.864116 3.372218 3.953416 -1.236932 
1036 3.621764 -0.642152 2.282716 2.563444 -0.802684 
1039 5.027224 0.176716 1.039205 0.952879 -1.412225 
1043 1.051734 3.359964 0.041574 3.078945 1.288585 
1042 1.045300 3.368634 0.054215 3.061846 1.327864 
1044 -1.193684 5.499817 2.753650 -0.239294 -1.818197 
1045 0.065724 -0.042685 0.093301 -0.096613 0.052028 
1046 0.743757 1.087885 2.025201 4.753117 -0.069301 
1047 0.343304 5.636392 3.154771 0.557229 1.790676 
1050 0.058596 1.543406 2.565756 3.921655 0.466508 
1053 6.081451 0.711102 2.730555 0.171106 -0.308352 
1052 0.009157 0.054345 -0.021245 0.024624 0.070808 
1055 -0.007750 0.046514 -0.073379 0.086552 0.055863 
1056 3.055225 2.154385 2.590242 -1.964875 -4.232028 
1054 5.402472 0.908069 3.060043 -1.158942 -1.563767 
1058 3.991633 2.507462 3.489313 -2.554580 -4.259287 
1057 4.348182 1.427698 3.034713 -1.953690 -2.735803 
1060 2.904329 0.164487 3.038174 2.945117 -6.781985 
1064 2.459858 0.237741 2.754490 2.962538 -6.406268 
1065 2.724850 0.365492 2.030378 5.488046 -6.623495 
1067 2.623368 0.125835 2.816511 2.744938 -6.103725 
1068 2.232800 0.555931 2.072981 4.673159 -6.656784 
1412 0.025576 -0.040659 0.050075 -0.086974 0.095008 
1061 2.610832 0.044850 2.178403 4.501523 -6.046939 
1062 3.491811 -0.392656 3.164954 3.643638 -6.201111 
1063 2.429476 0.809782 3.092625 1.976615 -7.096483 
1066 3.502094 -0.187515 3.251794 2.429164 -6.168402 
1069 3.410950 -0.452342 2.823292 3.289454 -5.495778 
1079 -0.449115 5.966013 2.587347 -0.142387 0.062921 
1078 -0.096400 -0.056531 0.088054 0.091187 -0.085166 
1084 1.143357 0.426290 0.013529 -0.109471 -1.357603 
1087 3.581829 -0.621791 1.571799 3.076986 -1.547063 
1093 3.140254 1.748328 3.401177 -0.197221 1.426743 
1095 3.252059 2.332153 4.779792 -0.480536 1.527826 
1096 4.823082 2.873411 6.096123 -0.299380 2.103311 
1094 3.185020 1.794645 3.555303 -0.161796 1.458158 
1097 1.124883 5.069869 2.639153 -0.224357 1.847088 
1099 0.044795 0.090179 -0.023474 0.064589 -0.038003 
1098 0.885802 5.106639 2.539093 -0.054625 1.749238 
1101 1.051342 2.406338 3.916524 3.927225 2.130219 
1103 -0.064669 -0.056872 0.087371 0.097011 -0.045030 
1102 1.031562 2.354928 3.777415 3.917373 2.035448 
1105 -1.007077 3.269331 1.287788 4.475194 -4.723406 
1107 -0.962608 2.994088 1.786474 5.037355 -5.359921 
1110 -1.615504 4.074468 1.928923 4.290862 -5.123367 
1112 -0.801072 2.636310 2.107942 4.935369 -5.341897 
1113 -1.848768 5.034984 1.567076 4.203313 -5.160362 
1106 -1.833287 4.368615 1.943822 4.004620 -5.069480 
1108 -2.155065 5.493369 1.914549 3.452009 -4.801410 
1111 -2.224462 5.632404 1.966268 3.459233 -4.780173 
1109 -1.194574 3.359741 1.868345 4.531926 -5.173706 
1357 0.993247 2.206058 -0.014777 4.880358 -5.116857 
1358 -0.203269 3.155420 0.277423 5.877795 -4.453395 
1115 -0.097368 -0.066078 -0.049556 0.037944 0.087572 
1114 -1.204939 3.899400 0.520910 2.397933 -2.915656 
1116 6.346523 0.206841 1.251120 0.732347 -3.319260 
1118 4.560974 3.865647 -2.326134 0.757380 -3.087733 
1119 5.550843 -0.538506 2.626183 1.162317 -3.047147 
1117 1.713933 4.100916 -1.504128 0.833075 -2.552798 
1120 7.400398 3.708846 -1.564373 1.005812 -0.756133 
1515 1.454611 6.436068 -1.716756 1.054776 -4.782328 
1516 4.743491 5.789264 -2.831291 1.036680 -3.090428 
1122 4.054776 0.370218 2.611449 -0.603245 -1.411382 
1125 -0.052913 -0.045133 -0.096756 0.089651 -0.013530 
1127 1.505128 0.841185 2.911056 3.061752 1.286999 
1129 0.047893 0.065744 -0.018940 0.097040 0.062413 
1132 -0.004630 0.033835 0.016492 -0.075926 0.067563 
1131 2.197668 0.794290 0.959497 4.776100 -0.148428 
1133 1.393574 3.003601 -1.540319 1.999433 -1.157348 
1140 1.652441 5.310548 1.622443 2.532164 2.977803 
1139 0.076145 0.089279 0.041729 -0.092434 -0.076707 
1142 1.262990 5.900604 -0.159526 3.356852 1.796969 
1141 1.331596 4.608090 1.190381 2.215456 2.427168 
1489 -0.057052 -0.090331 0.091479 0.002740 0.071464 
1283 0.212076 3.768874 0.841176 -0.857997 -3.089913 
1561 0.091369 3.770947 -1.016919 3.167948 -3.569810 
1147 4.113427 -1.204020 4.030632 4.345582 -3.961087 
1146 3.776646 -0.961583 3.494774 2.708420 -3.389949 
1149 3.467212 -0.981223 3.323546 3.223059 -3.238765 
1150 4.327592 -1.134768 4.909732 2.914919 -4.453671 
1148 2.032710 2.647475 3.805164 -1.945315 -4.726433 
1153 4.582936 0.278502 4.994689 -0.477203 -5.054962 
1154 3.624471 0.960047 4.189712 -0.303690 -6.483580 
1152 4.318250 0.809660 4.660658 -1.167189 -4.047009 
1157 3.453943 0.771899 3.839244 -1.038549 -4.114480 
1158 4.962312 -0.380932 5.923799 0.961370 -5.569887 
1155 4.212001 -0.163070 4.777877 0.893957 -5.904238 
1160 5.492542 0.755727 5.942214 -1.315975 -3.973570 
1156 4.850219 0.640735 5.337595 -0.965253 -4.684729 
1159 3.744672 1.277921 4.454261 -0.895402 -6.405143 
1414 3.972670 -0.002650 7.177539 1.256580 -1.699148 
1164 3.224634 2.268806 1.344928 -1.951004 -1.935643 
1166 2.203346 3.874456 -0.203992 -1.310815 -2.489305 
1169 4.019290 4.237474 0.393027 -2.283222 -2.649452 
1168 -0.080074 0.079694 -0.013616 -0.061357 0.069280 
1176 3.654732 3.606066 -0.905956 -0.830185 -2.324764 
1178 -0.631507 5.301783 1.007885 0.171374 -0.792533 
1185 1.981479 4.370759 -0.671836 -0.938042 -2.136553 
1184 2.002245 4.374328 -0.656162 -0.903319 -2.193041 
1186 5.524230 1.286338 1.937537 -1.252426 -3.694712 
1194 6.303910 1.783372 0.519612 1.227743 0.242801 
1193 0.084821 -0.026564 -0.073106 -0.073751 0.003660 
1195 7.065042 1.000181 1.178209 2.004701 0.054360 
1199 4.983629 1.047515 1.028172 0.096735 -0.244758 
1200 -1.701411 4.350790 2.182209 3.967708 -0.622749 
1198 5.013297 1.051799 1.010607 0.141570 -0.103275 
1210 0.852405 4.658267 3.615252 -2.317889 -1.920001 
1209 1.654752 6.325167 4.162369 -3.227869 -2.519459 
1212 1.058820 4.234260 2.339272 -2.013180 -1.398849 
1211 0.940525 3.997196 2.918135 -2.057071 -1.684417 
1216 2.810474 0.501437 3.114527 6.752767 -0.114976 
1218 4.301998 0.817593 -0.292389 0.762987 -2.351127 
1223 1.165489 2.593828 4.198103 0.909205 1.791099 
1224 1.907682 3.270550 0.056531 5.430054 1.026919 
1222 1.177001 2.590566 4.186167 0.884368 1.784144 
1226 0.055180 -0.031169 0.015694 0.096745 -0.097394 
1227 4.360759 2.088976 -1.205642 2.772177 -0.294106 
1225 3.944128 1.926292 -1.092973 2.585200 -0.230867 
1232 4.127341 3.409250 -0.811733 4.395913 1.264827 
1231 -0.050408 0.099575 -0.042406 0.047415 0.032229 
1236 -0.061287 -0.002949 -0.060568 0.075619 -0.024610 
1237 0.424653 4.584081 2.043749 -0.394013 0.910220 
1240 -0.956969 3.808941 -0.013238 2.549452 -1.584280 
1243 5.275661 2.916533 0.703832 2.974060 2.312049 
1242 0.023179 0.066830 -0.089290 -0.002575 0.080278 
1246 3.360450 2.995873 -1.724051 2.398869 -0.296652 
1249 0.035632 0.092174 -0.010070 0.062506 0.071872 
1248 3.129703 1.830969 -1.168203 1.343684 -0.606025 
1253 2.621541 -0.486861 2.455216 3.871326 -0.734357 
1254 0.600791 2.156166 1.459528 6.419485 -0.518297 
1252 2.638277 -0.450216 2.617454 4.138686 -0.746033 
1257 -1.211359 4.139622 3.006326 3.185995 0.728270 
1258 1.381776 4.069538 1.149548 -1.824099 -1.138077 
1261 -0.350423 5.164934 -0.015051 1.750608 -0.173857 
1260 -0.365676 5.154272 -0.055348 1.745474 -0.216961 
1262 6.127325 1.011163 -0.365011 1.680513 -3.469629 
1265 1.644377 3.977131 4.927243 -2.016993 -0.299189 
1264 2.243253 5.261490 6.114392 -2.570263 -0.249356 
1267 1.391439 3.639350 3.890846 -1.714530 -0.017015 
1266 1.437352 3.336252 3.981063 -1.670760 -0.242562 
1275 0.186970 1.151840 2.612321 5.249282 -4.876889 
1280 -0.665714 4.256612 -0.325335 3.114553 -1.129958 
1286 3.589594 2.832942 8.604731 -1.757501 -1.664377 
1288 2.335036 2.951229 7.559388 -0.531342 0.120163 
1289 3.856496 1.358956 7.109102 -1.103739 -2.456756 
1364 2.911775 -0.434137 2.139890 5.481126 -3.022531 
1365 3.823326 1.446434 7.092233 -1.235465 -2.601938 
1367 2.868419 2.291867 5.789784 -2.024500 -2.164537 
1287 1.593346 2.788977 6.429380 0.053858 0.857969 
1290 2.048223 2.582267 6.575145 -0.448798 0.242692 
1293 -0.755456 4.965820 0.120790 0.841943 -2.586723 
1292 -0.758917 4.898579 0.099390 0.810460 -2.610384 
1294 -1.584274 7.292898 0.273326 4.301785 -1.827787 
1377 -0.989410 5.706347 0.412516 0.939399 -3.777480 
1299 -0.092992 -0.095566 -0.094127 -0.056381 0.041108 
1298 4.768251 1.924413 0.739967 0.212202 0.674364 
1304 3.427041 0.626270 0.421985 0.956237 -4.270523 
1310 1.947938 4.187729 2.288493 -1.964852 0.181770 
1313 1.027036 0.447939 3.974260 5.692674 -1.257928 
1312 1.427405 0.366202 5.407957 5.811940 -1.129164 
1316 1.396760 0.515081 5.782021 6.405109 -1.312494 
1315 -1.178323 2.591801 4.391709 7.120918 -2.619582 
1314 1.988948 0.171530 5.255049 5.654912 -0.624456 
1470 0.337887 0.834018 4.200262 5.626423 -1.429269 
1321 -0.033577 6.106112 -0.453690 3.557342 0.082084 
1320 0.032650 0.059659 0.056037 0.086847 -0.076592 
1324 4.120586 0.402871 0.068949 4.029460 -1.108534 
1323 4.080902 0.403662 0.056147 4.013378 -1.069234 
1325 5.918914 0.752246 4.274712 1.321947 1.233224 
1327 1.401000 5.380626 -0.095410 4.127636 1.717197 
1326 -0.061010 -0.011281 -0.045148 0.035569 -0.065359 
1329 -0.074451 -0.027041 0.050136 -0.086992 -0.089911 
1328 1.006725 4.233119 0.021829 3.300166 1.396957 
1331 -1.452833 5.725223 2.865891 0.069343 -1.854733 
1333 -0.087908 -0.062686 -0.086378 0.003228 0.077616 
1332 -1.517562 5.992950 2.984889 0.108028 -1.940975 
1335 3.111465 3.819658 -2.098167 1.450503 -1.769308 
1337 3.023950 3.064713 -1.885447 1.522811 -3.214933 
1338 3.438302 3.594626 -2.130822 2.380082 -5.257279 
1336 5.716433 5.902183 -3.421693 2.401468 -3.273245 
882 0.053824 -0.023509 0.041315 -0.009758 -0.013458 
1341 -0.071106 0.016884 -0.097130 0.081871 -0.001233 
1344 4.387207 2.119595 -1.184113 2.734127 -0.274808 
1347 -0.093289 5.310486 0.223579 1.842334 0.469215 
1350 7.384967 0.470285 0.407780 2.963505 -2.178274 
1355 -0.188032 3.666948 0.631148 6.169775 -0.901382 
1354 -0.010336 0.062053 -0.068742 -0.037563 -0.059096 
1411 1.638200 0.400771 0.973429 3.753507 -4.261432 
1359 -0.037502 -0.032315 0.032659 0.071937 0.061798 
1360 0.504372 4.573925 0.625068 3.081892 1.550775 
1366 2.647740 2.737711 6.029771 -2.148543 -1.969516 
1369 3.139985 3.997383 -2.035584 4.926798 -0.677027 
1371 -0.030088 0.087649 0.024294 -0.085524 0.018559 
1370 3.274592 3.460651 -1.956037 3.036190 -0.663327 
1372 3.579322 2.124794 -1.226016 0.656211 -3.084092 
1375 5.027583 1.890495 -0.948849 0.850284 -1.604052 
1374 5.065395 1.888226 -0.871017 0.790479 -1.521212 
1376 5.723925 0.456272 2.043342 -0.011438 -4.288159 
1378 -0.070925 -0.036782 -0.032369 0.011561 -0.046342 
1384 0.538184 3.153138 4.586452 4.161256 2.139782 
1386 3.614134 1.412197 2.424653 -1.720809 -2.400771 
1391 0.258619 3.806061 -0.027929 0.488280 -4.309530 
1392 0.407557 6.570383 0.323259 -0.910088 -3.329965 
1390 0.310259 3.772170 -0.126077 0.528536 -4.291276 
1400 3.353174 3.715044 5.382668 -1.629555 1.150854 
1401 0.563925 4.687283 7.086905 -0.819977 -0.298977 
1399 -0.725875 5.941612 5.923097 -0.656326 -1.140060 
1403 -0.440596 5.168871 5.271463 -0.683961 -0.761833 
1402 -0.740697 5.529791 5.342740 -0.651686 -1.022202 
1406 3.219665 0.732940 6.141077 1.956030 0.732908 
1409 3.832900 1.494038 -0.982088 3.966279 -0.924657 
1419 -0.078746 0.058953 -0.000024 0.031331 0.033730 
1420 4.845393 0.559190 -0.033847 3.259162 -0.962139 
1422 4.662495 0.726968 -0.104766 3.489077 -0.659087 
1423 7.360928 1.148071 -0.099254 5.291269 -1.098457 
1421 4.795601 0.607043 -0.083932 3.233661 -0.923682 
1424 0.730754 5.003188 -0.715751 -0.015656 -2.467801 
1427 3.184256 1.824012 4.082963 0.546722 1.898848 
1428 4.996839 5.614986 -2.038997 0.018863 -1.712169 
1426 3.194147 1.775066 4.045930 0.416861 1.788009 
1429 5.884678 5.360332 -1.148442 0.437061 0.693373 
1440 3.104992 5.074073 -0.310330 0.320943 1.217609 
1442 4.456756 6.257000 0.140437 1.964808 3.123491 
1435 5.553087 6.448816 -0.329084 -1.079353 0.499718 
1438 4.060745 6.354700 0.037056 -0.926059 0.889102 
1432 5.385365 5.319860 -0.644071 0.458236 1.277681 
1445 3.609356 5.778342 -0.195318 -0.020403 1.275610 
1448 5.171297 4.472299 0.895673 0.032996 1.983421 
1450 -0.527466 6.595327 2.858721 -0.121471 0.044011 
1449 0.040714 0.098350 -0.074482 0.027094 -0.050640 
1454 -0.055864 0.005616 -0.026340 0.091905 -0.032075 
1457 -0.397133 3.288551 3.876857 6.515327 0.604026 
1458 1.203835 3.274373 3.360779 6.693041 2.111561 
1456 0.047055 2.464839 2.522432 4.762790 0.830671 
1459 2.809510 2.904427 2.157580 2.609013 2.874713 
1472 4.880857 1.813301 2.174566 -0.581481 0.694323 
1471 4.850539 1.750341 2.219438 -0.526411 0.733330 
1473 3.227756 2.184037 6.705972 -0.671452 0.191899 
1475 1.392091 4.096098 3.751240 -1.613465 0.385332 
1474 1.458512 4.121367 3.733912 -1.603682 0.480308 
1476 -1.098656 6.430429 0.206926 1.443332 -3.577183 
1477 -0.241984 7.338532 0.599432 0.584462 -0.716855 
1479 2.210965 0.350185 0.101022 3.947834 -2.454195 
1482 0.007611 0.086862 -0.072228 0.096610 -0.064263 
1483 2.034339 3.361497 6.148395 0.276397 1.882375 
1485 0.029368 -0.071555 0.031300 0.021848 0.077420 
1484 2.057070 3.325861 5.992536 0.145344 1.864295 
1486 3.532220 1.115865 1.462021 -0.777877 -4.219774 
1488 1.732543 6.021030 1.065610 2.945324 2.872469 
1491 2.484534 8.756022 -1.378590 -0.374150 -2.125038 
1493 1.054840 9.348063 -0.838648 0.679886 -1.029337 
1540 2.129856 8.986308 -0.817116 -0.636001 -1.465917 
1542 2.859789 7.713824 -1.536151 -0.468418 -2.602670 
1492 -0.083122 -0.005499 0.029486 -0.077624 0.020229 
1494 -0.073290 -0.044762 0.078017 0.004106 0.006522 
1495 2.488971 3.358876 2.661591 -2.528166 -1.735360 
1501 1.586854 3.779567 4.730000 -2.082225 -5.979457 
1505 -1.912191 6.223301 3.306083 0.880631 -5.407372 
1507 -0.435963 4.638200 2.626341 0.334811 -6.812540 
1508 -1.684604 5.873603 3.083871 0.893847 -5.759220 
1506 -0.383941 4.634133 2.550867 0.341836 -6.738195 
1509 -0.882766 4.440135 2.052804 0.610149 -5.578765 
1512 3.909874 2.747155 0.613368 -1.749148 -3.140144 
1511 3.863873 2.750566 0.632185 -1.802316 -3.178294 
1513 2.470926 3.602111 4.605234 -2.827835 -3.568517 
1517 -0.610550 4.808801 2.465270 2.158219 1.380457 
1523 -0.018317 -0.065393 0.045573 -0.072212 -0.075962 
1522 -0.634471 4.398733 1.242491 3.929638 0.659956 
1525 2.580717 2.320973 4.420317 -0.339207 1.473367 
1530 3.034375 2.086080 2.601972 -2.152843 -2.682789 
1534 3.368137 -0.951698 5.102415 4.583501 -2.553873 
1538 0.505198 4.015248 4.243251 -0.964754 0.291435 
1539 1.793019 7.199562 0.351061 -1.413276 -0.908024 
1537 0.547699 4.020882 4.268104 -1.013181 0.237763 
1541 0.382597 5.934661 -0.622334 0.807763 -0.668166 
1544 -0.088918 -0.055766 -0.026259 0.077860 -0.014418 
1543 2.339674 5.047791 -1.278206 -0.331557 -2.546710 
1545 0.474884 5.680213 -1.230623 1.727881 -1.300311 
1547 -0.061402 5.035826 -0.870102 1.519866 -1.576755 
1548 0.617590 8.753830 -1.758042 2.649997 -2.064428 
1546 0.484444 5.620395 -1.217597 1.789900 -1.272130 
1551 0.678247 4.148067 -0.774419 4.381604 -0.300843 
1554 -0.303136 4.663294 -0.405447 3.650580 -0.655385 
1556 0.197008 3.580445 4.770717 0.669074 1.142477 
1563 -0.556471 5.982553 -1.017291 5.150182 -4.769034 
1569 0.012632 0.030757 0.022409 0.099435 0.033801 
1568 -0.349637 2.735268 -0.164815 0.815889 -2.060151 
1575 3.887153 1.644965 1.180183 -1.073413 -4.394865 
1577 3.459684 1.466229 1.599529 -0.907848 -4.867595 
1578 5.708543 2.508443 2.228470 -1.583788 -6.931901 
1576 3.919177 1.554822 1.122820 -1.002259 -4.272119 
1581 3.305929 4.369730 -0.738833 5.662823 1.362047 
1580 0.041399 0.005290 0.037954 -0.009092 0.052675 
1584 0.086635 -0.075440 -0.034021 0.034475 -0.083728 
1583 2.684871 3.441217 -0.697900 4.457275 1.072622 
1585 1.005442 4.586789 -0.166006 0.490718 -6.134622 
1587 3.597576 3.197257 -1.890300 3.048959 -0.568707 
1586 -0.000431 -0.016537 -0.025267 -0.085446 0.000889 
