1461 5
33 -3.6630263 -1.8305731 -1.3349668 1.60485 1.9172487
34 -2.6107872 -1.6437492 -2.11911 1.5483106 1.9589617
78 -1.0484049 -1.4892737 -4.067208 1.6475233 0.81234616
96 -1.0298598 -2.9074798 -4.14372 -1.6884016 1.9426795
281 -0.5473189 -3.813253 -4.412589 0.07699453 -0.038886536
150 -0.6932409 -2.8587992 -2.506524 -0.9095915 0.92786014
294 -4.1987476 -2.8169837 -0.5386136 1.0752186 -3.7145894
54 -3.4977913 -1.6715904 -1.692667 1.7132113 1.9688635
97 -1.1669363 -3.0029747 -4.4189134 -1.1157457 2.2528846
71 -1.4231478 -3.9852564 -3.5049949 -0.63328195 1.7566848
327 -3.958724 -0.39637512 -2.972211 3.3120763 0.8268094
46 -2.5845766 -0.6604919 -4.3427033 3.3926795 -1.0139133
69 -1.6792787 -3.5025368 -4.1333823 -0.1363238 2.4131043
151 -1.0489424 -3.2564774 -2.1926966 -1.483604 1.0586822
94 -0.9583239 -3.0771291 -3.8641024 -1.492607 1.7313194
219 -0.110199004 -0.61045396 -5.4665813 -1.2778882 -1.7272553
62 -2.7260504 3.1176841 -5.5283637 -0.8305254 -0.28693599
916 -4.422616 2.9779387 -3.1383972 -3.2518656 0.9457658
415 -0.8140221 -4.5238824 -5.3301992 -1.2138325 -4.054632
654 -3.3896043 -2.864444 -3.6944377 2.9874566 1.7187151
72 -1.8549901 -3.9724848 -4.127809 0.3381965 2.2661152
631 -3.120771 0.9781778 -5.6680565 -2.1429386 3.5921397
402 -4.184374 0.18610288 -3.0650651 2.8479307 1.4755466
301 -2.1246083 -3.4438167 -1.9282769 -1.0841852 2.157044
516 -0.4315788 -2.798219 -2.8212051 -1.7381881 0.32858762
53 -3.6012592 -2.7055504 -1.2689011 1.6741124 1.5551385
194 -2.3038797 -0.91781276 -4.942696 3.1048946 -2.7496321
127 -1.795766 -4.9090686 -2.3207319 -1.7100356 0.6246858
482 -6.0209117 -0.17339171 -1.9656835 3.7479408 -2.4091427
756 -1.6080377 -1.4489589 -3.0078616 1.2409663 1.7996676
481 -5.854862 -0.20905522 -1.8945577 3.6460717 -2.3185477
517 -0.9135597 -3.5383844 -2.4730825 -1.7473407 0.6817996
496 -6.5244837 -2.7950811 0.15568693 -1.5412048 2.3169763
697 -0.51088923 0.4105486 -5.645633 -1.7466593 -2.0788436
9 -3.9717152 -2.1377347 -0.97148305 -3.2664304 -5.2269382
973 -1.143916 -0.36270916 -7.514064 -1.4336807 1.8015507
695 -1.1627556 1.3507426 -5.821029 -1.6343125 -2.890915
742 -3.4365802 -2.4606264 -0.89490527 0.7353212 -4.050539
1107 -2.7216847 -4.1798286 -1.4968519 -1.0427715 -4.31363
843 -5.371574 0.3200077 -3.3439238 -0.40752897 4.3931775
1201 -4.2460237 2.8436809 -3.0220616 -3.1329918 0.8997087
30 -2.6617908 -0.6491606 -1.5192242 1.6256005 1.4254714
216 0.15988737 -1.7330531 -4.473271 -1.7126881 -0.7282083
416 -3.9186907 -0.12267352 -3.2425234 3.3831618 0.5664947
913 -4.1638746 2.8277712 -2.954367 -3.091398 0.8640293
132 -3.5349007 -2.1489854 -1.5501202 1.5837276 2.002237
931 -3.7555919 -2.8879628 -0.5639865 0.5258392 -3.9178307
761 -2.5566657 -1.6332388 -3.4389029 1.5112429 2.4512575
244 -0.70499676 -4.117903 -4.837153 -1.2744442 -3.65086
1225 -5.166911 -0.073686056 -0.7766798 -1.1428602 -5.139234
537 -7.1943955 0.3783928 -1.1068238 0.6172512 2.703202
662 -6.1869683 2.6733203 -2.4927473 2.002203 -0.6681914
1018 -3.867019 2.5145483 -2.9798434 -4.6191964 -2.2918437
1000 -4.0929365 2.6928294 -2.808869 -2.8333356 1.043046
443 -2.2946444 -4.9420495 -4.081286 0.9603034 1.8237269
282 -0.83601195 -4.4586196 -4.9153104 0.4219588 -0.5813721
88 -3.9858122 -3.7082183 -2.633292 3.5974476 -2.3391492
860 -5.2054563 -2.9204032 -0.2857692 1.8569546 -3.1632314
45 -2.932258 -0.29497516 -4.621794 3.5199814 -1.4637144
984 -0.6496506 -1.21393 -6.5934963 0.5769258 -2.9829695
283 -0.74069756 -4.358852 -4.8546257 0.28306037 -0.45857772
239 -3.2214887 0.21312764 -2.6544433 -5.3707275 0.9854517
1286 -5.182283 0.80208606 -0.8826634 -5.1983976 -0.47677055
277 -4.789844 0.8866636 -3.612675 2.5972667 2.0045273
12 -5.7677617 -3.3788521 0.97769034 -1.5701069 -2.258595
308 -1.15685 -1.1372823 -5.300101 1.7007319 0.64356506
1120 -5.2453356 -1.0063533 0.3420153 -4.162619 -2.0834794
300 -1.0973446 -0.33109584 -7.2429757 -1.4022702 1.7330388
976 -3.8478997 -3.7813847 -2.6705596 3.4980836 -2.1647882
562 -3.3439808 -2.0218184 -1.7017541 1.5930105 2.054138
915 -4.056067 2.7236562 -2.8694634 -3.015804 0.9040805
473 -0.39483064 -1.1915077 -6.392899 0.18801223 -2.5069757
721 -3.0960484 -0.94150645 -2.6294863 -0.744184 -0.337566
99 -1.0496882 -2.8009048 -4.283434 -1.4915528 2.0104733
133 -3.3740475 -1.9323647 -1.6567789 1.6276864 1.913851
914 -4.059806 2.7936285 -2.895496 -3.0211592 0.8373224
806 -2.8039367 3.114992 -4.9335446 -0.46475405 -0.58829224
278 -4.658589 0.76591516 -3.5499058 2.589919 1.9970759
207 -5.009187 3.1260467 -3.3760493 0.40887707 1.3247681
1294 -3.1645272 -3.589776 -1.4462769 -5.0107627 0.43525788
189 -5.3544846 0.15694173 -1.5843464 -2.6713827 3.4363418
1106 -2.5554934 -4.283801 -1.5882266 -1.3149484 -3.997184
320 -2.9505792 -2.2699392 -1.5283147 -5.2742352 -2.8492744
275 -5.5223665 2.1011186 -0.8164296 -3.5488017 -1.8059691
807 -2.8023689 3.092383 -4.931567 -0.42841822 -0.5565399
225 -0.7387561 -2.850589 -2.8142886 -1.5933483 1.0860511
284 -0.7566448 -4.1808605 -4.655341 0.33742535 -0.45258474
1109 -2.5776026 -4.2769036 -1.5632142 -1.2868453 -4.01303
285 -0.7335837 -4.260182 -4.769579 0.32831424 -0.4864164
522 -3.5440164 -1.2517596 -2.1463902 1.7671981 -4.6691704
709 -1.4146514 -3.33693 -3.845499 -0.38348442 2.1576781
279 -0.7667124 -4.2608466 -4.6772933 0.29550943 -0.5078118
51 -3.4043255 -2.3334298 -1.5867054 2.272665 1.1537185
676 -2.5871458 -5.3772297 -3.7286487 1.3630542 1.3189025
55 -3.6316671 -2.6250865 -3.037561 3.3176777 0.90774024
307 -1.324721 -0.2791104 -4.9667706 1.637262 0.6277849
719 -2.2897785 -0.7405289 -1.9090954 -0.6670429 -0.36943758
1404 -4.308605 -0.20175561 -3.1369848 3.5185647 0.5373844
1112 -2.4307125 -4.2109966 -1.5536779 -1.3793108 -3.8867393
303 -2.9350576 -3.2070704 -1.8484552 -1.0064561 2.885025
1408 -4.2876306 -0.083010405 -3.2398784 3.4918315 0.5138105
561 -3.2829053 -2.0742745 -1.6063819 1.5504378 1.9661095
118 -1.9160949 -1.381913 -3.5778644 -0.40609118 -5.4039707
293 -3.7200873 -2.5864067 -0.62063676 0.76423025 -3.7282372
121 -2.3565953 -1.0666633 -4.785053 1.2337477 2.7741845
475 -2.6359568 1.2357957 -4.1022 0.42038938 -4.5942903
330 -2.037952 -3.773627 -2.6037538 -3.134902 1.8624308
1493 -1.8395705 1.5659403 -5.292898 -4.0845604 -0.03992054
314 -1.77249 1.6982619 -4.904299 -4.186516 -0.19546321
171 -1.5459048 -0.5852066 -3.6195664 -2.3424375 -4.949255
1405 -4.242534 -0.09625443 -3.1678557 3.4604142 0.47930774
900 -4.11559 2.3365588 -4.689654 0.37430087 2.5157988
765 -2.5144532 -1.3288025 -4.140028 1.3146118 2.7506917
1145 -0.23416719 -0.2388761 -5.4845004 -1.6267064 -1.6881596
1407 -4.321941 -0.12436187 -3.1947339 3.4812856 0.6191366
1 -6.103723 -1.9465667 0.23643516 -0.7810413 2.2022126
1071 -2.7944734 3.0261178 -4.846661 -0.4655179 -0.55189085
166 -2.3768256 -2.8669066 -2.4243772 -5.20374 0.4530737
227 -5.785076 -0.4048254 0.22688563 -0.098688945 -3.5520465
430 -2.5782073 -0.11507916 -2.0159795 -0.51446044 -0.6006597
930 -3.8688474 3.1832688 -3.5326617 -0.16420048 -2.6966872
1585 -3.1316211 -1.1208863 -1.5796646 -0.7260203 -0.07086239
1010 -2.4717278 -1.0609498 -1.8416423 -0.5935088 -0.21917126
319 -2.4951727 1.6217424 -4.0041356 -0.32486525 -4.279797
445 -2.0216491 -4.211323 -3.154156 1.4557469 -3.499232
820 -2.2213454 0.6649411 -4.2007017 0.6885628 -4.4087834
106 -1.923752 -3.796745 -3.7665741 1.7785556 -3.7768097
500 -0.98333395 -3.975285 -3.204252 -1.4466608 0.64930713
947 -6.056032 2.583504 -1.413525 -0.17390043 0.5170009
82 -3.7355814 -4.213487 -0.4973455 -4.098534 -0.09655501
268 -1.8794202 0.6538144 -5.9314322 1.60387 0.6278032
343 -0.33987132 -0.051825635 -5.4305778 -1.6618612 -1.7149925
708 -1.052948 -2.9391725 -4.1309223 -1.3912512 1.9786844
1035 -2.7998588 -0.6561182 -2.1433916 -0.35049933 -0.7475936
177 -5.7842193 0.43392664 -0.38299978 0.952959 -3.514046
597 -2.8327932 -0.96782863 -2.5105348 -0.67673486 -0.535709
24 -1.2735734 -3.3124466 -5.331448 1.9963458 -2.6957774
642 -4.7173953 -0.031063084 -1.3716099 -3.629185 2.6063309
478 -2.6292372 1.232071 -4.0814114 0.4487524 -4.565777
805 -2.719308 3.0304189 -4.807723 -0.39517707 -0.56615597
956 -2.112205 -0.93231666 -4.6163177 2.716919 -3.0632849
764 -2.4540231 -1.3774312 -4.0016713 1.3882087 2.6431165
1142 -4.8693066 1.6957089 -1.9820424 1.4278659 -3.609294
403 -4.4889007 0.7257549 -3.4351559 2.5429235 1.8172579
7 -3.5794325 -1.9976683 -0.85530657 -3.0146925 -4.7282166
439 -1.8523061 -1.3530482 -3.4393427 -0.47332335 -5.2423716
25 -1.3022763 -3.4029076 -5.295057 1.9896598 -2.6544805
1406 -4.2149467 -0.05102576 -3.2055964 3.4652507 0.52979714
1491 -1.7848798 1.5572978 -5.2584004 -4.0690775 -0.043219697
377 -4.742122 -2.064306 -0.9932347 2.3100162 1.2001837
1111 -2.485806 -4.21861 -1.5644112 -1.3752685 -3.8614893
1336 -3.1765304 -1.0437385 -2.5299056 -0.63417387 -0.4518483
1113 -2.3983386 -4.0954003 -1.5478635 -1.2866272 -3.900657
98 -0.93611354 -2.919606 -4.354717 -1.544389 1.912612
1054 -1.5377594 -2.8435905 -2.879963 -4.980509 -0.97770536
337 -2.685298 0.7932568 -4.8818607 -1.8954904 3.1624446
1073 -2.6978126 3.038012 -4.7799525 -0.44723588 -0.5891159
63 -2.2561433 2.6673589 -5.3001018 -1.070257 0.117282726
563 -3.5892572 -4.073672 -0.5426064 -4.0447783 -0.12962763
296 -1.0200804 -0.31544462 -6.889362 -1.3545562 1.6389911
247 -0.690881 -3.8386798 -4.4371495 -1.1161742 -3.4201875
95 -0.9682866 -2.810422 -4.1582723 -1.5368698 1.9864006
266 -1.8401192 0.64097303 -5.967044 1.5287889 0.59057814
243 -3.4397583 -0.29095703 -2.0303438 -1.2047825 -5.6091766
265 -1.8114477 0.7281474 -5.8598824 1.5284145 0.4865236
523 -3.1980643 -1.7038999 -1.5454999 1.3471001 -4.175131
638 -2.8732402 -3.8771412 -1.9277291 -1.2316682 2.6103492
76 -3.6398575 -0.9481934 -2.3060927 1.9601438 -4.707523
134 -3.4066775 -1.9741551 -1.5358196 1.5244147 1.96619
117 -3.969208 2.2067046 -4.253454 2.539165 -0.8730466
1315 -4.1412745 -3.8603814 -1.0459629 1.5781444 1.2222517
1203 -3.8742497 2.6032515 -2.7193522 -2.8364687 0.8977319
1467 -4.554457 -2.6041493 -0.27746588 1.606197 -2.9776409
1466 -4.4726734 -2.665162 -0.2834132 1.482148 -2.98995
316 -2.7029555 -3.6097186 -1.8688377 -1.0427763 2.4971247
323 -2.7002027 -2.2299478 -1.4559613 -4.901195 -2.7005086
1070 -2.6973062 2.9913437 -4.7169123 -0.43585074 -0.5362373
328 -3.9366958 -0.20203161 -3.063162 3.2674375 0.73591644
840 -3.146302 -1.1821504 -1.7644762 1.6719042 1.9056407
872 -0.89616686 -1.6457936 -4.431948 -4.7731137 -1.0924574
1464 -4.5710588 -2.618348 -0.31741893 1.5924972 -2.988476
350 -4.3240433 -2.5658996 -0.086754546 -4.207017 0.50906265
775 -2.5796018 -1.5517765 -3.7797973 1.5038586 2.6211634
1202 -3.8318496 2.5905712 -2.6934483 -2.7931523 0.8855072
1465 -4.603522 -2.6466484 -0.24909696 1.4594876 -3.016041
280 -0.6904332 -3.9950995 -4.5630684 0.31642938 -0.3610852
64 -2.0343976 2.3381157 -5.665158 -1.2623054 0.55131346
1396 -0.35730076 -0.029063813 -5.342722 -1.5211116 -1.7154787
746 -3.0722613 -2.2109928 -0.89006287 0.8258727 -3.7638977
1395 -0.38640916 0.08374329 -5.476706 -1.4817897 -1.8490623
609 -2.9700675 -0.102553464 -4.3065643 3.314241 -1.7062867
126 -2.1730454 -5.2092156 -1.9917885 -1.6581699 0.2710451
428 -2.6299715 -0.68602175 -4.3359528 3.4437163 -1.1415902
1431 -6.1273623 -0.15638874 0.23671967 0.9527606 -0.45976713
669 -2.7998435 -0.8853596 -2.2227898 -0.5415268 -0.5042978
358 -4.5715957 3.4553695 -2.613012 -1.3877198 -1.9416107
203 -2.5504432 -2.7915862 -1.5503813 -0.4136686 2.421531
56 -3.3626795 -2.6511872 -2.761366 3.1168556 0.86267567
1206 -3.826213 2.610962 -2.6820393 -2.8431163 0.7842452
371 -1.2499281 -1.7959346 -4.7020593 1.7508514 0.8106969
1110 -2.3935635 -4.015595 -1.4088739 -1.2431211 -3.6637418
1105 -2.338119 -4.0512757 -1.433506 -1.3007985 -3.6481261
362 -2.9728723 3.081624 -4.452841 0.044977304 -0.54747486
1394 -0.29666263 -0.01950728 -5.4287415 -1.5061309 -1.7731215
1108 -2.3340998 -4.01104 -1.457326 -1.250351 -3.7032673
463 -3.0629227 -3.7639697 -1.7082915 -1.3108462 2.6296284
302 -2.6755466 -3.2901802 -1.786776 -0.94415617 2.5819662
655 -3.0740404 -2.470453 -3.208243 2.5862532 1.6523199
932 -3.7010415 -2.6668108 -0.51701176 0.70761967 -3.6115217
357 -4.539551 3.460329 -2.6555302 -1.3762892 -1.9155333
1190 -3.1931524 -1.5361499 -1.7927697 1.5846888 2.0080988
663 -5.55946 2.4499333 -2.194131 1.7129158 -0.5547926
288 -3.804807 -3.2579873 -0.14854357 -3.178858 -3.203177
1566 -2.2109208 2.6015055 -5.1757455 -1.0014548 0.05177651
547 -3.7388637 -1.8993227 -3.0417435 3.5277834 0.61699265
657 -3.0709584 -2.4261198 -3.078633 2.3945088 1.8774304
401 -4.4038115 0.72965604 -3.2396255 2.3933587 1.8534453
1307 -3.3455935 2.317481 -2.688434 -4.0138354 -2.115235
263 -1.8538418 0.81466085 -5.8514204 1.439442 0.47328204
758 -1.6075418 -2.7881732 -3.6523428 0.54642314 2.1863265
412 -5.8060737 -3.3430402 0.49658677 0.8696203 -0.48320347
1072 -2.6199338 2.9045613 -4.6260934 -0.4421314 -0.49443984
670 -2.9151838 -0.8219171 -2.328476 -0.54753304 -0.4620092
1062 -1.6657493 0.24945554 -3.7233393 -4.691272 -2.5568564
1306 -3.4304214 2.3087208 -2.686654 -4.0846086 -2.0827682
1565 -2.1772969 2.5885863 -5.173039 -1.0131015 0.10236488
1542 -1.7320136 1.4946277 -5.0831385 -3.948257 -0.018752575
530 -5.142857 2.3645396 -1.2285091 -0.44666275 -2.930789
1017 -3.4194672 2.3197598 -2.7091258 -4.050513 -2.117821
201 -1.2774804 -3.2710612 -4.9899783 1.9063325 -2.617139
743 -3.562207 -2.530663 -0.59558576 0.73655546 -3.6058874
1573 -2.5012403 0.67044526 -4.5738354 -1.8201573 3.066691
286 -3.6959283 -3.19809 -0.13860947 -3.070778 -3.134166
698 -0.85785097 0.9859218 -5.2827353 -1.5787184 -2.4330328
1204 -3.7796628 2.5498464 -2.648867 -2.7805715 0.833629
162 -2.748593 -3.6909976 -1.9252788 -1.1723702 2.5870054
531 -5.2347255 2.3115153 -1.1580694 -0.4900395 -2.9668937
1135 -2.0796914 -0.84463924 -4.4187284 2.6326768 -3.0691583
1356 -2.8870173 -2.7243676 -0.89290345 0.23080719 -3.8703146
1048 -5.1878333 -3.0875251 0.89114237 -1.4574095 -2.0044904
1437 -6.1014066 -0.15164576 0.2622166 0.95867807 -0.44305548
1442 -6.027463 -0.2197821 0.28821874 0.91508734 -0.4637234
1162 -3.2134814 -3.805488 -3.1540997 3.3627622 -0.8236023
1540 -1.7232065 1.4832209 -5.0313997 -3.932251 -0.045959394
191 -2.1863437 -0.67964125 -3.859584 2.9619675 -1.5185128
453 -2.9932742 -5.4697776 -1.6563699 0.83191204 -1.4329973
1191 -3.1195946 -1.5388021 -1.8185092 1.460847 2.0546858
590 -1.907078 0.7469215 -5.5034943 1.8230994 0.5338366
1503 -2.9886248 0.11755616 -2.3936892 -4.9853563 0.93365115
1157 -3.7226455 0.896667 -1.3500519 -3.2483149 -4.009774
408 -5.721963 -3.3430924 0.47555038 0.799497 -0.41187707
1502 -3.016941 0.14011037 -2.3873227 -4.9436584 0.98069733
1501 -2.984967 0.13914832 -2.3966758 -4.9894366 0.92713445
387 -3.3443577 2.0455742 -4.1023865 1.9180596 -2.728381
1570 -2.5023143 0.7099366 -4.5711446 -1.832488 3.0346577
1159 -3.7048764 0.9526285 -1.3931544 -3.2290368 -4.004318
1309 -3.328158 2.2567053 -2.736483 -4.0023646 -2.1203783
870 -0.8324702 -1.564416 -4.19397 -4.587278 -1.0927978
391 -3.3906512 2.089135 -4.1090317 1.9436059 -2.596845
773 -2.1232102 -5.1213145 -1.9482645 -1.6692529 0.329232
1047 -5.2302694 -3.044684 0.9160836 -1.4499645 -2.0304859
532 -5.1845055 2.2846603 -1.1945914 -0.47410348 -2.9663935
385 -3.3252022 2.042277 -4.204951 1.9029789 -2.6886692
1049 -5.161165 -3.107368 0.8684156 -1.4542758 -1.9452708
472 -0.50525063 -1.0337628 -5.8835764 0.3726196 -2.576753
744 -3.4592998 -2.3234947 -0.6397908 0.81786275 -3.522785
459 -2.8894007 -5.389189 -1.6443532 0.79989725 -1.4340558
833 -6.1877594 1.271109 -0.16318138 -2.1819005 0.754972
1208 -3.7694306 2.5725658 -2.6485372 -2.8588386 0.80881804
1572 -2.4991043 0.76067835 -4.563063 -1.694664 3.0306342
202 -1.2075635 -3.1644828 -4.987283 1.8783726 -2.4514482
772 -2.1424518 -4.9923377 -1.8099798 -1.6630222 0.25682002
1438 -6.084708 -0.18301065 0.24137183 0.9296318 -0.48515084
1050 -5.204054 -3.0128274 0.89879566 -1.4578515 -1.9816505
1500 -2.948907 0.113731585 -2.4109347 -4.887085 1.0063605
410 -5.6949 -3.3522818 0.44677916 0.8484706 -0.4135369
696 -0.8005601 0.897617 -5.1601624 -1.574299 -2.3266685
145 -2.5423038 -0.5173434 -2.3144171 -5.3020973 -0.011803034
770 -2.1414752 -5.0539317 -1.8815739 -1.6378565 0.34144515
927 -3.2498863 -0.3349234 -1.8496492 -1.1796404 -5.235623
1563 -2.1389678 2.5122225 -4.9939094 -0.9598171 0.11716672
539 -6.2644167 0.423056 -0.990847 0.5301683 2.3801913
1065 -1.6533931 0.2612483 -3.7089672 -4.596708 -2.5241072
10 -3.3799434 -1.8646452 -0.8327216 -2.8442006 -4.4452386
936 -3.783109 2.1456838 -4.0994577 2.423332 -0.90865904
1205 -3.7289047 2.523394 -2.6261435 -2.7734613 0.80461687
348 -4.109946 -2.5664158 -0.08033005 -4.0290246 0.51959324
349 -4.175389 -2.4126027 -0.07314157 -4.047655 0.5347644
1068 -1.696098 0.29123747 -3.650426 -4.6696663 -2.5375745
352 -4.1369734 -2.5387661 -0.13570125 -4.084537 0.5226641
1060 -1.7150096 0.28932917 -3.5463471 -4.5736723 -2.4943452
874 -0.8202055 -1.6108321 -4.196177 -4.6058407 -1.1317852
645 -6.070168 -0.20755059 0.20918678 0.9767001 -0.4674081
149 -0.98739964 -3.3832357 -2.819687 -1.001909 1.1665722
1520 -3.2368455 -0.319846 -1.9485192 -1.2262322 -5.3094797
524 -3.2195752 -1.3773104 -1.85798 1.5251406 -4.2769804
1276 -4.5711193 0.36951935 -2.8423984 -0.42383683 3.7375214
717 -1.2878859 1.4426643 -5.206371 -1.3149673 -2.8933148
873 -0.8547939 -1.6158211 -4.1271043 -4.5172396 -1.1508843
11 -3.2833214 -1.7764977 -0.84206176 -2.7943397 -4.380446
1063 -1.6680799 0.2588016 -3.6591392 -4.5897593 -2.5351636
353 -4.136684 -2.4363992 -0.06030493 -3.9743612 0.45805758
937 -3.8118308 2.1263168 -4.016672 2.3510096 -0.96286297
1564 -2.2030737 2.5649261 -5.0604997 -0.9688461 0.089855224
1154 -3.6424057 0.9391742 -1.357294 -3.1454828 -3.9061818
321 -2.5413406 -2.1307645 -1.3960533 -4.689533 -2.6112232
694 -0.87067765 0.9956229 -5.1276865 -1.481915 -2.4037447
693 -0.7845981 0.9583128 -5.1405025 -1.409047 -2.3531003
140 -2.55128 -0.5277471 -2.2836053 -5.251275 0.08693788
935 -3.726747 2.1050696 -4.078838 2.4015706 -0.9710394
1335 -2.8672354 -0.96417516 -2.322456 -0.5024722 -0.30655938
1436 -5.988832 -0.15929236 0.2733254 0.8871126 -0.5217807
1058 -1.4768678 -2.6319275 -2.6706777 -4.773373 -0.9004479
1056 -1.5146334 -2.6714237 -2.6505942 -4.7578135 -0.9156075
1541 -1.6641291 1.4504311 -4.9318285 -3.8134506 0.031708293
566 -3.3948464 -3.810848 -0.54091734 -3.826848 -0.021882001
938 -3.756068 2.1202466 -3.996929 2.3835487 -0.9399016
832 -6.036738 1.3266228 -0.17462936 -2.1482172 0.6683568
218 0.12863812 -1.3609504 -4.7001424 -1.6119926 -1.00035
871 -0.869338 -1.5348073 -4.1616783 -4.5092945 -1.152788
142 -2.5527258 -0.5317866 -2.2678037 -5.2517242 0.014038918
1066 -1.6534593 0.2708425 -3.5584261 -4.560696 -2.4729562
1447 -5.9629016 -0.1999654 0.25796604 0.9215355 -0.40781978
1430 -5.9355106 -0.16179428 0.26116592 0.89845234 -0.5073674
399 -2.8423467 -4.9619694 -0.8520959 -2.0265262 -1.7870071
329 -3.7417512 -0.88667667 -2.9367247 3.4050715 0.5627474
1153 -3.6267478 0.9194837 -1.3373245 -3.1457832 -3.9418547
1444 -5.947555 -0.18940127 0.29198742 0.9121175 -0.49600968
390 -3.2324502 2.0258386 -4.0648446 1.8659099 -2.59662
829 -6.1217203 1.3283098 -0.19293767 -2.1168325 0.7575118
564 -3.3313434 -3.8110688 -0.5642637 -3.8775744 -0.004957294
1429 -5.917959 -0.16341525 0.24673368 0.8995185 -0.45143968
298 -0.9401055 -0.29718086 -6.406826 -1.2748985 1.5293211
1003 -0.9353498 -0.25217417 -6.3661237 -1.2147171 1.5236988
1337 -2.8199577 -0.8778009 -2.3558264 -0.48354077 -0.3438276
1004 -0.9334646 -0.2790381 -6.2815843 -1.1970648 1.506325
1489 -4.457251 1.6122637 -1.8330356 1.2551593 -3.306578
1434 -5.8966055 -0.18278962 0.23305342 0.89780056 -0.48783913
1266 -2.5029066 -0.45708025 -2.4609997 -0.7676562 0.013286326
1244 -5.033009 -0.08003469 -1.6395357 3.1777241 -2.0434866
1064 -1.6239421 0.20708212 -3.5928006 -4.567107 -2.5481443
1518 -3.2198367 -0.254471 -1.8828698 -1.2099512 -5.238268
834 -6.025721 1.2922183 -0.1809255 -2.1142113 0.76613516
1273 -4.563192 0.45890927 -2.8001788 -0.35756412 3.6074672
1057 -1.4802073 -2.6875126 -2.6755872 -4.7164063 -0.9037941
1338 -2.6716654 -0.8372729 -2.1331782 -0.5709801 -0.32861608
1368 -3.485438 -2.469694 -0.45807794 0.73782927 -3.3684092
664 -5.356361 2.4224153 -2.1233797 1.6311103 -0.50980544
847 -1.7422926 -3.1458263 -2.0414622 -4.000852 -2.384635
652 -2.9333727 -2.5775871 -3.1871736 2.5240138 1.6211818
666 -5.369731 2.4081614 -2.1495035 1.5906084 -0.48620075
718 -1.3134991 1.4647722 -5.1483555 -1.255955 -2.8699644
1366 -4.4302416 0.62783957 -0.72945815 -4.515749 -0.4595476
799 -2.538554 2.2595427 -3.6711216 -2.3193557 -3.395739
682 -3.310192 -0.04557925 -1.5101124 -0.38252658 -0.25741482
771 -2.0505898 -4.917632 -1.8982053 -1.6333083 0.33167148
1069 -1.6233209 0.25695595 -3.5873826 -4.590465 -2.4708056
1364 -4.5874023 0.6604966 -0.7252348 -4.5898786 -0.50386965
774 -2.8357327 -2.0654926 -3.3170187 2.0259209 2.1959205
477 -2.4281888 1.1635609 -3.7456203 0.38801333 -4.173123
446 -1.5557066 -1.4596729 -3.6468902 0.021038895 -4.8546925
1067 -1.6558915 0.24993174 -3.6005208 -4.559455 -2.5143652
1369 -3.5349839 -2.5127075 -0.4823625 0.7404521 -3.4544759
170 -1.4407992 -0.58922553 -3.2515595 -2.0689 -4.595278
1146 -3.658579 -1.6555892 -0.33874306 -4.561721 -1.800182
802 -2.5329463 2.2588215 -3.6942637 -2.2903655 -3.4209461
2 -5.728331 2.3173757 -0.7224784 -1.0483214 -0.5158911
1567 -2.1750076 2.526843 -5.0085015 -0.96702194 0.13738732
1365 -4.464074 0.6544947 -0.67384744 -4.4325767 -0.45043516
186 -3.0516381 -3.483696 -2.8426068 3.1298482 -0.5923264
716 -1.2976549 1.4732606 -5.0719485 -1.2114718 -2.838909
333 -4.347936 -4.0216904 0.27244845 -1.4108008 0.39291194
1198 -5.8992133 -0.25568345 0.7670672 -2.0697434 -0.9137806
803 -2.5826766 2.2756217 -3.702812 -2.2869005 -3.3885057
405 -4.125242 0.7053155 -3.164755 2.406916 1.6526208
339 -4.225625 -4.5354366 0.03927588 -0.7369603 -1.1980325
1519 -3.2318478 -0.30908516 -1.9038434 -1.1167369 -5.206092
953 -3.8818603 1.8752128 -2.1823957 0.27482092 -3.8835366
1061 -1.606599 0.24005972 -3.5580056 -4.480851 -2.4606926
447 -1.5261346 -1.4660385 -3.6909785 0.07082777 -4.8059096
565 -3.3436668 -3.7132242 -0.5036633 -3.8117251 -0.008525395
425 -2.6652207 -0.4961192 -2.7616189 1.0310934 -1.0131551
6 -5.7066536 2.2595758 -0.686617 -1.0668166 -0.53813034
553 -2.4964244 -0.8078243 -2.0190337 -0.4998152 -0.42771178
228 -1.432868 -0.5411386 -3.2914913 -3.0098693 -4.252156
712 -4.3663893 0.030775463 -1.2626956 -3.2944798 2.384179
84 -3.3555224 -1.7496964 -0.9521598 -0.36549786 -0.69952923
827 -6.0507207 1.2594428 -0.18246174 -2.1243324 0.79801077
923 -5.6327252 -1.8719994 0.9518967 -0.45521748 -1.9470259
67 -5.1676373 1.7417669 -0.32210177 -1.6272402 -2.23663
1512 -2.4416442 -1.1956866 -2.0921013 -0.4623834 -0.7187756
1323 -2.5977128 -0.8256291 -3.336611 -3.4383006 3.0497172
1246 -5.0076127 -0.10396136 -1.6106493 3.1568992 -2.0446148
995 -2.2302716 -0.5822122 -1.8266371 -0.42215234 -0.3676119
351 -4.0858126 -2.4225516 -0.07003513 -3.9370494 0.47537485
1211 -2.16837 -0.8858436 -1.8141181 -0.4319333 -0.5375879
1274 -4.599721 0.45032212 -2.8275115 -0.33151108 3.6518495
1247 -5.0433617 -0.079822086 -1.5955935 3.155151 -2.0900848
454 -2.8876324 -5.3819838 -1.6149594 0.7854092 -1.4233173
356 -2.50354 -0.98887366 -2.162916 -0.5965934 -0.5683374
16 -2.1288402 -0.6396984 -1.8773435 -0.81459755 -1.4321836
844 -1.756637 -3.0634923 -1.9150857 -3.985458 -2.343857
896 -2.3756337 -0.7518729 -2.1081486 -0.35678962 -0.2829833
292 -2.4384816 -1.0049576 -2.0474021 -0.65279895 -0.46959418
665 -5.3153033 2.4231644 -2.1746523 1.6082889 -0.43841442
967 -4.0980244 -1.7657528 -1.4382014 -3.3793805 2.9494388
659 -2.7214158 -0.61488986 -1.490252 -0.2273802 -1.5861877
1443 -5.922789 -0.21363413 0.25583246 0.9334468 -0.49827856
723 -5.144582 -1.7810696 0.7674077 -1.5831714 -2.707871
105 -1.7089334 -3.4421785 -3.3700871 1.6032126 -3.380593
386 -3.2629533 1.9920307 -3.9768636 1.8199944 -2.6188767
835 -5.0326633 0.36231303 0.023619115 -0.16064852 -3.3378212
1376 -4.781076 0.99509877 -0.052853428 -2.2793598 -2.6039722
1402 -2.6486833 -0.8324037 -2.1443348 -0.47833103 -0.32130367
1094 -5.5284047 1.6727873 -1.6929122 0.19461453 1.9881607
1426 -2.237226 -0.9331743 -1.5376692 -0.62246543 -0.8911812
558 -2.5250552 -1.2205343 -1.1994702 -1.5606531 -1.1477402
379 -2.03572 -0.336617 -2.127473 -1.6986843 -1.0664829
1545 -2.6120675 -1.89348 -1.3471551 -1.1364534 -0.035960376
1399 -2.6814446 -0.79059136 -2.0734844 -0.39296395 -0.27795547
1002 -0.9339999 -0.22902493 -6.302513 -1.2197212 1.4902217
768 -5.5763583 -1.4764551 0.50505054 -1.7386739 1.2700975
941 -2.9629583 0.34750566 -1.5545698 -3.9522567 -3.1564403
470 -4.2378564 -4.3992143 0.17328928 -1.7348534 -0.10692017
1578 -1.668304 1.0998794 -4.501343 -3.84986 0.3148781
822 -2.3742476 -0.7683214 -2.0761857 -0.6425068 -0.34575
1484 -2.7310138 -1.0474619 -2.3437176 -0.68169254 -0.53619707
898 -2.2997863 -0.7728459 -1.8967109 -0.41236958 -0.28500435
903 -2.351683 0.099032484 -2.1794567 -0.31771612 -0.66422635
705 -3.7835302 0.7697878 -1.6284754 0.04505426 -4.543917
1186 -2.7743359 -0.84262544 -1.1526475 -0.73796743 -0.4315122
725 -5.057798 -1.70288 0.73972243 -1.5711464 -2.7215483
173 -3.2088532 -0.36158025 -1.0083765 -0.51612145 -0.7744283
259 -1.1248012 -2.852133 -2.9006307 -3.0189877 -3.5121505
154 -2.5393019 -0.5970333 -1.9955494 -0.79186577 -0.57721174
1457 -2.7807722 -0.14634934 -1.5624199 -0.73554224 -0.89592624
1261 -2.435677 -0.9627294 -2.2585578 -0.44906637 -0.43447748
651 -4.7208877 -0.015115188 -1.3554249 -2.4634206 3.0887802
423 -2.5924897 2.281412 -3.0504432 -3.2088685 -2.1626894
1037 -2.5489638 -0.64303905 -1.9464748 -0.366602 -0.48386872
905 -2.5191712 0.12762624 -2.1819568 -0.2518673 -0.63122344
884 -5.0458612 -1.9046909 0.8661732 -2.4915283 -0.5425242
35 -5.3967376 -0.33658162 0.6216593 -1.4679523 -2.993797
372 -2.0368438 -0.7755212 -2.1853297 -1.1712682 -1.2258639
394 -0.9402292 -2.8188026 -3.032403 -3.5671113 -2.4860802
1252 -1.049229 -0.10185757 -4.8862934 -3.6198437 0.8837572
787 -2.002648 -0.7398666 -2.0836265 -0.63523823 -0.69907635
61 -3.9819524 -1.49041 0.03203239 -2.5450714 -3.6640227
909 -0.850706 -1.9515488 -3.533067 -3.9155927 -1.9812841
877 -2.108697 -0.8231394 -1.7250992 -0.4265394 -0.2771952
136 0.03300442 -1.9752096 -5.196943 -2.1236413 -0.82063836
981 -2.2611709 -0.5674747 -1.5587788 -0.43554077 -0.40569437
100 -0.94456863 -2.577429 -3.8759177 -1.4328402 1.8802603
627 -2.81146 -1.0033729 -2.2866218 -0.6489746 -0.4480031
1546 -2.6859784 -1.8438442 -1.347645 -1.2155524 0.07036449
1473 -2.9576488 -4.950026 -1.2753011 0.42787972 -1.4005735
969 -4.015681 -1.7142366 -1.3858356 -3.2692199 2.9416826
1537 -2.9749985 -0.7814927 -3.1863406 -2.1275976 3.5623002
893 -3.117236 -2.6514356 -3.0708003 2.8250558 1.2615598
103 -3.4441671 -3.5471177 -0.08076434 -2.658709 -2.7497952
1148 -3.7626913 -1.643024 -0.24536926 -4.4967856 -1.7108587
823 -2.3394263 -0.68518925 -1.8368294 -0.51628506 -0.43444774
1456 -2.6960433 -0.26274225 -1.4692907 -0.84703594 -0.8211364
458 -2.8648846 -5.356971 -1.6380073 0.8119489 -1.4531733
606 -4.9196944 1.8336767 -0.66561973 -3.1582944 -1.557521
196 -2.0144618 -0.8934928 -1.7063912 -0.44757015 -0.5531844
857 -4.386597 0.3018816 -1.3182391 -3.3607142 2.2880557
1324 -2.623473 -0.9088413 -3.1948225 -3.3647463 3.0247989
438 -2.6670296 -0.7611387 -1.1971396 -0.67314965 -0.5043112
789 -2.5773702 -0.9144291 -2.0962903 -0.5119823 -0.5188453
1474 -2.50088 -0.4012204 -1.5635103 -0.7688264 -0.4601948
970 -4.040043 -1.7549018 -1.4277983 -3.3549998 2.9474213
1042 -1.2033708 -1.4016315 -3.831618 -4.238503 1.0366387
38 -5.3682075 -0.29105547 0.5997183 -1.4105124 -2.9665968
581 -2.22411 -1.5205209 -1.7182173 -0.6225809 -1.0931596
1423 -4.065737 1.008692 -3.0922666 -0.6262475 3.3602295
156 -2.4005594 -0.654994 -1.9882607 -0.6644622 -0.42199627
815 -2.328695 -0.55620444 -2.5207803 -1.3411591 0.8683968
910 -0.836242 -1.889889 -3.5175326 -3.9295928 -1.969198
1271 -5.5162606 2.3494089 -1.2386038 -0.19192344 0.52837294
27 -2.6061318 -1.288169 -2.7344437 -3.8958497 2.3852537
1533 -5.0232472 2.2503679 -1.1595325 -0.4440828 -2.8679278
1420 -4.0907063 0.9239888 -3.0355098 -0.67753553 3.374171
1446 -5.888942 -0.19765253 0.27091196 0.91903836 -0.42228875
814 -2.4362211 -0.42298985 -2.5386364 -1.3229284 0.9563319
635 -1.9058954 -4.7406087 -2.8020809 0.66028535 -2.4750583
197 -1.9658412 -0.769416 -1.5884702 -0.38358107 -0.5513068
619 -2.4546323 -0.79602385 -1.7898523 -2.2420142 -0.17636563
1331 -4.4160385 -1.2243068 -0.25049818 -3.6453335 1.3508073
959 -2.2524753 -1.0200105 -2.0589647 -0.51093465 -0.37862605
39 -5.377805 -0.33478963 0.64171225 -1.4818062 -2.887969
1184 -2.7778177 -0.87533915 -1.1181585 -0.6944036 -0.47199407
245 -0.5652987 -3.5795617 -4.2492065 -1.124433 -3.2505379
249 -5.1531405 2.100582 -1.6393511 1.5314022 -1.4249386
367 -1.2290138 -1.0301992 -3.4159343 -2.328348 -4.0944166
790 -2.586581 -0.91151714 -2.215821 -0.54967684 -0.49182892
637 -1.8911147 -4.659017 -2.713738 0.6523766 -2.44937
618 -2.4251761 -0.7875907 -1.8110558 -2.214569 -0.100285366
1272 -5.5132766 2.3493788 -1.2956653 -0.1425314 0.5588476
1472 -2.9805236 -4.9691687 -1.2752544 0.4655249 -1.389551
1476 -2.4232633 -0.35223392 -1.6213948 -0.67860925 -0.3283079
1264 -2.6122036 -0.6386476 -2.6026783 -0.633178 -0.03221095
960 -2.6705978 -0.8555506 -1.9412785 -0.6837847 -0.40205967
706 -3.7572649 0.772411 -1.7481254 0.051143907 -4.5870605
997 -2.1680813 -0.58614546 -1.7410622 -0.43052202 -0.35796404
879 -2.1575186 -0.7194676 -1.673868 -0.35355577 -0.26792005
1222 -2.694816 -0.88700604 -2.244605 -0.5528043 -0.5365014
895 -2.4346802 -0.8348149 -2.0011296 -0.31711307 -0.30650783
179 -4.2256336 3.073909 -2.091483 -1.024853 -1.7546912
174 -3.0406253 -0.425645 -1.039451 -0.47827977 -0.90030986
155 -2.569697 -0.5584068 -1.8866385 -0.6894169 -0.63010883
1577 -1.6378925 1.113631 -4.517006 -3.83056 0.29862094
199 -2.0333247 -0.8180641 -1.7866331 -0.2722983 -0.6156773
20 -2.3663862 -0.13204354 -2.1257122 -2.9845815 -4.1553574
878 -2.1816168 -0.8722003 -1.8613409 -0.41877916 -0.2846351
1095 -5.4874964 1.6633885 -1.731499 0.15871397 2.0301003
1097 -2.7770302 -0.72810245 -2.224147 -0.3906228 -0.43996093
455 -2.8872914 -5.293721 -1.5995147 0.79671526 -1.3848851
124 -2.0393517 -0.55470574 -1.7178202 -1.206319 -0.47732627
1445 -5.8879156 -0.17982736 0.22374648 0.91741836 -0.43936
980 -2.2917979 -0.6253989 -1.5704358 -0.5803035 -0.4104377
107 -1.6901623 -3.39068 -3.3831813 1.5802872 -3.380086
93 -2.4260623 0.07366294 -1.6772361 -1.250038 -0.9705039
383 -5.46352 -1.1882067 0.7795731 -2.0475628 0.52005726
1391 -2.5275576 -0.613077 -2.0343304 -0.96520495 -0.75825197
1124 -0.60637546 -3.5856955 -4.186078 -0.9682789 -3.2358823
785 -2.0351818 -0.6865922 -1.9235771 -0.6575705 -0.5784651
607 -4.9258204 1.871439 -0.6619028 -3.1637356 -1.5727092
851 -2.6038477 -0.45310077 -2.2808545 -0.7897533 -0.30411348
21 -2.3316176 -0.26627782 -2.1963317 -2.9300175 -4.1793547
889 -2.1188686 -0.1799432 -2.2942612 -1.0830169 -1.7532351
1043 -1.1675242 -1.414201 -3.8433332 -4.223449 0.9215197
890 -2.0430174 -0.10818325 -2.3003767 -1.0229249 -1.5356015
766 -5.6070805 -1.4852009 0.48193446 -1.618185 1.3383338
678 -1.7018661 -0.91541433 -3.9662194 -3.878397 2.159051
305 -1.0435364 -1.0275892 -4.654 1.6295019 0.5674298
713 -4.3013406 -0.11595624 -1.2477505 -3.2411518 2.4496357
396 -0.9427993 -2.847271 -3.140334 -3.6143835 -2.4704196
258 -1.1417067 -2.9103022 -2.9065855 -3.0620782 -3.5053062
59 -3.9554093 -1.4287372 0.06786909 -2.4798415 -3.6383536
1103 -3.523048 0.2771525 -1.6991351 -4.164474 1.7023672
952 -3.8274796 1.8827236 -2.218425 0.24396755 -3.9599435
1403 -2.6970508 -0.8435084 -2.0990875 -0.4048442 -0.4557462
1538 -2.9823573 -0.79214966 -3.1986396 -2.1638172 3.5720973
290 -2.5065844 -0.8857926 -2.0364926 -0.5396813 -0.40613908
92 -2.3361528 0.13496843 -1.8213475 -1.2284455 -0.75293064
141 -2.5148196 -0.46829057 -2.2297292 -5.139931 0.075112365
210 -2.0099752 -0.31063426 -1.6352574 -0.68153113 -0.7370365
1210 -2.1351342 -0.8992714 -1.8958322 -0.5604877 -0.4488093
180 -4.2638755 3.101502 -2.073666 -1.0472063 -1.7590736
958 -2.2132192 -0.98310304 -2.1188169 -0.51558805 -0.52039707
660 -2.928832 -0.54090005 -1.382077 -0.26813212 -1.5962695
582 -2.4409862 -1.5576271 -1.5031276 -0.62861305 -1.0746623
683 -3.224479 -0.15394433 -1.3989398 -0.5096639 -0.30141076
912 -3.6952083 2.5385735 -2.5931172 -2.7882445 0.76209563
1262 -2.3087893 -0.9831294 -2.186208 -0.5270884 -0.44077122
962 -2.7253544 -0.79353696 -2.0022898 -0.75108534 -0.3343543
734 -3.059901 -0.8831548 -2.5673099 -0.52840585 -0.38345882
471 -4.166675 -4.333087 0.1610169 -1.6543872 -0.060327142
556 -2.504355 -1.1071061 -1.2171825 -1.684593 -1.1209451
1098 -2.9752452 -0.8002306 -2.4641745 -0.53104985 -0.40023708
1589 -5.4956965 -1.8113792 0.26677325 -0.8170105 1.923831
1038 -2.4207792 -0.65911514 -2.027249 -0.36066425 -0.610262
213 -0.98808634 -2.0530348 -3.4217057 -1.7803876 -4.0722213
917 -3.665437 2.5485065 -2.5954332 -2.7545016 0.7895889
29 -2.659634 -1.3256493 -2.678909 -3.897441 2.40698
883 -5.022885 -1.8202516 0.82791364 -2.530296 -0.6505868
574 -0.6669624 -3.7787864 -4.1625776 0.26578602 -0.32661745
680 -1.6874514 -0.9389943 -3.9703827 -3.900591 2.1693482
146 -2.4364102 -0.5566524 -2.2409265 -5.105424 0.04760697
626 -2.7977989 -1.2409555 -2.3409705 -0.74376154 -0.51123947
1217 -2.1901364 -3.636711 -2.5222783 -3.4265468 1.9788517
4 -5.6937776 2.2901874 -0.7080612 -0.9804402 -0.53956825
1101 -3.489019 0.31933787 -1.6693625 -4.1539993 1.5460907
852 -2.6897197 -0.3645792 -2.2882497 -0.80419415 -0.28150278
715 -1.290458 1.4084679 -5.1256695 -1.227496 -2.8254173
332 -4.334854 -3.938273 0.25027382 -1.3728452 0.34269992
341 -4.1768847 -4.6195292 0.020490576 -0.7337049 -1.2078553
270 -2.0208187 -0.49501175 -2.1172717 -1.2170521 -1.1016058
271 -2.0577164 -0.41681677 -2.1543455 -1.162514 -1.144172
108 -2.649976 -1.335465 -2.5969377 0.06816 1.0810837
109 -2.689702 -1.2947019 -2.5759661 0.08273068 1.0841547
559 -2.4626849 -1.0929438 -1.7236948 -1.6192716 -0.7754794
1193 -2.4924362 -1.9565929 -1.7098111 -1.6537378 0.19318892
1194 -2.4952173 -1.9533228 -1.6968421 -1.6028479 0.1440882
511 -1.2876923 -2.3554368 -3.5292835 -0.77907926 -1.2527064
621 -2.7598996 -0.8746226 -2.482252 -0.5537188 -0.56350636
1224 -2.658088 -0.92481667 -2.2567048 -0.51314557 -0.4413059
1371 -1.8752661 -1.6619444 -2.075225 -1.3276277 -0.73212224
1373 -2.2577052 -0.8542619 -1.47241 -0.22537275 -0.64145494
1219 -3.5232158 -1.1225203 -2.7997167 -0.86682355 -0.6391993
1115 -3.0631716 -0.752625 -1.9706999 -0.6619314 -0.3777718
1114 -3.0088158 -0.73967475 -2.0036032 -0.6588425 -0.3808244
1140 -1.8765299 -2.6342323 -1.6388725 -3.7118442 -2.5219407
544 -1.9421774 -0.9433517 -2.097175 -0.83353066 -0.088566236
545 -1.9922495 -0.9087149 -2.0570664 -0.8530112 0.014435649
1386 -2.9563766 -0.8207104 -1.691005 0.49645734 -1.3162233
1387 -2.9059465 -0.8725227 -1.7904869 0.5051038 -1.3039277
418 -2.5894814 -0.58954984 -2.0760403 -0.50642824 -0.5920529
419 -2.5045073 -0.719664 -2.056083 -0.6362268 -0.55150527
164 -2.3873322 -0.60809666 -1.9030725 -0.9701557 -0.43372113
165 -2.415575 -0.5088412 -1.881971 -0.93295646 -0.47183067
160 -3.5206387 -0.28373608 -1.692144 -0.39431328 0.36998168
161 -3.3904366 -0.28449467 -1.8059013 -0.34227988 0.3393035
809 -4.3515205 2.94346 -2.1111858 -0.54395777 -1.1284963
1259 -1.6572396 -0.9318781 -2.1875668 -0.41922808 -0.4241755
535 -2.322713 -0.70551616 -1.6857153 -0.3851952 -1.2235028
534 -2.3230143 -0.8751629 -1.6414874 -0.23800972 -1.1987746
818 -1.8422198 -1.1851933 -1.8075273 -0.63746285 -1.0920342
810 -4.296138 2.9221692 -2.0857224 -0.513867 -1.1187612
812 -2.8335116 -0.523111 -1.2451966 -0.23935205 -0.5863218
813 -2.823037 -0.44879538 -1.3071011 -0.22536571 -0.61859316
817 -1.8350378 -1.1174806 -1.8658966 -0.6652664 -1.1716197
1495 -2.3836005 -0.9046639 -2.315475 -0.19735128 0.8785303
1496 -2.4001899 -0.8807318 -2.3653555 -0.15102258 0.85451204
1128 -2.503359 -1.0035157 -1.9886645 -0.47157565 -0.42627606
1127 -2.5771513 -0.9247583 -1.9456347 -0.4667796 -0.3461992
520 -2.227232 -0.3030592 -2.0096867 -1.0300534 -0.97923946
521 -2.2856345 -0.33939162 -2.0385687 -0.96892333 -0.9799363
1014 -1.7132733 -1.6926395 -2.185538 -0.2749993 -0.5627562
528 -3.1649861 -1.0880295 -2.777801 -0.47477767 -0.18988946
1011 -2.3926356 -0.8420231 -1.9557049 -0.5020614 -0.4521812
1012 -2.341138 -0.7224431 -2.0203326 -0.3969935 -0.5456932
1013 -1.7376744 -1.6592215 -2.1300213 -0.30725065 -0.546276
1237 -2.6006145 -0.48267686 -1.9416343 -0.80175054 -0.51282185
1231 -1.6632934 -2.9376533 -2.8243842 1.0005146 -3.5530722
1232 -1.7041656 -2.9656913 -2.852719 0.99741 -3.6008372
1238 -2.6132658 -0.5877426 -1.9295313 -0.82866275 -0.5725228
434 -1.9989041 1.0623301 -3.6851141 0.49884367 -3.5382214
433 -1.9799052 1.0092907 -3.6694038 0.48997718 -3.566269
238 -2.467169 -1.1896951 -1.9493501 -0.9367165 -0.6793541
237 -2.6415515 -1.1837975 -2.0364425 -0.84959424 -0.5990602
1480 -4.34026 -3.5642118 0.23932806 0.058693245 -0.7229256
1487 -2.788625 -1.1570083 -1.2368057 -1.382577 -0.9762259
1486 -2.7953806 -1.2604858 -1.2295288 -1.3708347 -0.9717327
1139 -1.8975332 -2.6069877 -1.6958455 -3.750863 -2.4546874
1133 -3.275741 1.1984917 -2.2340293 1.1769928 -3.2558055
1132 -5.176152 -0.5854761 -0.46935368 -0.9169609 2.4227083
1131 -5.1741796 -0.49398628 -0.4858494 -0.8119867 2.4019806
1134 -3.3316352 1.1829358 -2.2109568 1.14469 -3.2528977
519 -2.5385766 -0.3546401 -2.162608 -0.6001571 0.109959655
518 -2.6226234 -0.30425686 -2.0528753 -0.521972 0.106627196
1007 -1.9455457 -0.73222923 -1.9090388 -0.986463 0.025204897
1006 -1.8874695 -0.7738821 -2.0030367 -1.1289747 -0.029436545
512 -1.2845649 -2.339375 -3.440568 -0.7693644 -1.3159935
623 -3.3716307 -0.93973523 -2.5276916 -0.89494246 -0.6357556
624 -3.330813 -0.97336805 -2.5864494 -0.8440986 -0.67572737
205 -2.391597 -0.7586634 -1.463874 -0.93624777 -1.013575
206 -2.273293 -0.7629592 -1.5809278 -1.0556 -1.0557958
920 -2.278803 -0.90168786 -1.6913071 -0.8261171 -0.72905314
921 -2.2565303 -1.0100752 -1.6692266 -0.6196507 -0.540306
66 -5.065667 1.585341 -0.26835254 -1.6156564 -2.2936924
1370 -1.8543255 -1.7897927 -2.180178 -1.2036183 -0.8371942
1583 -3.3939776 -0.4630929 -1.0790079 -0.0062123653 -0.6334438
1580 -2.6707745 -0.4677742 -1.8910744 -0.45390823 -0.25716418
1581 -2.7194757 -0.48793596 -1.8867688 -0.4280928 -0.17980827
1584 -3.4502192 -0.34010944 -1.08373 -0.06283861 -0.66490084
1372 -2.287896 -0.76874757 -1.4770672 -0.169033 -0.70452607
506 -2.3354142 -0.5586032 -2.756339 -0.6269339 0.06828804
505 -2.2794068 -0.5444789 -2.7569966 -0.74939376 0.051884968
632 -2.5449493 -0.34318987 -1.7752521 -0.8234208 -0.5906382
633 -2.5323336 -0.29505536 -1.8053755 -0.8800006 -0.6232545
1218 -3.4799013 -1.2899897 -2.8682802 -0.61240983 -0.51706743
1450 -1.6729617 -0.6431465 -3.9550958 -3.3912706 1.9773096
1453 -1.3462076 -4.1421614 -2.387685 -1.0283611 -2.7800028
849 -2.0426722 -0.40237612 -2.2985072 -0.6728803 -0.632422
848 -2.009281 -0.5201741 -2.2860775 -0.7265644 -0.7382021
751 -2.550785 -0.6758641 -1.7317904 -1.3817196 -0.8865382
750 -2.48978 -0.76760614 -1.7314688 -1.4960669 -1.0002236
755 -3.6583269 0.38084996 -1.2502652 -0.70583993 -0.36281592
754 -3.6475725 0.3953304 -1.1843213 -0.69950616 -0.4838921
1032 -3.8833437 -1.3725916 -3.4289029 -0.7361547 -0.5834383
1033 -4.0050144 -3.6988437 0.18323442 0.22812214 -1.3083223
1034 -3.9218624 -3.6961977 0.12771103 0.20561452 -1.2918663
600 -2.2537518 -0.7396211 -2.1232133 -0.8252225 0.002332859
603 -2.252454 -0.55924594 -2.0913377 -0.30681434 -1.4349306
602 -2.2557063 -0.6418795 -2.000056 -0.34072363 -1.3037304
1449 -1.6837882 -0.68385154 -3.9504657 -3.4328399 1.9868433
487 -2.3552127 -0.705593 -1.913155 -0.47143862 -0.4682144
486 -2.3145397 -0.6956045 -1.8974723 -0.4708755 -0.3321513
1354 -2.4978306 -0.76275206 -1.9474361 -0.50287676 -0.26472455
483 -2.2143643 -0.4283763 -2.117787 -0.76369876 -0.11725033
906 -2.0640726 -0.50684035 -3.5551867 -3.3834195 2.454226
907 -2.0895967 -0.4583296 -3.5664778 -3.346956 2.4973965
747 -2.7548559 -0.6710652 -2.2428699 -0.43829653 -0.3738065
748 -2.6806016 -0.7182243 -2.2703753 -0.36284503 -0.4267053
1052 -2.9585083 -1.5217346 -1.1827519 -0.8650832 -0.8959811
1053 -2.9291632 -1.5928977 -1.1522058 -0.8593982 -0.93092006
616 -2.6451325 -1.5334898 -1.1753702 -0.58643955 -1.5261517
617 -2.6235678 -1.4886993 -1.225191 -0.64922225 -1.521489
614 -1.114896 0.040239796 -4.9370794 -2.406388 1.627205
615 -1.0982926 0.08661307 -4.955517 -2.3987405 1.6049495
1479 -4.272924 -3.6669734 0.15422447 -0.011621849 -0.70634407
498 -2.093788 -1.0059744 -1.7058824 -0.16281551 -0.25812253
497 -2.08036 -1.1000273 -1.7414769 -0.11664588 -0.15196349
979 -2.4599848 -0.7702818 -2.0126543 -0.843137 -0.42760462
978 -2.532674 -0.73075056 -2.0112402 -0.8560617 -0.5610127
182 -2.1459522 -0.84921634 -1.9416819 -1.7746783 -0.8256279
183 -2.187767 -0.8778505 -2.0129318 -1.6796415 -0.94587904
882 -2.3632054 -0.6815915 -1.4234519 -1.1629255 -0.45719182
887 -2.4961724 -0.6851535 -2.131659 -0.6488165 -0.40566805
886 -2.483258 -0.90654224 -2.1286995 -0.48798034 -0.5904983
777 -2.368582 -0.5865413 -1.92281 -1.1245545 -0.15513574
778 -2.2556424 -0.6278448 -1.993913 -1.1853487 -0.19355199
668 -2.2398224 -0.86720437 -2.1950648 -0.57494426 -0.35852078
667 -2.3828793 -0.85024726 -2.2354472 -0.50911665 -0.25620583
1311 -2.3621461 -0.7100303 -2.59339 -0.76999795 -0.55562043
1310 -2.4018376 -0.80570316 -2.545351 -0.75982183 -0.5920216
529 -3.3022928 -1.0582817 -2.8108692 -0.42897692 -0.37855625
312 -4.449828 -0.4185184 -0.68988925 -3.2373955 1.6264092
311 -4.401963 -0.45068106 -0.68904823 -3.183855 1.678219
1243 -1.8570768 -1.5107822 -2.2682905 -0.5808716 -0.789445
1242 -1.9318827 -1.537773 -2.3410492 -0.56717783 -0.72145253
1248 -2.4487622 -0.038122497 -1.9955151 -0.8882561 -0.31187972
1078 -2.5855305 -0.82857794 -1.8602217 -0.55041224 -0.34788275
1079 -2.4822228 -0.912701 -1.9167352 -0.7136686 -0.48403955
672 -3.1653364 2.9342139 -3.0922139 -0.7995807 -2.3418036
673 -3.1669614 2.9364936 -3.0867817 -0.85050815 -2.3191497
1320 -1.9718912 -1.1196218 -2.5960748 -0.32947063 -2.3852768
1321 -1.9925672 -1.0788765 -2.6010296 -0.28267604 -2.390116
1326 -2.54947 2.116917 -2.918102 -3.6080036 -1.1836853
1327 -2.5649157 2.109253 -2.9168983 -3.6181629 -1.1687944
1328 -3.0719457 -0.94526213 -2.7831619 -0.58775806 -0.48914713
1329 -2.9209654 -0.9494147 -2.737539 -0.640939 -0.53662425
1531 -2.4991426 -0.468692 -1.7956153 -0.7117429 -0.72214425
1525 -3.1132855 -4.596691 -1.1045576 0.6673813 -0.96539426
1526 -3.1513762 -4.6065297 -1.044316 0.6508566 -0.95343345
1522 -2.4976153 -0.8544881 -1.9754678 -0.73197967 -0.1927843
1523 -2.511082 -0.69373894 -2.0911775 -0.7067778 -0.2496341
1258 -1.6226255 -0.8421695 -2.227523 -0.489429 -0.45705944
1530 -2.5198922 -0.44850022 -1.72837 -0.60250723 -0.7630449
622 -2.7472434 -0.8961117 -2.3779488 -0.6712879 -0.40119535
950 -2.9348962 -0.8322741 -2.1382854 -0.7403658 -0.65356654
593 -2.4220963 -1.0460684 -2.1779032 -0.59800047 -0.9411792
594 -2.4712648 -1.0096778 -2.218204 -0.55663973 -0.8555115
599 -2.2612772 -0.65091175 -2.1582806 -0.90747166 0.056740426
1339 -2.4265053 -0.7273245 -1.4470254 -1.0859835 -0.38273928
1544 -2.4668505 -0.25146276 -1.628008 -0.47160667 -1.0849986
1543 -2.5418084 -0.2599129 -1.6044704 -0.44638672 -1.0581616
1241 -2.3438087 -0.3408355 -1.9423665 -0.5077647 -0.93061644
1240 -2.2799554 -0.29012632 -2.0205333 -0.4835594 -0.86938053
647 -1.8800002 -1.5133914 -1.7856563 -1.5189602 -1.053771
1249 -2.3707402 0.033141054 -2.0299537 -0.8711003 -0.44263703
648 -1.8867087 -1.5217612 -1.8988062 -1.5268049 -0.96119
949 -2.9106207 -1.0082722 -2.093434 -0.46302927 -0.5843335
130 -2.6494582 -0.63812286 -1.2086824 -0.6514828 -0.06546627
137 -2.5279598 0.2144715 -1.640202 -1.0113845 -1.0123582
138 -2.447053 0.069455974 -1.6400565 -1.0601901 -1.1574347
584 -4.5364594 -2.1794121 -0.67321616 2.531203 -1.0280567
583 -4.566184 -2.135287 -0.6827888 2.5525682 -1.1297472
993 -2.4148273 0.014934036 -2.495218 0.2605573 0.25121754
992 -2.4952424 0.06998976 -2.548489 0.3623532 0.22814424
129 -2.610591 -0.6710777 -1.2268629 -0.646131 -0.063521266
578 -2.743794 -0.97527075 -2.0396776 -0.28779775 -0.51242113
573 -1.9804456 -0.91134316 -1.7568785 -1.4096696 -0.1938046
572 -2.063992 -0.88796663 -1.6243708 -1.3390663 -0.23805341
571 -2.1998951 -1.0834746 -1.4653124 -0.29758653 -0.53055465
570 -2.1284416 -1.1449537 -1.5389098 -0.28500977 -0.48131508
577 -2.7482984 -1.0865817 -2.0853937 -0.30529383 -0.3994497
731 -1.4946111 -1.2643008 -2.4900222 -1.3948885 -0.70966864
730 -1.5190465 -1.3168403 -2.4603179 -1.3794223 -0.6661829
1355 -2.491223 -0.58157915 -1.8808957 -0.6633415 -0.18133783
261 -3.8539813 2.5089583 -3.2362654 0.4651664 1.1170486
260 -3.7962968 2.5229893 -3.237975 0.49728438 1.1638887
1031 -3.9360125 -1.3931991 -3.3361955 -0.8613641 -0.6955197
988 -3.4671686 -2.2888675 -1.938447 2.7448285 -1.9615597
987 -3.448369 -2.334986 -1.9299272 2.7710998 -1.9667315
111 -1.8948138 -0.819388 -1.9133719 -1.3727086 -0.80473745
112 -1.9399961 -1.0294211 -1.7926658 -1.3164736 -0.75388604
484 -2.2049074 -0.4612844 -2.0843244 -0.7697482 -0.15930016
568 -4.855919 1.0214037 -1.3961114 -1.2617489 2.037106
569 -4.807053 0.99352825 -1.3899562 -1.3286352 2.0439327
560 -2.3959634 -1.0575161 -1.8383607 -1.5548416 -0.9146493
1164 -2.381298 -0.38179463 -2.5810192 -0.36340657 -1.0271149
1165 -2.3224962 -0.32118034 -2.6298313 -0.2881075 -1.0651097
1168 -2.1379037 -0.05983718 -2.2221177 -0.72891027 -1.4304565
1169 -2.07593 -0.17375895 -2.2100608 -0.6530291 -1.4040266
42 -2.4559295 0.6871832 -2.456271 -1.4695493 -0.04880428
43 -2.5548995 0.7923324 -2.5293941 -1.4803863 -0.109172285
1568 -1.0335901 -0.9459292 -3.3553827 -1.786064 -3.9725137
1569 -1.0303233 -0.9177452 -3.3223817 -1.9317663 -3.9977133
1298 -1.8864734 -1.2144012 -1.9350792 -0.97914875 -0.4326443
1299 -1.8835075 -1.219241 -1.8753225 -1.0217743 -0.4941752
1360 -1.3315196 -4.132339 -2.4223402 -0.99679023 -2.7855651
1199 -5.7677813 -0.20507507 0.733342 -2.0701718 -0.9061128
248 -5.1665072 1.9943262 -1.5997373 1.5581096 -1.4306753
1367 -4.3968415 0.65870744 -0.72616345 -4.4854183 -0.49306434
384 -5.4009905 -1.1499488 0.81099135 -2.0113552 0.41405436
1233 -0.63697165 -3.5867984 -4.084375 -0.8971626 -3.2541304
230 -1.464118 -0.5094741 -3.355741 -2.8693979 -4.308296
1459 -2.6444473 -0.15284841 -1.5108443 -0.77108324 -0.8874654
214 -0.963727 -2.099291 -3.4381325 -1.7743406 -4.021074
215 -0.9857799 -2.0925562 -3.4690187 -1.6903824 -4.0613017
901 -3.7486913 2.1101782 -4.163857 0.27851352 2.3081882
123 -2.2704215 -0.37176242 -1.6511489 -1.2679584 -0.50525284
733 -2.6286612 -0.89581376 -2.1859138 -0.55144435 -0.34606457
1158 -3.539841 0.9355211 -1.3043431 -3.1045427 -3.8150775
1392 -2.4465368 -0.72248524 -2.0126276 -0.9539235 -0.8356005
212 -2.0732765 -0.19066504 -1.7442957 -0.72666585 -0.806124
211 -2.0366957 -0.24672963 -1.8284032 -0.70685047 -0.8751499
1333 -4.3667984 -1.2400384 -0.23508547 -3.6368122 1.32975
1401 -2.5323896 -0.80459213 -2.0090601 -0.40437317 -0.2208023
732 -2.9172027 -0.9591345 -2.4625201 -0.52749413 -0.34247378
469 -4.253645 -4.3471584 0.18065491 -1.6992756 -0.06545062
456 -2.8751693 -5.2569494 -1.5708241 0.78503066 -1.374176
373 -2.0462613 -0.71538734 -2.172196 -1.2723917 -1.0513889
368 -1.2395276 -1.0381211 -3.4537613 -2.3582416 -4.22195
437 -2.5184357 -0.73943406 -1.2662963 -0.62582916 -0.53490114
1265 -2.7156389 -0.6123618 -2.513173 -0.70929414 -0.056262307
707 -3.7879162 0.75831544 -1.6987786 0.011667847 -4.5869107
1433 -5.827352 -0.16188551 0.22558151 0.8970482 -0.41168687
1397 -0.34246716 0.03851458 -5.1635714 -1.4367456 -1.708228
468 -4.1565275 -4.277305 0.16993222 -1.5798435 -0.07652089
1374 -4.7215056 1.0384915 -0.09796608 -2.2645917 -2.556612
1390 -2.5105495 -0.7360512 -1.987925 -1.0245066 -0.863495
229 -1.4296312 -0.5034196 -3.2750587 -2.8394072 -4.214146
1254 -1.0271106 -0.19080469 -4.78096 -3.5397117 0.9252016
17 -2.192698 -0.6025702 -1.8609301 -0.775033 -1.31596
985 -0.5461446 -1.0580963 -5.637993 0.4235906 -2.4978535
104 -3.4597454 -3.51829 -0.0798097 -2.688986 -2.7784045
397 -2.8511984 -4.991807 -0.8713286 -1.9901416 -1.7213477
395 -0.93326896 -2.8494592 -3.148732 -3.5829377 -2.4919958
1147 -3.6090183 -1.5783471 -0.27623 -4.4067445 -1.755047
366 -1.2778128 -1.026545 -3.4582398 -2.3423345 -4.13495
382 -5.4427886 -1.1069783 0.7646308 -2.0336387 0.4436969
1488 -4.4651284 1.5533631 -1.7708876 1.2823285 -3.286504
924 -5.5677214 -1.8028741 0.9307408 -0.36086756 -1.8774155
441 -1.6546496 -1.2567838 -3.180176 -0.49333265 -4.836873
1096 -5.437423 1.7385696 -1.764392 0.16448776 1.9737438
85 -3.20349 -1.7345927 -0.94208175 -0.4279606 -0.67101455
589 -2.1079173 1.041802 -5.580224 1.843952 0.37831703
422 -2.5640547 2.263291 -3.0922918 -3.1936994 -2.2372541
825 -5.952637 1.2121483 -0.14707431 -2.1327605 0.7278301
1485 -2.631009 -0.84082764 -2.1118846 -0.7084661 -0.50607115
625 -2.6616986 -0.95716214 -2.2602484 -0.57482165 -0.50912225
1102 -3.5214179 0.2960866 -1.7201712 -4.180695 1.6421015
855 -4.3217163 0.28025076 -1.3132699 -3.3812766 2.1991885
856 -4.3399606 0.25095767 -1.3625715 -3.3470018 2.296797
36 -5.360298 -0.26670375 0.62443423 -1.4436531 -2.8631115
943 -3.008489 0.3038543 -1.503526 -3.99708 -3.1881254
122 -2.1137378 -0.47759122 -1.6430788 -1.2890748 -0.47624823
354 -2.5883298 -0.93562263 -1.9530363 -0.52408475 -0.42234555
102 -3.4465094 -3.4995732 -0.065224305 -2.6440063 -2.7439616
250 -5.0764003 1.9936323 -1.6006138 1.5166185 -1.3919429
169 -1.417205 -0.58026296 -3.2776494 -2.022994 -4.5867352
679 -1.7479507 -0.9590672 -3.88481 -3.852408 2.1615374
1223 -2.6871576 -0.7953943 -2.1435227 -0.44910398 -0.41850924
3 -5.6633024 2.2917087 -0.714943 -1.0078934 -0.55378234
850 -2.677176 -0.37927672 -2.3005192 -0.7673358 -0.29689106
1332 -4.365197 -1.2016472 -0.24687068 -3.5414994 1.315339
37 -5.420142 -0.30791155 0.6350179 -1.5313447 -2.8975284
994 -2.190636 -0.6411584 -1.8448752 -0.48691303 -0.318164
1511 -2.2327285 -1.016867 -2.1761556 -0.5181968 -0.75644803
380 -2.17989 -0.21346955 -1.9547724 -1.686758 -1.00796
436 -2.5514798 -0.72413903 -1.2325414 -0.641706 -0.45103142
628 -2.8676753 -1.0768616 -2.2380111 -0.56117994 -0.5542451
836 -4.9268947 0.43597624 -0.011620575 -0.19244385 -3.3077953
1435 -5.8184867 -0.14553644 0.22620486 0.8886446 -0.45858935
1421 -4.014382 0.8942451 -3.002155 -0.67061627 3.345512
340 -4.195238 -4.6546016 -0.027331216 -0.7471822 -1.1955419
554 -2.4157774 -0.76593363 -1.9897999 -0.65529466 -0.35626847
1099 -2.5921345 -0.7437104 -1.9840503 -0.5334248 -0.34550723
424 -2.4992294 2.2185194 -3.1144571 -3.2038567 -2.159827
198 -2.0226707 -0.8815823 -1.7880751 -0.4418802 -0.64736766
899 -2.3786542 -0.8079239 -1.9444982 -0.42137548 -0.32117912
951 -3.8101873 1.8736076 -2.1531339 0.1772457 -3.8883946
335 -4.3276434 -3.9623406 0.27810723 -1.406311 0.38152462
139 -2.452596 -0.47970536 -2.1579895 -5.055272 0.09722267
1428 -2.0323374 -0.90979284 -1.568522 -0.60632694 -0.83614403
1166 -1.107917 -2.8948421 -2.8890975 -2.9867806 -3.442722
91 -2.404281 -0.039737277 -1.6299661 -1.3704609 -0.81114936
1575 -1.6052387 1.119355 -4.399358 -3.767722 0.2451032
1216 -2.1414902 -3.497225 -2.3661642 -3.3496692 1.8886205
767 -5.5105224 -1.4175513 0.4619685 -1.6527008 1.3038348
1253 -1.0383476 -0.21846455 -4.816121 -3.5777824 1.0028133
661 -2.8610816 -0.5646006 -1.435106 -0.30274075 -1.6526951
374 -1.9985524 -0.6938217 -2.0965173 -1.154627 -1.194484
175 -5.1883826 0.47404778 -0.33593354 0.7798853 -3.1909273
1547 -2.6894748 -1.8557798 -1.2952006 -1.2320219 -0.013692374
381 -2.1699972 -0.3024236 -1.8741074 -1.7173116 -1.0615871
804 -2.5134997 2.2335944 -3.6497097 -2.2882283 -3.3997788
148 -2.5070953 -0.51467216 -2.237211 -5.1249304 0.10758177
181 -4.2453556 3.1172009 -2.1404588 -1.0157193 -1.8246629
961 -2.640699 -0.98086065 -1.856641 -0.6539152 -0.3215346
996 -2.1446772 -0.7469944 -1.7059116 -0.4391462 -0.33911186
1427 -2.2633092 -0.86909056 -1.5119857 -0.7280134 -0.9161401
824 -2.3284543 -0.82845235 -1.9211104 -0.4711127 -0.38142258
1483 -2.4827282 -0.8594086 -2.0638986 -0.66737735 -0.43928587
28 -2.5832856 -1.2666358 -2.7734213 -3.8963053 2.3792763
888 -2.100286 -0.16542423 -2.2869346 -1.0757548 -1.6578444
1167 -1.1205124 -2.7964823 -2.8963969 -3.0009131 -3.442562
1150 -3.664307 -1.5998268 -0.27759346 -4.4331574 -1.6961778
427 -2.6126866 -0.42488462 -2.5400548 0.93069994 -0.8247595
837 -4.9509735 0.3818131 -0.0037173224 -0.110686764 -3.3307552
1212 -2.193191 -0.8587266 -1.8603832 -0.53258324 -0.57564956
22 -2.3896813 -0.19009744 -2.1146698 -2.9662154 -4.167951
1084 -5.404763 -1.7894639 0.24934117 -0.77798694 1.9530858
880 -2.1465478 -0.83950585 -1.9092654 -0.3910296 -0.32340837
965 -4.009633 -1.7339863 -1.384239 -3.2739947 2.920128
966 -3.9904513 -1.8004202 -1.4128567 -3.2909756 2.942036
957 -2.0908668 -0.7299436 -1.8064408 -0.5414058 -0.31442067
448 -1.5160409 -1.4415835 -3.5815644 0.03823702 -4.6980276
942 -3.0005622 0.2868399 -1.431039 -3.9551296 -3.204008
1422 -4.0676947 0.92992246 -3.047972 -0.75532115 3.371159
393 -0.94285774 -2.8405209 -3.1157353 -3.624479 -2.433805
176 -5.2159534 0.4884225 -0.36368674 0.7813465 -3.2080612
1234 -0.63565844 -3.518546 -4.140358 -0.91299987 -3.2632594
724 -5.0047064 -1.7887757 0.7306914 -1.5755403 -2.645063
426 -2.6542158 -0.33629885 -2.604653 0.9955413 -0.9238467
1576 -1.6066717 1.0978361 -4.4414372 -3.792357 0.27253643
1209 -2.2930243 -0.99324584 -1.9783856 -0.38070533 -0.47733185
881 -2.2212307 -0.9271453 -1.7740744 -0.48698884 -0.35094374
769 -5.495133 -1.4378009 0.53423524 -1.6544145 1.2739186
580 -2.3204942 -1.4750754 -1.5980047 -0.5266983 -1.0820309
998 -2.0774825 -0.652175 -1.718283 -0.52379304 -0.43414313
684 -3.3393486 -0.026062682 -1.4837512 -0.5422708 -0.2828687
892 -2.37847 -1.3842493 -3.801479 1.3277037 2.6524231
658 -2.8869715 -0.61722356 -1.4234973 -0.29512477 -1.6311457
1375 -4.6438365 0.96746904 -0.040892877 -2.1718135 -2.5464892
620 -2.4631271 -0.70444775 -1.7416282 -2.2343507 -0.25783527
846 -1.7362399 -3.080414 -1.9684532 -3.8905487 -2.3583488
636 -1.8965601 -4.6983523 -2.7255578 0.6441044 -2.4145858
467 -4.2632275 -4.3395915 0.19069172 -1.7172116 0.02891161
885 -5.0303483 -1.8750683 0.83836883 -2.474013 -0.5604191
1044 -1.1763617 -1.3519442 -3.8449368 -4.202855 0.9594337
552 -2.3769867 -0.82783705 -1.885536 -0.5121167 -0.28604016
821 -2.2798111 -0.7480047 -1.808793 -0.57181907 -0.32378888
1539 -3.0023181 -0.7836798 -3.1351888 -2.0861294 3.5639083
355 -2.5814435 -0.8870624 -2.22102 -0.44343185 -0.41531563
400 -2.7719324 -4.843596 -0.8435201 -1.999754 -1.7628727
816 -2.510053 -0.47442067 -2.618288 -1.3889489 1.0759945
18 -2.0867717 -0.665572 -1.9307505 -0.7867732 -1.5063418
60 -3.9788835 -1.4044653 0.0801736 -2.4342146 -3.6439695
195 -2.0069625 -0.8986677 -1.7852596 -0.4577359 -0.66041946
902 -3.7767355 2.122473 -4.1869416 0.21735099 2.358606
1475 -2.410457 -0.3974354 -1.6025542 -0.80314857 -0.35508388
1260 -2.473701 -0.8861717 -2.1693454 -0.426086 -0.367613
1513 -2.2672086 -1.0791776 -2.121308 -0.59577006 -0.71769154
786 -2.1157837 -0.7249201 -1.8976309 -0.6554766 -0.49942634
1441 -5.7398143 -0.16791072 0.26514181 0.87957966 -0.44826508
968 -4.0968857 -1.782609 -1.3691849 -3.326032 2.9597664
1535 -4.945215 2.2080154 -1.1067098 -0.56879896 -2.790217
557 -2.6671991 -1.1681932 -1.1520053 -1.678421 -1.1617032
1548 -2.7798104 -1.936689 -1.1866981 -1.2727735 -0.12477185
925 -5.492379 -1.7991924 0.92560273 -0.45834163 -1.8774252
1471 -2.9448118 -4.8181205 -1.2521508 0.4014058 -1.3759826
338 -4.2539067 -4.557897 -0.027246675 -0.77376765 -1.1258631
982 -2.213433 -0.64923143 -1.5460163 -0.54292345 -0.34065223
567 -4.647428 0.028325902 -1.3726989 -2.3834314 3.071464
1093 -5.441546 1.67718 -1.6244676 0.16168633 1.9581002
231 -1.3846005 -0.48279935 -3.2131405 -2.8390765 -4.128608
313 -1.5775363 1.4956212 -4.4536004 -3.7931745 -0.1550909
309 -1.0895742 -1.4183515 -4.6667824 1.583545 0.61874646
704 -3.7479935 0.825366 -1.6953079 0.06822174 -4.502299
86 -3.215517 -1.7073021 -0.99342906 -0.37888375 -0.6285261
40 -5.3241205 -0.30227926 0.613837 -1.5027838 -2.8677077
299 -0.9145317 -0.26489902 -6.2505794 -1.1962794 1.5028608
172 -3.1478338 -0.29304644 -1.035181 -0.58323354 -0.76756394
334 -4.321151 -3.9401307 0.25191045 -1.3773557 0.38477919
681 -3.1705089 -0.22104509 -1.3432292 -0.48340496 -0.21853323
911 -0.8434839 -1.9178079 -3.5190074 -3.877528 -1.9870557
1215 -2.1730728 -3.4806824 -2.393325 -3.4303677 1.8397409
650 -4.5553536 0.016030168 -1.3370864 -2.403447 2.982538
954 -3.772837 1.8047734 -2.1766937 0.23587388 -3.915627
726 -4.9916077 -1.7151191 0.76295054 -1.496165 -2.567429
291 -2.3199408 -0.9598543 -1.7388024 -0.53623044 -0.4603091
1149 -3.661652 -1.6069204 -0.29493368 -4.4939528 -1.7087617
828 -5.933828 1.2422029 -0.17236352 -2.060487 0.70863295
68 -4.995142 1.6039443 -0.27771577 -1.5758636 -2.2532523
315 -1.522872 1.5282446 -4.3811626 -3.722127 -0.14856975
1185 -2.7928655 -0.92189056 -1.1117197 -0.81141955 -0.3028708
1558 -2.3402395 -4.950538 -3.3331282 1.3917502 0.8992327
1458 -2.705063 -0.14189354 -1.3256087 -0.6901842 -0.85693043
591 -2.031932 0.9340512 -5.514255 1.8635939 0.41045174
1200 -5.7537637 -0.14733449 0.71946865 -2.0133984 -0.8752283
398 -2.7555087 -4.88101 -0.8619388 -1.9983497 -1.753684
608 -4.9293776 1.7766099 -0.63390446 -3.230306 -1.6033356
540 -6.008283 0.3537708 -0.92574614 0.45346984 2.2805142
70 -1.46907 -3.4833539 -3.6476262 -0.04487903 1.9219944
1160 -3.5595987 0.89614344 -1.3087391 -3.0762358 -3.8726013
904 -2.5051405 0.13124226 -2.0759969 -0.21312274 -0.66888803
153 -2.5466535 -0.6624823 -1.8466196 -0.71441585 -0.624345
235 -1.7228112 -3.71227 -4.303183 0.6329418 2.0884986
757 -1.5544361 -2.6356814 -3.4305325 0.50248367 2.1877851
612 -2.6946683 -0.14139548 -4.1535378 3.1413472 -1.6587924
1325 -2.6137009 -0.8428851 -3.2220309 -3.3259742 3.0192666
1308 -3.1677916 2.2110772 -2.5471363 -3.7018213 -2.0622058
897 -2.3969855 -0.68315053 -1.8797029 -0.3468692 -0.26538622
509 -3.9900112 -1.7161081 -1.1420314 1.4855572 1.9736062
639 -2.6580336 -3.5712364 -1.8154694 -1.0524226 2.4269676
831 -5.9319015 1.2201805 -0.16965766 -2.0917284 0.7388135
542 -6.0099483 0.389 -0.92762196 0.44865918 2.289541
190 -4.115106 -1.633832 -1.1638765 1.5638795 1.9953581
800 -2.4958897 2.2085283 -3.5286105 -2.2735603 -3.2807128
752 -2.1497247 -0.63723963 -1.6553991 -0.46121642 -0.40794927
1400 -2.5799177 -0.8171414 -2.0908086 -0.43318963 -0.43646502
801 -2.5184252 2.2279422 -3.535025 -2.3029726 -3.2078638
845 -1.652765 -2.9909353 -1.960654 -3.8875954 -2.3202193
1119 -4.4838996 -0.7776083 0.3079483 -3.6919255 -1.8092291
1087 -0.6384359 -3.3348732 -2.9482784 -2.1170776 0.28171438
830 -5.922535 1.2878894 -0.2102893 -2.0490057 0.7551241
449 -1.4941288 -1.4320114 -3.576237 0.0852945 -4.674836
1116 -4.398338 -0.76361424 0.32004905 -3.5700479 -1.808852
1267 -2.472934 -0.68237233 -2.3882754 -0.7873619 0.111830674
1026 -3.3311465 -3.005203 -1.964744 -1.1455375 3.3499513
1516 -4.522844 -0.87915283 0.33758155 -3.6885965 -1.8375472
5 -5.5686545 2.2615826 -0.6879182 -0.97505355 -0.51742506
1571 -2.381073 0.6530536 -4.409417 -1.8371203 2.9214468
143 -2.460637 -0.47398472 -2.2171118 -5.090719 0.028672379
1556 -2.3536885 -4.9789915 -3.3201826 1.366017 0.90891445
1214 -2.1545975 -3.5385253 -2.3525584 -3.3602605 1.8257397
361 -4.227679 3.2163072 -2.3988364 -1.2266656 -1.8013558
1517 -4.482435 -0.82004786 0.28752702 -3.61427 -1.8007321
221 0.03675073 -0.8873719 -4.435038 -1.4203209 -1.1670818
360 -4.2537584 3.2479799 -2.437542 -1.2130828 -1.8537198
144 -2.452627 -0.4657767 -2.214231 -5.0421934 0.12295903
262 -1.7246472 0.75249445 -5.5039244 1.4036175 0.46335182
541 -5.955481 0.44244125 -0.9638597 0.4133171 2.2980118
753 -2.0923705 -0.5629544 -1.6605166 -0.57669055 -0.36094064
1557 -2.3553996 -4.926825 -3.2841775 1.3484336 0.91154885
411 -5.4742165 -3.2207499 0.47514793 0.74255705 -0.39292586
783 -2.379602 0.64740247 -4.3225517 -1.6990021 2.9133468
711 -3.3076172 -3.2925122 -2.3092914 3.0675657 -1.8572061
710 -1.3156719 -2.9315915 -4.051147 -0.5724425 2.1833212
1156 -3.5051827 0.8747714 -1.2698991 -2.9860418 -3.7984023
1439 -5.767778 -0.1606392 0.22061376 0.9398278 -0.44437808
1515 -4.4835863 -0.8523579 0.349186 -3.664198 -1.8647501
689 -5.954615 0.33043662 -0.94548726 0.4602605 2.3290799
611 -2.6276863 -0.12357511 -4.007374 3.0445495 -1.609576
1534 -4.8130693 2.1948419 -1.1090853 -0.4733658 -2.7009947
1117 -4.370348 -0.7328606 0.3307917 -3.500153 -1.7351276
147 -2.3950984 -0.5367414 -2.13223 -4.996849 0.08102789
375 -4.128706 -1.9833078 -0.9532229 1.950925 1.248609
508 -3.9926 -1.6811806 -1.094566 1.4986966 1.8731406
983 -0.5717359 -1.0209634 -5.645302 0.508725 -2.632163
507 -3.9820251 -1.6657642 -1.1580231 1.5130986 1.9492197
376 -4.1631064 -1.812225 -0.9329484 2.032319 1.1742706
267 -1.7267283 0.70598644 -5.473935 1.4103377 0.46972376
525 -3.0489178 -1.3986775 -1.6820801 1.4015758 -4.1012607
1361 -2.273702 -0.6098292 -3.940951 3.0509672 -1.0676229
630 -2.370118 0.6401004 -4.3297668 -1.6584042 2.8996599
480 -4.85264 -0.12853894 -1.5121517 3.0385773 -1.9396012
409 -5.293364 -3.1622322 0.44388914 0.77231205 -0.40859854
392 -3.1435986 1.9409826 -3.856168 1.8246183 -2.49648
87 -3.1999023 -3.1515057 -2.2254486 3.020672 -1.8205414
209 -4.2806168 2.6725252 -2.868599 0.42845276 1.0386982
1440 -5.681039 -0.17567912 0.22936118 0.8609076 -0.46878415
1136 -1.9428191 -0.8402364 -4.090589 2.501781 -2.690618
220 0.06708438 -1.1997894 -4.5261807 -1.4908181 -1.0722253
796 -1.8227648 2.0335484 -5.406513 -1.2395254 0.6957152
264 -1.6960564 0.79507333 -5.3727264 1.3715422 0.4506809
798 -1.8075424 2.051689 -5.356487 -1.2384951 0.65044767
193 -2.164748 -0.6289234 -3.7501743 2.8957887 -1.482842
1378 -2.8163557 -3.1840796 -1.1014854 -4.2039003 0.37790412
690 -5.9283795 0.37726176 -0.96313107 0.49980766 2.2783234
1152 -3.4247024 0.8603383 -1.2228951 -2.997018 -3.6537576
1287 -4.268107 0.6574084 -0.6576848 -4.327998 -0.5214138
208 -4.289036 2.6779902 -2.8542285 0.41964737 1.1248513
322 -2.426927 -1.9792705 -1.2467256 -4.4185357 -2.4424345
192 -2.231946 -0.5910346 -3.6902907 2.9416733 -1.314753
1362 -2.2567778 -0.593191 -3.8399568 3.0395615 -1.007313
797 -1.7990701 2.0597155 -5.397346 -1.1932806 0.6307032
526 -3.0141008 -1.2544537 -1.6655242 1.4199549 -3.9957504
1207 -3.564761 2.4331875 -2.4891465 -2.630532 0.73142433
975 -3.1493876 -3.2018776 -2.2506678 2.9693964 -1.7612028
1409 -5.2127366 -2.1578526 0.26503196 -1.3204826 1.7218285
1091 -0.46682432 -1.0104797 -5.444491 0.44664058 -2.40982
1377 -2.798924 -3.0731106 -1.0522459 -4.117567 0.40051413
452 -2.7597985 -5.0719714 -1.4936801 0.78215694 -1.3234589
1410 -5.119326 -2.095175 0.23897773 -1.3484225 1.7761489
1155 -3.3573875 0.85134995 -1.2641752 -2.9616196 -3.6921797
457 -2.7422638 -5.0255013 -1.4683037 0.76231134 -1.3157758
1293 -2.7720268 -3.0242069 -1.0969707 -4.173829 0.37078935
52 -3.2387521 -2.0249364 -1.2262363 1.6324273 1.4863398
794 -5.0265946 2.359921 -2.073857 1.5585533 -0.49873593
287 -3.416955 -2.9081566 -0.11252759 -2.8516686 -2.9812963
793 -4.970314 2.3240998 -2.0675032 1.5027139 -0.46991867
1288 -4.3122144 0.6773001 -0.6533616 -4.2838283 -0.46622884
1250 -4.7444243 -0.067475766 -1.5176954 2.9211948 -1.9237826
462 -3.228316 -3.5708625 -1.4268067 -1.2336422 2.5918975
1414 -2.8259325 -3.5231514 -2.829792 2.9654388 -0.8265574
128 -1.996796 -4.7642355 -1.7691649 -1.5839438 0.29958266
1022 -1.9263793 -4.7179036 -1.8435904 -1.5986531 0.37954605
1275 -4.2684803 0.39409244 -2.6592214 -0.35690486 3.440272
389 -2.9874272 1.8630176 -3.7046268 1.6899126 -2.5296366
795 -1.7777541 2.0658479 -5.286653 -1.2207038 0.60657996
974 -3.1231453 -3.1756918 -2.1253064 2.8663378 -1.7812722
1292 -2.7522285 -3.0922894 -1.0516636 -4.150657 0.320247
502 -0.95390254 -3.976496 -2.981041 -1.5599265 0.319278
1278 -3.3229413 -2.146241 -0.58075416 0.88978285 -3.3733232
324 -2.327805 -2.0198388 -1.2599567 -4.3304195 -2.3471751
1478 -4.24472 2.6328256 -2.78699 0.51833194 1.0471455
1469 -3.7791078 -3.3030906 -1.0024137 1.4763224 1.2665509
1290 -4.292915 0.6329267 -0.5909723 -4.2857375 -0.52297664
1130 -2.7560456 -2.1259844 -2.7606351 2.0898492 1.790943
388 -3.0745106 1.9017011 -3.7581959 1.7387239 -2.4786808
431 -2.213546 -0.34553042 -1.6361916 -0.4358362 -0.45439282
1023 -1.9277933 -4.702788 -1.8012391 -1.5630194 0.2863828
1477 -4.2416143 2.6218638 -2.7696385 0.4819859 1.0184625
826 -5.609408 1.2296544 -0.16916591 -2.0009851 0.65945834
792 -4.94985 2.34196 -2.070057 1.5053737 -0.47547504
1251 -4.6637764 -0.04438803 -1.4893795 2.8697865 -1.8881519
460 -3.1902018 -3.572542 -1.3964757 -1.2615801 2.509822
780 -5.1634636 -2.1746004 0.27965763 -1.3436977 1.6822082
1138 -1.8452607 -0.7062157 -3.93301 2.3962548 -2.6409597
490 -1.1277679 -1.4286065 -4.5014253 1.688402 0.5627853
83 -3.2159822 -3.5424318 -0.40979072 -3.6041777 -0.011551431
515 -0.5529633 -3.327891 -2.8172848 -1.9670173 0.2018872
1228 -3.4193778 -1.816432 -1.3202282 1.4390103 1.9073389
699 -1.7214885 -3.673019 -2.8061268 1.2545311 -2.9958715
1180 -1.9797208 0.9736614 -5.327873 1.7668946 0.393695
781 -5.12249 -2.0945635 0.2520774 -1.363428 1.771264
289 -3.2512186 -2.8403246 -0.08934217 -2.8065147 -2.8631802
318 -2.1371229 1.3976053 -3.4385066 -0.24841732 -3.599042
461 -3.1070683 -3.5123405 -1.37421 -1.2278994 2.4354677
167 -1.9581655 -2.366776 -1.9736758 -4.396387 0.39205304
1009 -2.2968926 -0.7770217 -1.664699 -0.5894736 -0.26130518
1021 -1.8605542 -4.6486306 -1.8053508 -1.5108155 0.25621447
1074 -4.914793 -0.37330455 0.29790026 -0.23405132 -2.9443698
1415 -2.8271174 -3.4328818 -2.864763 3.0004098 -0.7180416
929 -3.2993464 2.6701233 -2.8458002 -0.18262826 -2.3459504
977 -1.5223068 -2.8955772 -3.516002 0.4552108 1.9992942
700 -0.8408762 -2.383799 -4.003441 -2.0576148 1.7470062
1432 -5.504704 -0.1462737 0.26869074 0.8896588 -0.47448084
763 -2.2009706 -1.4553679 -2.7222657 1.3318839 2.1539452
1413 -2.758355 -3.4159615 -2.7748985 2.9377587 -0.70297515
1245 -4.6389227 -0.06386944 -1.4475424 2.923734 -1.9159721
1170 -1.9503583 0.6035292 -3.552648 0.59323144 -3.7929924
1235 -4.558678 -0.12284778 -1.4699298 2.8579676 -1.8136703
1181 -2.0066144 0.9796456 -5.218531 1.7992536 0.4321241
1236 -4.5065365 -0.13060345 -1.4056523 2.8172426 -1.8062263
495 -5.132934 -2.0681117 0.27660325 -1.3078973 1.7181529
1586 -2.6190357 -1.0091556 -1.5631542 -0.55615383 -0.35714516
841 -4.259788 0.46991134 -2.5141337 -0.4054146 3.365211
1468 -3.68056 -3.291473 -0.93860173 1.4545842 1.2392035
1562 -1.9600251 2.3519943 -4.646744 -0.91729563 0.06986094
413 -5.2056575 -3.005716 0.4358945 0.7599291 -0.36261967
1587 -2.7933078 -1.0584021 -1.7013537 -0.6308501 -0.30555966
550 -2.206307 -0.67043835 -4.3065486 0.7713925 2.7385347
1470 -3.6403918 -3.2272909 -0.94911724 1.4607326 1.2244847
595 -3.96274 0.87625325 -3.0822632 2.1447647 1.6840942
1088 -0.59673464 -2.9684756 -2.435192 -1.7279835 0.4990982
819 -1.8948964 0.58389556 -3.512117 0.57704014 -3.7197273
81 -3.2128253 -3.4883554 -0.36317018 -3.551687 -0.007699209
1550 -3.084847 -1.6643523 -1.6665506 1.4843087 1.9886338
325 -2.223323 -2.016802 -1.3333908 -4.2219386 -2.316804
702 -0.8615794 -2.3944998 -3.9190042 -2.0381672 1.71624
494 -5.0700045 -2.0857453 0.26631734 -1.3210884 1.7129644
1418 -3.285679 2.7229128 -2.928425 -0.19589262 -2.3304594
226 -4.8199277 -0.38673827 0.24478549 -0.15067852 -2.9701176
1125 -0.5798773 -3.2781055 -3.7761288 -0.924747 -3.026215
842 -4.132224 0.4394162 -2.467093 -0.37181967 3.2674165
1045 -2.235623 -0.81066626 -1.5788418 -0.6686861 -0.26036468
894 -3.55232 -0.12659314 -2.2154262 2.4134917 1.1957496
1255 -2.2761729 -1.0246383 -4.010167 1.1290358 2.6670868
406 -1.9291741 -2.381647 -1.9565479 -4.30609 0.36569077
252 0.07173466 -1.8676949 -4.3976088 -1.9221649 -0.58941984
736 -1.4037595 -3.6316395 -3.2185664 -0.6143669 1.7208165
421 -2.0281262 1.3850837 -3.3673139 -0.302767 -3.546414
1425 -3.0567615 -1.6424229 -0.69519925 -2.572527 -3.9966323
464 -4.0858045 -1.6329234 -0.78191733 1.4973091 1.6351972
444 -1.6682992 -3.5385804 -2.6546414 1.2842194 -2.8940616
269 -1.609634 0.72089285 -5.181743 1.3348309 0.47084013
944 -1.6234708 0.7301809 -5.132955 1.3233336 0.50969076
1342 -0.52457994 -2.9878252 -2.970382 -0.29789004 0.20728962
1357 -2.4147768 -3.0629005 -1.0278465 -0.4156221 -3.6104102
48 0.1364538 -1.7665883 -4.776491 -1.8945488 -0.73976374
1424 -3.0204124 -1.6085654 -0.72781926 -2.5854974 -4.0046673
73 -3.180208 -0.5813724 -2.0231972 1.6912439 -4.0598474
1481 -0.86928946 -2.4276502 -3.7553654 -1.8448414 1.7271669
432 -2.3067923 -0.2680307 -1.6620908 -0.39978176 -0.51441675
513 -0.5149712 -3.2025466 -3.7385364 -0.9957475 -2.8703418
737 -1.3836263 -3.568808 -3.2764425 -0.57018393 1.7202926
1118 -4.1355762 -0.78275496 0.3321363 -3.3124313 -1.7067441
1460 -1.1105847 -3.5146172 -1.968778 -1.6379131 0.6482536
671 -2.4991827 -0.73701 -1.9672412 -0.44584864 -0.36904424
187 -4.2889256 0.035740893 -1.2776642 -2.2125175 2.8468692
273 -4.462596 1.6498412 -0.5645912 -2.9058409 -1.4566866
157 -1.4698148 -3.7872424 -3.2823195 -0.4375285 1.7543675
274 -4.400998 1.6487982 -0.5625119 -2.8148746 -1.4274447
1226 -3.957884 0.09741737 -0.5158535 -1.0621258 -3.8778608
224 0.099618345 -1.2371361 -4.446504 -1.5726521 -0.92010707
1345 -3.891842 0.05241342 -0.53018016 -1.0286927 -3.914906
1137 -1.7889539 -0.7378471 -3.827579 2.3270473 -2.5928276
188 -4.1496205 -0.003962157 -1.2445107 -2.2089775 2.7501104
75 -3.1256583 -0.5759761 -2.0121691 1.6568886 -4.004915
1482 -0.89317673 -2.390935 -3.810547 -1.8830996 1.7924004
158 -1.3628212 -3.6164322 -3.381036 -0.37168497 1.6893871
435 -0.5113461 -3.1880379 -3.666442 -1.009402 -2.8522952
306 -1.0067503 -0.86893314 -4.4239726 1.5360423 0.4532671
131 -1.9049562 -1.1407248 -1.0419042 0.73890877 1.6161166
233 -1.5740368 -3.3919182 -4.0734153 0.6694473 1.8736216
1195 -1.0536168 -1.6136314 -4.2036014 1.7284572 0.52140105
861 -4.125979 -2.2675214 -0.1621276 1.5485817 -2.2632244
359 -3.8521624 2.936421 -2.1854503 -1.1494117 -1.7282763
610 -2.3809347 -0.11120164 -3.7125027 2.8028786 -1.5423021
759 -1.1104705 -1.4662356 -3.6000786 1.4192204 1.0419245
74 -3.0503929 -0.5539371 -2.026 1.7088648 -3.9259317
1028 -3.050926 -2.0989141 -0.63409483 0.8318245 -3.1784194
234 -1.5859742 -3.4560022 -4.033401 0.63605183 1.916014
310 -1.1412475 -2.5431259 -3.6319077 -0.6696605 2.0550861
1314 -3.9156892 -3.5354176 -0.58172834 1.3102169 0.81391275
346 0.09713257 -1.8994284 -3.6400049 -1.6958412 -0.3078301
114 -2.734648 -3.3021967 -2.677882 2.8171082 -1.0150996
222 0.043647487 -0.89008194 -4.3755956 -1.1401721 -1.1462016
1227 -3.8084235 0.08447904 -0.5719406 -0.914696 -3.8130374
548 -2.0204837 -0.710901 -4.171168 0.79250854 2.5308454
963 -1.0450716 -3.2955952 -2.1101744 -1.7224548 0.7758255
738 -1.6492573 -3.7881923 -3.3985431 0.52767545 1.6539227
15 -4.4795923 -2.7058156 0.83331144 -1.2737367 -1.6268318
1221 -0.8906045 -3.358475 -2.605884 -1.119022 0.7895024
862 -4.1269407 -2.2775395 -0.20559289 1.5323901 -2.2875125
1316 -3.969063 -3.5631645 -0.5971367 1.278603 0.8200903
1229 -3.3379688 -1.8120682 -1.2523984 1.4072436 1.7266968
675 -1.9198104 -4.1180115 -3.0808713 1.0271475 1.1021992
762 -2.2813976 -1.4881215 -2.6514227 1.3777802 2.247617
1416 -2.9633718 -2.7726278 -1.7642261 -1.0188991 2.9776318
776 -2.4802527 -1.5818739 -3.3277767 1.4694674 2.452151
1177 -0.67299557 -2.7833393 -2.9970608 -1.2588252 1.1525823
479 -4.38245 -0.08509488 -1.4072012 2.7277448 -1.7991077
1289 -4.023012 0.5816043 -0.56304914 -4.0303574 -0.48904195
533 -4.3975434 2.0519133 -1.0283349 -0.4562259 -2.4474506
656 -2.652745 -2.3681486 -2.8576314 2.2958126 1.3440204
1029 -3.063656 -2.136482 -0.64034295 0.8686792 -3.215529
1196 -1.1058245 -1.5032539 -4.2444305 1.7760683 0.45268512
14 -4.357478 -2.58615 0.8027418 -1.3017113 -1.6903965
587 0.0797806 -1.9146713 -4.793444 -1.922622 -0.72710073
1313 -3.969841 -3.475075 -0.5276297 1.3158851 0.7395049
1083 -1.4120024 -2.8476336 -3.738087 -0.12097948 2.1645784
653 -2.6700203 -2.3503065 -2.8115613 2.2555835 1.421392
908 -1.3810023 0.35909674 -4.7591925 1.3228711 0.4988317
986 -0.53245616 -0.93941474 -5.121989 0.52708244 -2.454678
839 -2.8647351 -1.6353322 -1.5595049 1.399979 1.8384804
369 -1.0033678 -2.587553 -4.1071386 1.6391997 -2.164031
549 -2.1496165 -0.73294276 -4.140021 0.75294954 2.670505
1579 -2.1462944 0.5967406 -3.849813 -1.5213877 2.6625388
784 -2.115603 0.5168027 -3.8635445 -1.60318 2.6305857
404 -3.7398033 0.7839555 -2.8265264 2.0892591 1.5177262
1358 -2.3071952 -2.7872844 -0.9178289 -0.3563039 -3.4527822
592 -1.7251922 0.7442578 -4.876088 1.6379743 0.3748051
1197 -1.1368922 -1.6122946 -4.108042 1.7473489 0.4908903
1574 -2.064195 0.59100866 -3.7737308 -1.4939525 2.5647733
1385 -1.6956747 -0.74334604 -3.5811136 2.2854145 -2.3426826
200 -1.0009131 -2.57624 -4.1219354 1.650765 -2.1129224
1082 -1.3731778 -2.735423 -3.6573343 -0.14391182 2.1681004
720 -1.9826103 -0.64350104 -1.6056945 -0.5016934 -0.4568116
501 -0.9523692 -3.7687163 -2.620916 -1.4961303 0.3213272
1384 -1.7256587 -0.6732563 -3.6294456 2.3292403 -2.3401375
488 -3.3527703 -1.5562537 -1.3842529 1.4904875 1.8047538
1346 -2.3718925 -0.7212348 -1.838445 -0.44094416 -0.24109288
808 -2.1787102 2.479435 -4.021953 -0.43639398 -0.2973352
1016 -2.0907824 2.4104915 -3.908531 -0.38596436 -0.29264873
23 -1.0046881 -2.6039588 -4.173389 1.6191609 -2.1607199
1344 -0.58764124 -3.3777587 -3.489996 0.19106117 -0.21607095
629 -2.119232 0.52935714 -3.767507 -1.568279 2.62062
1504 -3.5146534 2.2150233 -2.3710175 -2.0126011 1.492292
44 -2.0308483 -0.37709165 -3.4922414 2.666698 -1.1691085
955 -1.6482086 -0.60803443 -3.5039406 2.218794 -2.2804244
1039 -0.9527335 -0.96889144 -4.6251335 1.3722029 0.5553163
342 -0.34939376 0.15298156 -4.7160454 -1.1974586 -1.5025942
217 0.10269857 -1.5613724 -4.2218213 -1.6517386 -0.7110173
1343 -0.5793817 -3.4953957 -3.4566953 0.17166457 -0.19937412
1270 -2.0873265 -1.8742568 -1.1346047 -3.891723 -2.107655
503 -0.860416 -3.5985043 -2.5764391 -1.5351219 0.26244336
254 -3.2478547 2.2071962 -2.1706212 -2.2903764 0.7594705
1411 -2.148076 -3.0515997 -0.95674604 -0.59395605 -3.3212578
1040 -0.91037536 -1.0945938 -4.624148 1.3809149 0.48984286
1398 -1.3059529 1.2582542 -3.8545198 -3.289123 -0.051486958
119 -1.4054545 -0.9703858 -2.7001057 -0.45925832 -4.1068716
926 -4.415126 0.396668 -0.21994217 0.6293098 -2.6578474
1454 -2.4779167 -0.77576685 -2.070722 -0.62102103 -0.2607981
863 -2.618245 -2.3986197 -2.815975 2.260109 1.2850856
1295 -3.6770384 -1.7913337 -0.86669457 1.8414894 1.0404682
474 -0.3850397 -0.8262298 -4.910768 0.22382124 -2.1049135
945 -1.4577479 0.6372463 -4.8289137 1.2140309 0.44608492
1303 -2.6918476 1.8066325 -2.127418 -3.219594 -1.8157687
331 -1.265128 -3.1721938 -2.0229259 -2.007627 1.2680335
184 -2.692003 -2.6797423 -2.2412484 2.7169142 0.013744067
255 -3.270762 2.2006972 -2.1644971 -2.2734447 0.7311499
585 0.068150185 -1.8230277 -4.522445 -1.9023193 -0.7333116
991 -2.8322022 -2.85556 -1.9834911 2.725086 -1.5786462
575 -0.55732477 -3.27184 -3.390579 0.28662986 -0.28886566
1304 -2.691972 1.8299251 -2.1334107 -3.2278018 -1.8394927
1318 -3.202723 1.7994893 -3.4508417 0.2520085 1.9772048
946 -4.6425595 -1.5303906 0.30358025 -0.7948858 1.6459628
304 -2.2399523 -2.8479319 -1.5069171 -0.9148604 2.1845841
1451 -0.6019442 -3.3237176 -3.5204206 0.3225393 -0.31062365
1178 -0.41047153 -2.9641006 -3.0460994 -0.3016148 0.14842117
417 -3.4278975 0.108273484 -2.3959599 2.4603205 0.9701945
864 -2.515214 -2.3679047 -2.8034663 2.2781448 1.2509834
1092 -0.34455964 -0.81374866 -4.748428 0.30635002 -2.0572667
576 -0.5845687 -3.317403 -3.4837222 0.28211394 -0.23072602
1350 -2.5068426 2.5348864 -3.6673336 0.16314226 -0.41435084
1189 -3.3343756 -0.021650566 -2.6442392 2.7601914 0.58265483
1348 -3.9926965 -1.9454557 -0.5765679 1.8707755 0.73260367
31 -3.2253492 -0.48605183 -1.7104714 1.761228 1.6297711
476 -2.0711384 1.0780928 -3.0422442 0.37853435 -3.4878187
345 0.033601567 -1.7410781 -3.8727162 -1.6999177 -0.4603541
586 0.06528311 -1.7099285 -4.523006 -1.8117781 -0.6925661
466 -4.0579605 -1.754986 -0.66348416 1.3755702 1.4841002
1312 -3.7553992 -3.3249896 -0.4368777 1.1368659 0.6820158
32 -3.2633994 -0.5403192 -1.757701 1.8659549 1.6285664
1351 -2.4790244 2.5057707 -3.602185 0.17968282 -0.4098942
701 -0.8698043 -2.144221 -3.6013987 -1.9650093 1.7176487
1257 -3.1151528 2.1254098 -2.1234682 -2.3291745 0.66110504
1036 -2.3591692 -0.52435076 -1.7642579 -0.49687225 -0.53358966
598 -2.2374582 -0.7142868 -1.7849438 -0.5345219 -0.30276453
1347 -3.9097528 -1.949291 -0.5948708 1.8377061 0.7229865
152 -0.7835129 -3.150942 -2.3953285 -1.4357822 0.7297759
1141 -3.5906618 1.3665555 -1.5027969 0.9553253 -2.8052545
865 -2.4789233 -1.8364507 -2.1749806 1.7043731 1.6413573
1263 -3.8399646 -1.9470152 -0.6711137 1.8347057 0.8436176
1352 -2.404167 2.5214999 -3.5980825 0.119408935 -0.44427234
1349 -2.4657712 2.5709734 -3.6101754 0.13478754 -0.4801254
948 -4.530557 1.9899162 -1.1181129 -0.021440176 0.41688418
643 -3.511318 -0.06746858 -1.0317647 -2.6836853 2.0790913
80 -0.95090693 -1.4469528 -4.011557 1.5306327 0.543694
1381 -2.7392397 -0.75046396 -1.6388397 1.3842716 -3.6215782
1283 -0.1444128 -0.33379024 -4.386187 -1.0798686 -1.4386786
1008 -2.9917793 -1.9608245 -1.2328812 1.706586 1.2656672
922 -0.4931949 -2.9291353 -3.3993127 -0.8203777 -2.7921698
440 -1.3682035 -0.94976157 -2.6025355 -0.48939034 -3.9973786
1561 -0.17082377 -0.26533937 -4.4393387 -1.0855154 -1.4354726
276 -3.616101 0.7355564 -2.7560272 1.9763396 1.5181447
788 0.046098057 -1.9310507 -3.0358517 -1.5548817 -0.19695619
1089 -0.47507188 -2.9268124 -2.7686732 -1.9488038 0.07796167
1176 -2.8834429 -2.1963177 -0.50920725 0.53299147 -2.9662125
859 -1.3592019 -2.8668036 -2.826123 1.3735042 -2.7280486
79 -0.96455944 -1.4111769 -4.111738 1.5614672 0.51331174
414 -0.5373895 -2.8410106 -3.2465897 -0.7713387 -2.7074347
1175 -2.8742774 -2.1392496 -0.44781712 0.5056799 -2.9921603
465 -4.0003395 -1.7281429 -0.6264096 1.3500496 1.4655136
1417 -2.8208964 -2.582393 -1.6484758 -1.0703714 2.8186824
918 -1.1239494 -0.5346669 -2.5810182 -1.6649678 -3.7030978
370 -0.9681354 -1.2795289 -3.9553144 1.4474797 0.6567933
1505 -3.3227048 2.0619698 -2.2617197 -1.804123 1.5980934
347 0.050622184 -1.7386146 -3.9065762 -1.6420693 -0.61627114
867 -1.0324031 -1.456893 -4.2060895 1.481765 0.63544697
674 -0.49021897 -3.05016 -2.7464893 -1.8961633 0.15901472
940 -1.9808841 1.0102787 -2.9897432 0.3902769 -3.3420687
646 -0.9794462 -1.2553611 -3.9087458 1.4129109 0.6447442
866 -1.0004435 -1.4884315 -4.1404734 1.4688998 0.59253347
1506 -3.3747342 2.0915506 -2.2926302 -1.955568 1.5039037
317 -2.3835313 -2.7821913 -1.4430314 -0.7274959 2.2169476
1129 -2.5735514 -2.6969929 -1.8436282 2.4831212 -1.4913205
1389 -3.0282593 -0.9869582 -2.4218235 2.9199805 0.39702275
1122 -1.0194715 -1.3188463 -3.6861668 1.4585328 0.6086144
65 -1.6596572 2.0136797 -3.9910767 -0.7154532 0.15108941
1086 -0.46642804 -2.9416063 -2.657687 -1.9380964 0.06930738
1588 -2.657952 -0.7012273 -1.62266 1.3860484 -3.5254467
760 -1.8826813 -1.4271827 -2.4396436 1.3047274 1.7737664
1508 -3.3145769 2.0678208 -2.180933 -1.9080302 1.5001243
1507 -3.275758 2.0138462 -2.2427292 -1.776279 1.5245327
853 -0.9942858 -1.2481251 -3.832753 1.4691379 0.6281365
1282 -0.12127199 -0.24677466 -4.307694 -1.1178181 -1.3552178
514 -0.53337 -2.9372826 -2.4784613 -1.7380476 0.29671982
1551 -2.848251 -1.4837445 -1.3957863 1.263438 1.7824327
13 -4.059535 -2.539546 0.7614918 -1.21789 -1.4947394
1123 -1.1363232 -1.1788787 -3.133996 1.3134109 1.2507691
1163 -2.3780315 -2.9469576 -2.2796724 2.4850416 -0.91050315
1121 -0.95008755 -1.276595 -3.7460806 1.472903 0.61474174
964 -0.8794837 -3.1400263 -2.0687878 -1.7088115 0.6251834
326 -3.1217654 -0.30812383 -2.4044788 2.7036395 0.46770105
1498 -2.60906 -2.8242316 -0.29720193 -2.974978 0.012433182
972 -0.6697031 -0.18015443 -4.7648396 -0.98338693 1.1604705
489 -3.1348634 -1.4948558 -1.2784619 1.4336976 1.6856549
1461 -2.663483 -2.0982287 -2.2155595 2.5241868 0.5970502
989 -0.6616604 -0.15835255 -4.7252812 -0.9130684 1.1591474
1532 -2.4607477 -1.3038002 -0.63076323 -2.2190273 -3.3365297
1024 -3.1973252 -2.2315385 -0.8410099 1.3943394 1.1767503
50 0.055091374 -1.4956105 -4.3935394 -1.6777993 -0.6243226
1256 -2.9618468 2.0659866 -2.0105433 -2.2148812 0.6281025
344 -0.26204222 0.12182164 -4.2191854 -1.0649709 -1.43078
429 -1.9305556 -0.52189386 -3.3816452 2.5646503 -1.1866059
49 0.06316069 -1.6054306 -4.378202 -1.7351655 -0.7005947
1025 -3.2633057 -2.1488857 -0.79349333 1.3942763 1.2041471
1046 -3.7947137 -0.040451728 -1.2133782 2.3664093 -1.5988516
1281 -2.8620603 -1.7761668 -0.47396168 0.8577084 -2.7571883
256 -2.969298 2.0485497 -2.0327265 -2.106416 0.69218475
1055 -1.1263357 -1.9437773 -1.991253 -3.6382594 -0.75134116
1419 -2.1143165 -0.71912783 -1.5885414 -0.5445532 -0.4086396
1280 -2.7354915 -1.7493353 -0.5077469 0.8368739 -2.746084
246 -0.42340395 -2.6746385 -3.1597729 -0.84198266 -2.5073082
1536 -3.4469492 0.37417713 -2.039344 -0.30934754 2.7271717
1560 -0.09784177 -0.24662714 -4.1634345 -1.1436785 -1.3137218
47 0.07686376 -1.5144788 -4.273027 -1.7164322 -0.64594126
739 -1.4840266 -3.4488933 -2.8193042 0.7045153 1.0583959
1497 -0.6580456 -0.17446125 -4.633288 -0.9104755 1.0853169
297 -0.60237104 -0.20799756 -4.5847707 -0.9431127 1.084697
450 -0.5989304 -3.167615 -3.128984 0.3908501 -0.57593423
1509 -3.0720441 1.9486355 -2.0634637 -1.7190851 1.354646
77 -0.8640105 -1.2862684 -3.7041433 1.4556237 0.4448016
442 -1.4325082 -3.3232858 -2.768665 0.7621457 1.0963221
1553 -2.9066777 -1.7645925 -0.3981851 0.9198265 -2.5754302
1230 -0.39186943 -2.6601162 -3.1164274 -0.8043173 -2.440499
241 -2.0287201 -0.013082762 -1.693896 -3.6144917 0.6480804
1030 -1.751122 -0.5920403 -3.3948102 0.6395142 2.203201
240 -2.020607 -0.08805683 -1.6455281 -3.5708456 0.68476593
538 -4.4300857 0.30873185 -0.6262864 0.29656863 1.6624026
185 -2.2741554 -2.4926162 -2.1292353 2.4445384 -0.23467138
242 -2.2570224 -0.1353313 -1.3164834 -0.85985845 -3.770549
1494 -1.1731066 1.0051564 -3.6122618 -2.8310475 0.074365206
57 -2.813275 -2.143843 -0.9184019 1.8015254 0.5780886
8 -2.351332 -1.2903407 -0.6131669 -2.1550858 -3.2357833
1305 -2.2455275 1.6079129 -1.8211806 -2.6770723 -1.6364005
378 -3.3949351 -1.7868602 -0.59871024 1.6009766 0.8771812
1363 -1.6050508 -0.39440444 -2.9461284 2.2449393 -0.9980626
58 -2.7932732 -2.0152812 -1.1003741 1.8954718 0.64993393
491 -0.85598737 -1.1162798 -3.7854843 1.3017292 0.4611949
1492 -1.1301383 1.0035049 -3.4682302 -2.7844102 0.05852123
1081 -0.5610341 -3.1662803 -2.958859 0.12393524 -0.17848021
1455 -3.571086 0.02413144 -1.171339 2.2468414 -1.437441
116 -2.5433943 1.4946669 -2.665341 1.6046423 -0.7120518
596 -1.9373195 -0.15408689 -2.4015603 2.3075297 -0.36840084
223 0.09013533 -1.2418295 -3.7751276 -1.5149367 -0.6959044
1514 -2.7912097 1.8888161 -1.8633851 -1.899044 0.91727936
1268 -0.5183755 -1.0909162 -2.8429885 -3.02823 -0.8264714
1041 0.0920139 -0.918477 -3.5417316 -1.3419718 -0.7825627
1549 -0.80641145 -0.6930588 -3.8715057 1.1619616 0.44926512
499 -2.2275617 -2.1605408 -1.2507912 -0.8172557 2.1879375
485 -2.8214338 -1.4850508 -0.9510773 1.2439021 1.3643575
1279 -2.4579496 -1.53775 -0.52296275 0.761879 -2.4964144
1182 -2.164425 -2.4024036 -1.2289258 -0.7669922 2.003651
686 -2.761007 -1.8293176 -0.006320993 -2.74851 0.28092173
1027 -2.5641212 -2.2270799 -1.3607163 -0.88560295 2.466084
336 -1.5934038 0.42363927 -2.9491684 -1.1644859 2.0538313
163 -2.1484537 -2.549841 -1.1431345 -0.88954127 1.9586635
677 -3.5618863 1.8079423 -1.5339357 1.0135065 -0.2788903
640 -2.2076945 -2.61121 -1.1595196 -0.9303477 1.8783098
641 -0.81758666 -1.0388871 -3.2599216 1.2337108 0.5253904
745 -2.24993 -1.6465886 -0.56469345 0.6206705 -2.6365652
364 -1.7846274 1.9436276 -2.899223 0.015760168 -0.2764782
1529 -2.6458967 -1.412756 -1.0726225 1.2954843 1.4108963
1341 -0.7675337 -2.7607415 -1.8374422 -1.5875367 0.39560983
113 -1.9534357 -2.3909545 -1.917102 2.1391647 -0.83663785
365 -1.7320261 1.9144711 -2.9061205 0.054364815 -0.36198264
90 -2.15101 -1.7136407 -1.8866078 2.0696826 0.62358314
1322 -2.0285149 -0.9080705 -1.1892551 1.0000966 -2.7850692
1172 -0.7535905 -1.0473224 -3.1888394 1.174822 0.61184466
933 -2.3017523 -1.7193332 -0.36487612 0.5488999 -2.409681
1239 -2.2086096 -1.2653795 -1.9301498 2.3305788 0.27863485
1359 -1.8542923 -1.8112918 -0.57790565 0.20010132 -2.557147
546 -2.2814305 -1.0938932 -1.8894355 2.269807 0.28831142
692 -0.24828918 0.1782143 -3.594465 -0.91759384 -1.2362366
1448 -3.7348638 -0.06891166 0.27614906 0.55387545 -0.35169718
1554 -2.4014616 -1.4132448 -0.2958901 0.81765926 -2.1594808
999 -2.4191866 1.6791387 -1.5907917 -1.7790716 0.5665773
1555 -2.3561628 -1.5144784 -0.27549884 0.7983122 -2.086428
492 -0.7266896 -0.8202922 -3.2577887 1.1463753 0.3842278
729 0.079302296 -1.1298844 -3.2828894 -1.2864342 -0.5549493
135 0.098240696 -1.0867041 -3.2159014 -1.3334458 -0.5746129
934 -1.9982905 -1.6336777 -1.6268868 1.8991512 0.51582223
1412 -0.84741783 0.11389033 -1.9363567 -2.5925684 -1.4406469
493 -0.6701803 -0.77503943 -3.0941465 0.99849045 0.503113
251 0.102479815 -0.90160584 -3.056651 -1.139545 -0.56874484
1452 0.10500113 -0.8698362 -2.8940115 -1.2166023 -0.61582065
363 -1.4848717 1.6610076 -2.512569 -0.025393791 -0.23599255
685 -2.1615052 -1.6623287 -0.6467276 1.3243798 0.44358692
1005 -0.2897224 -0.13191716 -1.050237 0.31002903 0.20752814
527 -0.626961 -0.32149217 -0.23457967 0.2802215 -0.7172823
120 -0.5465099 -0.2983177 -0.7628986 0.3102962 0.5086834
