1461 5
119 -1.1251665 0.14075807 1.7309667 2.2592201 0.4990442
83 -1.0990474 -0.6624817 1.7014257 -0.6376289 -1.9999449
44 -0.43252832 -1.6204374 2.0240762 -0.98017275 -1.9761513
31 -0.858015 -1.8010148 1.435756 -0.72725505 -2.3865435
81 -1.0966643 -0.6635158 1.7800933 -0.64063185 -2.005978
32 -0.79900897 -1.7700003 1.3983774 -0.6899065 -2.3443828
75 0.3334908 -2.8928568 0.79733944 2.2809076 0.9555204
73 0.37008613 -2.9788535 0.8044006 2.4944286 0.9436064
74 0.38241234 -2.9333844 0.8054367 2.3191326 0.9095778
163 -1.8693445 0.09517137 1.7079812 3.18371 0.04598991
50 -0.06353023 -2.5726695 0.4513846 2.6738586 0.069667555
95 -3.7562368 0.03270968 1.1109779 1.1182357 2.4306061
98 -3.7823489 -0.06400803 1.0538677 1.0279478 2.469361
47 -0.13773051 -2.4915757 0.3863345 2.5861125 -0.005337417
49 -0.06623992 -2.5005488 0.39030126 2.465892 -0.01582328
100 -3.8564613 0.056806803 1.154807 1.1339141 2.450236
153 -0.22918367 -2.2950084 0.07813866 1.6436747 0.45714724
113 -1.3604627 0.25608504 1.7057589 2.3214903 0.50642025
23 -1.4806892 -0.6389733 1.6936872 -0.7871905 -2.0872881
58 -0.57690287 -1.3368775 1.5906897 -0.800174 -1.796398
80 -1.1953533 -3.4494255 -0.08173299 3.2285008 1.695614
88 -4.154751 -0.12536475 0.41681632 0.52548194 0.8118573
77 -1.1542938 -3.5155983 -0.09801 3.1918707 1.6181326
79 -1.2235092 -3.4901206 -0.15501557 3.125171 1.6529766
8 -1.2177284 0.156152 1.7209414 2.3949988 0.3277211
120 -2.1149578 0.36314127 1.9281902 2.9469216 -0.29172352
61 -0.96955186 -0.89164525 1.5352925 -0.28845128 -2.1802726
128 -1.4172525 0.9734193 5.154334 0.45755634 1.4262007
224 -2.378236 0.5368939 5.358386 -1.5456151 0.39121604
130 -0.7604502 0.090870984 1.9970154 2.0640104 -0.2818445
66 -1.0502648 -0.80930215 1.4900165 -0.19874252 -2.1554523
43 -0.7793347 0.08869546 1.9187137 2.02834 -0.3118981
27 -1.0512965 -0.8787149 1.4666944 -0.2690575 -2.1577919
68 -0.93423456 -0.8486339 1.5085576 -0.32114214 -2.1048374
129 -0.75735265 0.07473568 1.9123007 1.9599375 -0.30730835
22 -0.9745568 -0.9053519 1.5177817 -0.289123 -2.1403732
137 -0.7222437 0.023160936 1.9445095 1.9962893 -0.32720518
112 -0.7499181 0.05640028 1.964658 2.050049 -0.24648456
59 -0.98510206 -0.8692442 1.4542654 -0.25745213 -2.131998
21 -0.9991797 -0.81545556 1.5240426 -0.2189285 -2.164113
7 -3.745853 -0.16003905 0.3641807 0.5084619 0.9368866
16 -0.9805062 -0.9043323 1.4540497 -0.24968238 -2.131865
18 -1.0219845 -0.85387397 1.557794 -0.28736255 -2.1893356
20 -1.0022641 -0.85071456 1.4086425 -0.25046664 -2.1213853
28 -0.97760147 -0.92025024 1.5461879 -0.3524429 -2.198259
111 -0.776943 0.08754208 1.9125141 1.9823216 -0.30277106
67 -1.0174886 -0.87225616 1.4953822 -0.32277212 -2.148229
29 -0.9757846 -0.8734467 1.4984305 -0.32021263 -2.1183386
138 -0.74778205 0.034740467 1.965466 1.9547029 -0.37432113
42 -0.74030125 0.026212765 1.9341116 1.9825606 -0.2524411
17 -0.9963324 -0.89784443 1.5129212 -0.2807975 -2.1630273
262 1.9369733 -4.7924204 4.9489365 1.8562766 -0.42699188
60 -0.9897028 -0.8609655 1.5001669 -0.30460063 -2.1141791
165 -0.7363822 0.029058876 2.0285132 2.028766 -0.38200366
160 -0.7930837 0.057879798 1.8823818 2.047548 -0.31906244
164 -0.72815573 0.04439297 2.0015068 2.0009873 -0.37758347
191 -3.1896822 -0.26258585 0.63369274 0.53648925 1.8453318
264 2.0141459 -5.057455 4.7228117 2.2533138 -0.67001665
640 -2.4245386 0.09462292 1.9329679 3.8392572 -0.11311595
109 -0.6613507 0.04703692 1.9824243 1.9952809 -0.3264909
161 -0.7611496 0.081553265 1.9548367 2.066589 -0.27533177
108 -0.7595144 0.076869406 1.9255508 2.0477786 -0.33092734
82 -3.6732337 -0.22131708 0.22500516 0.60135865 0.9201893
70 -0.74071854 -3.1137092 -0.39503437 1.7110668 0.4533649
708 -3.9304836 -0.03420141 1.2336721 1.1509056 2.6521997
135 -1.3455924 0.1975868 1.5477401 2.3501568 -0.00021001037
220 -6.839459 -3.9662957 -0.9450229 -0.88853836 -2.6118495
221 -6.973722 -4.2539306 -1.1381944 -0.61439496 -2.703984
222 -2.0995035 0.4498614 5.269057 -1.4910332 0.44680518
25 -2.2860682 0.857355 4.151722 -0.3458881 1.6953007
15 -0.07301553 -2.7750273 0.22097567 1.9974633 0.33999062
131 -4.5511975 -0.5039764 0.935158 0.19747299 2.580174
1030 -0.35535896 -1.8548204 2.4357684 -1.1479455 -2.1703017
13 -0.10400868 -2.7841733 0.24157588 1.961116 0.40440413
24 -2.4419422 0.8605528 4.1487236 -0.44403931 1.747104
116 -1.2261032 0.29074878 1.8292763 2.112604 0.1297606
11 -0.04233124 -2.9121552 0.25411314 1.9898688 0.47420275
14 -0.05405095 -2.794891 0.23218423 1.9759157 0.43972385
10 -0.038819395 -2.9193478 0.26378167 1.9037554 0.500946
65 -0.5025059 -2.6711416 0.031449743 1.6853746 1.3081167
217 -1.967092 0.54726815 4.7378626 -1.2594321 0.48809978
190 -3.7270093 -0.757322 0.8967664 -0.9988937 2.1744874
118 -0.5238901 -2.9020493 -0.066775255 2.025584 0.104989894
267 -5.074219 -5.3708553 -1.0582206 0.33662644 -3.6075308
269 -5.335098 -5.204592 -0.76606995 0.015856963 -4.069754
90 -1.2792245 0.20577767 1.5676221 2.298687 -0.0334352
323 -1.8871346 0.67626923 3.546984 -0.4540826 1.3225585
184 -3.1968942 -0.023786904 0.57742697 0.6725539 1.507634
976 -4.6998487 -0.1347594 0.48433822 0.7256137 0.878438
252 1.4270368 -3.6090522 3.4123092 1.4108968 1.1178796
218 0.34012088 -3.1257043 5.7117167 -2.1730998 1.7020758
151 -2.1355627 -4.7707033 2.8416364 -4.019845 2.1531718
99 -1.5003467 0.7396422 4.71408 -0.2569934 1.1013955
369 -1.9138848 -0.6026397 1.9676465 -0.90937567 -2.3944206
106 -0.34685802 -2.8711972 0.008656537 1.7851174 0.2450288
309 1.3388989 -3.587368 3.2818906 1.5299218 1.7567239
263 0.41709763 -2.6239467 4.2859135 -1.8629239 0.9600825
114 -0.0024385545 -2.6849036 0.3336901 1.9363588 0.5555427
1 -0.39631444 -2.7019405 -0.057656895 1.7378664 0.31882146
149 -3.661756 -0.06089095 1.0300204 0.96069145 2.2100382
4 -2.9956658 -0.46531305 0.16685368 0.23795636 1.2363592
198 -2.9442039 -0.45092568 0.12849806 0.2230892 1.2025083
1195 -1.4724457 -3.9826853 -0.10283141 3.7703154 1.842361
162 -2.3541775 0.9380076 4.493669 -0.6493943 0.9287629
1196 -1.5154762 -3.987397 -0.15336616 3.661498 1.7172236
278 -4.0425954 -5.0817223 -0.6870097 -0.46507493 3.2189562
197 -2.9605105 -0.4559909 0.1631365 0.23534799 1.2046825
203 -5.2319136 -2.417006 -0.6747924 0.21666954 -2.4109807
303 1.3584342 -3.5296082 3.4481392 1.6920143 1.5669469
2 -3.0136354 -0.502296 0.13185394 0.20457587 1.1802411
277 -3.8604622 -5.1880846 -0.2747476 -0.48667124 3.81316
3 -3.0168738 -0.4467357 0.17211811 0.24365607 1.2191099
6 -2.9440749 -0.40144768 0.22471635 0.19167593 1.2258005
316 -5.3823404 -2.513905 -0.6074712 0.38416606 -2.6924934
64 1.4309442 -3.3030162 3.3293169 1.4441427 0.11059672
195 -3.05871 -0.42463666 0.1700477 0.26073885 1.1568438
199 -3.025764 -0.3714561 0.17692477 0.23548365 1.172922
196 -3.0655448 -0.38488817 0.16613634 0.15745163 1.1402094
186 -4.306324 -2.576193 -0.9539119 0.25840813 -1.4885159
279 -4.561214 -4.32243 -1.3162866 0.37859967 -2.0608528
1112 -1.9919379 -5.7962303 -0.060903832 -1.3180963 1.5941168
63 0.44056585 -2.4547532 4.579804 -1.4662136 1.4320195
1197 -1.4354424 -3.9630828 -0.164379 3.6364691 1.7484888
284 -4.7248507 -4.5150557 -1.3665189 0.24112955 -2.140033
5 -2.990393 -0.46780154 0.16686316 0.19637845 1.2597858
476 -1.214739 0.15057844 1.8114932 2.3309948 0.6174074
97 -1.1902746 -3.8471625 3.1937456 -2.7985618 3.14853
1016 -0.72287446 -3.8135488 -0.042538464 1.9987081 1.8596528
71 -1.2979261 -3.932474 3.0952346 -2.8486364 3.154304
150 -2.3483317 -4.707916 3.1487107 -4.3548536 2.143866
1108 -1.994702 -5.9329405 -0.16326153 -1.3258827 1.5405955
201 -4.233048 -0.09457313 0.41771808 0.85593176 0.96076226
285 -4.4040713 -4.2995744 -1.3762693 0.5296768 -1.9763658
280 -4.731422 -4.417217 -1.3474137 0.3829636 -2.1108146
428 -3.5849316 -0.13537453 0.8650271 0.76921797 2.0728164
1105 -1.9419973 -5.851149 -0.05335295 -1.3884526 1.5923353
695 0.54432356 -2.7789738 4.9516335 -1.7688998 0.91598666
1113 -2.1648562 -6.0763345 -0.12340344 -1.363333 1.6618007
416 0.36839867 -2.7243204 5.2354484 -1.8224676 1.2522911
307 0.29575995 -2.8676178 5.6248 -1.9047292 1.8812816
266 -0.65623754 -5.2695 4.0829244 -3.790923 1.0820506
305 -1.6328903 0.47140023 3.8253212 -0.99048495 0.73411965
268 -0.65791684 -5.35758 4.207848 -3.8345013 1.1925232
1363 -2.935733 0.62961984 2.6213083 3.6039367 -0.512531
440 -1.0793657 0.14862089 1.6819692 2.1525207 0.5566156
48 -5.1160607 -2.6463735 -0.8229712 -0.24007204 -1.9936428
1106 -1.9855189 -6.066342 -0.020690724 -1.4739406 1.6498443
39 -1.6492444 0.31038257 2.978612 -0.9502202 1.1076329
57 -0.2743783 -2.3939438 0.09721094 1.8339807 0.604482
516 -1.8410294 -4.09131 2.4127426 -3.2843673 2.5581357
306 -5.515028 -0.5996472 1.4499761 0.11944253 3.3174074
940 -1.1474473 0.15972112 1.7747182 2.2951035 0.6276639
69 -1.8164773 -4.197529 2.9547393 -3.126069 3.460434
35 -1.6151912 0.34454846 2.8742006 -0.8184398 1.0945324
38 -1.610486 0.35105345 2.9273696 -0.88060665 1.1268656
265 -0.75320864 -5.0749125 4.003041 -3.7695253 1.2803235
473 -2.9456863 -4.2771277 -0.7643344 -0.3911182 1.9910967
40 -1.6100482 0.36819753 2.827631 -0.8264321 1.1338737
1109 -1.9751517 -6.037644 -0.08475593 -1.3460101 1.629601
94 0.32695428 -2.6913424 5.2095222 -1.9804323 1.1351563
52 -3.3033662 -0.37042218 0.52419835 0.18702051 1.7469231
866 -0.5084738 -1.6317948 2.129314 -1.117729 -2.0708287
36 -1.5610412 0.27967182 2.9871273 -0.8962335 1.1276197
330 -4.69934 -2.6702042 -1.0059478 0.40549517 -1.7797836
772 -1.3023492 0.74157804 5.4061456 0.20588274 1.6825526
76 -4.253088 -2.9612353 -1.1442652 0.040354665 -1.2492334
308 -2.8292398 -4.2910724 -0.6127891 -0.4585352 2.1192
121 0.268632 -2.6907628 5.0713153 -1.916554 1.79134
463 -2.6053097 0.93313354 5.2354827 -0.9103906 0.9691089
1088 -1.1545419 -4.3190145 -0.5212883 2.2825649 0.90377253
37 -1.6582052 0.290388 2.799583 -0.94825006 1.0602148
771 -1.2568412 0.7250822 5.179568 0.26794788 1.6413995
403 1.3751009 -3.1089423 3.0291657 1.2960457 0.28972635
867 -0.43459582 -1.7361311 2.1071374 -1.0944463 -2.0765054
302 -2.036044 0.83245206 3.5660148 -0.5081931 1.0062765
709 -1.9193728 0.93561167 6.176483 -0.2953785 0.9669671
216 -2.0793343 -2.7150118 0.5561104 -2.219055 0.3037364
142 -0.2390582 -1.6321381 3.1121562 -1.168381 2.0693905
770 -1.3384835 0.78702116 5.5952797 0.3451096 1.8231628
1087 -4.6637826 -0.06283446 1.3090371 1.5965239 2.774519
145 -0.21831673 -1.6262239 3.197863 -1.2057309 2.0416732
243 -1.5844386 0.45522082 3.4080884 -0.59859717 1.5382584
773 -1.2280854 0.7152221 5.178813 0.2932904 1.6975478
1549 -2.328201 0.44850147 2.0677285 3.2055151 -0.3745743
282 1.3707916 -3.2012382 3.097082 1.2421755 0.9814062
745 -1.809946 0.277479 1.5804203 2.7289052 0.70528376
139 -0.19637612 -1.6158248 3.1360998 -1.2269744 1.9048159
991 -1.404062 0.25253654 1.839691 2.4442096 0.604437
1129 -1.5410116 0.1604904 1.9269574 2.843554 0.7044504
765 1.3940998 -3.5149496 3.5134535 1.485743 1.3191226
117 -1.6538626 0.48131907 3.7398825 -0.7084074 1.5443263
293 0.16890247 -2.06905 4.0925756 -1.5003331 1.4498215
51 -0.03337837 -2.2192838 3.6296058 -1.8770026 1.3952775
346 -5.363314 -2.7588687 -0.61540544 -0.5127319 -2.4309263
96 -1.8449005 -3.9449866 2.270064 -3.0811207 2.5309858
1443 -3.5090628 -3.8969555 0.24576372 -2.9552958 -0.41845742
492 -2.4180236 0.48314023 2.129308 3.3179119 -0.16846299
916 -2.4227898 -4.139496 2.2855165 -2.97877 3.632805
140 -0.24854 -1.5891612 3.0731 -1.2108234 1.977443
806 0.39736855 -2.6287382 4.5897927 -1.6281613 1.4942212
913 -2.1928668 -4.2809706 2.5858393 -3.0629897 3.6234176
499 -1.9809151 0.1632614 1.707784 3.187257 0.0023290121
321 -3.9776995 -0.08561605 0.3212859 0.91761893 0.9685911
143 -0.1932423 -1.6312534 3.1388254 -1.1915259 2.054728
202 -4.1260214 -0.11315032 0.39599475 0.73713976 0.9314409
189 -1.5348104 0.40853682 3.1633947 -0.8126202 1.1141506
301 -1.3391948 -3.6130695 2.303631 -2.9258308 2.0879586
141 -0.16634487 -1.5485721 3.1455212 -1.1458513 1.9308876
956 -4.6546774 -2.8059464 -1.0824897 0.32776943 -1.5424438
561 -2.5713856 -4.755267 -0.2399599 -1.3389629 1.7880808
390 1.1474972 -3.0184238 2.1956787 0.4322873 0.27787477
244 -4.0514817 -2.890462 -1.1129359 0.00064173096 -1.1691756
387 1.1267447 -3.1220205 2.2077608 0.27711752 0.25001857
388 1.1705139 -3.282237 2.2790873 0.3817108 0.25040913
54 -2.7233443 -3.5119452 0.32250804 -2.4493637 0.34099433
509 -4.265426 -1.2261659 0.98996395 -1.4755143 2.5414007
1442 -3.5851767 -3.803681 0.364007 -3.0171783 -0.44256112
764 1.3478826 -3.4513533 3.404069 1.3307846 1.2316059
1439 -2.9518187 -3.2498167 0.43171358 -2.647387 -0.34524596
1444 -3.338032 -3.6805036 0.2986268 -2.7992399 -0.43427876
692 -1.5255984 0.2934467 1.6956247 2.5505157 0.5055928
1436 -3.3851552 -3.8120718 0.30681077 -2.9251368 -0.43158102
1438 -3.4702957 -3.6780922 0.35049018 -2.9406605 -0.43828455
1446 -3.3444839 -3.6933162 0.2980852 -2.8425298 -0.38234854
45 -4.3997345 -2.285926 -0.7899531 0.44938618 -1.8002106
1063 -1.4394118 -3.588574 -0.2804851 -0.653147 1.2547785
1517 -0.0095996475 -3.0492563 0.30736 2.2173193 0.40582317
144 -0.2892866 -1.6151605 3.1434658 -1.1661208 2.1016824
391 1.1065785 -3.267213 2.038068 0.227472 0.29575554
508 -4.462757 -1.0789063 0.976585 -1.3426906 2.4744713
1437 -3.3729327 -3.5609243 0.34900594 -2.855327 -0.36996812
385 1.216594 -3.1672938 2.2731555 0.38131598 0.20436583
1435 -3.2554367 -3.5950947 0.26297122 -2.8112762 -0.35320652
1432 -3.4207335 -3.7839494 0.30756286 -2.9334915 -0.4455245
148 -0.17902876 -1.5226604 3.123943 -1.0822809 1.9658289
1447 -3.4176705 -3.711716 0.268292 -2.836806 -0.36104545
711 -1.1032541 -0.7146768 1.7102293 -0.7078821 -2.0903525
300 -1.8524681 0.6408973 3.2533612 -0.5449441 1.3152213
1440 -2.879062 -3.3233593 0.4975357 -2.7535574 -0.33046257
146 -0.23981485 -1.5650506 3.126495 -1.0889387 2.1273246
975 -1.1855613 -0.7755321 1.7165815 -0.7604324 -2.1275253
133 -2.5795486 -4.812624 -0.38112614 -1.1896884 1.6877772
1434 -3.136272 -3.2071457 0.4156593 -2.6717186 -0.34798834
386 1.0840765 -3.0805247 2.1432974 0.26793155 0.1357188
389 1.170906 -3.1818955 2.1644583 0.48052648 0.3673137
1451 -0.42154518 -1.548581 2.0362318 -0.99226063 -2.0496767
136 1.1438042 -2.7482178 2.4599369 0.87172663 0.74076647
147 -0.19950037 -1.561463 3.1027994 -1.0576982 2.0198603
429 -1.6383402 0.119650096 1.6069839 2.9571981 -0.00065055856
127 -1.2310437 -4.0006166 2.6481824 -2.7175531 2.8874524
550 -3.5783362 0.034770377 0.93036383 0.70658296 1.8650209
392 1.1469802 -3.0773754 2.2078438 0.437416 0.35049036
1433 -3.4452918 -3.6824436 0.2851548 -2.8958836 -0.41994104
275 -1.634845 0.4201729 3.174367 -0.80866766 1.2804834
654 -1.5796773 -3.6668591 1.8841293 -2.8365645 1.8247943
1516 -0.021021593 -3.0857706 0.28494948 2.101384 0.5228088
562 -2.725313 -4.8417797 -0.36195636 -1.2949312 1.818844
974 -1.1737 -0.6517779 1.8521202 -0.81430435 -2.0861795
30 -0.23542166 -3.3344455 3.8370771 -2.779232 1.0458167
134 -2.5712695 -4.8192563 -0.38318235 -1.186673 1.8523635
320 -3.408148 -2.2986312 -0.94616514 0.28482094 -1.2110206
507 -4.010813 -0.85979867 0.8618026 -1.1418233 2.2016578
1230 -1.3335341 0.28786394 1.6600695 2.2333822 0.6055421
1441 -3.513161 -3.9029741 0.27032703 -2.9863534 -0.48427948
590 -4.749451 -2.4987922 -0.8526841 0.60714835 -2.0937593
645 -2.9709513 -3.23688 0.43182167 -2.6974187 -0.41645223
246 -1.4951837 0.2878048 1.6836175 2.3509574 0.6611245
455 1.0246974 -2.729719 1.9774916 0.38543984 0.098051965
638 -4.8174434 -2.1668692 -0.62032646 0.34101355 -2.0781095
1515 -0.14888182 -3.0589025 0.1905819 2.103684 0.5168664
456 1.1081003 -2.8862083 2.0644178 0.42412776 0.13151552
328 -4.0084853 -2.2096014 -0.7505201 0.118527 -1.7238207
576 -0.36743203 -1.5975792 1.9751633 -1.028169 -1.9521928
539 -3.7049165 -0.006387491 0.45005846 0.8399105 1.1916314
87 -1.176171 -0.59223646 1.6635002 -0.5898724 -2.0276725
55 -0.21144146 -2.1479065 3.1915977 -1.842027 1.6431327
1130 -4.4592004 -0.40580097 1.2322137 0.23993632 2.9017923
1162 -3.9720411 -2.6650257 -1.1626788 0.44954047 -1.350551
671 -1.2041503 0.17913854 1.6306531 2.2493136 0.5521271
983 0.19224082 -3.000256 0.6552693 2.427674 0.708274
564 0.047004152 -2.9944065 0.4184544 2.144502 0.55080557
478 -0.5927035 -3.230204 -0.117079325 2.1127362 -0.0058469255
931 -0.84104174 -3.706596 2.302469 -2.5439382 1.7591585
1039 -0.62863845 -1.4839888 1.6226184 -0.7995492 -2.0270293
72 -0.64875156 -2.7914345 2.649451 -2.3282971 1.8360382
84 -0.92147297 -0.8721337 1.6173517 -0.20177686 -2.2331038
1494 -1.48635 0.32927862 1.9111375 2.566174 0.38552466
922 -1.2708915 0.24248637 1.6809449 2.2808962 0.39089805
1040 -0.47098026 -1.5592726 1.7667137 -0.8952884 -1.9824684
1532 -1.1739727 0.09496561 1.7199476 2.4968977 0.5229063
453 1.0916247 -2.8637261 2.0155487 0.42671713 0.1912034
1445 -3.0678868 -3.3512049 0.37214643 -2.7044964 -0.42999807
475 -0.6655458 -3.2668679 -0.12908308 2.276474 0.11203304
1497 -1.418946 0.11946359 1.6174837 2.6942596 0.35838938
1027 -1.4206153 0.1570012 1.6348734 2.7182348 0.21339549
34 -2.7506227 -3.620659 0.48095617 -2.6550663 0.499884
78 -2.097599 -2.8817165 0.6226023 -2.2760835 0.29465646
894 -1.0826125 -3.7193518 -0.5291683 2.0636432 0.6329932
1493 -1.8688961 0.60158426 3.4136004 -0.55102605 1.4399462
805 0.18698613 -2.0618656 3.771605 -1.3682714 1.5387731
439 -0.5444675 -3.0328004 -0.09987715 2.0103624 0.15969533
461 -0.058119703 -2.5416656 0.35389835 2.390337 -0.17139618
973 -4.1714 -3.4121468 -1.2535125 -0.31168503 -0.97180396
1346 -1.0993469 0.14988716 1.7293804 2.2853928 0.57830936
1163 -0.946726 -0.769932 1.4951569 -0.679529 -1.8849733
347 -3.513291 -0.23784225 0.76863897 0.49402803 2.0864637
242 -1.3258542 0.329677 1.7708076 2.1965783 0.19376734
1137 -3.722749 0.009633282 0.80052525 1.0230207 1.8577427
132 -0.26615393 -3.555534 3.6538959 -2.759274 1.1735775
565 0.10078546 -3.085166 0.39968473 2.1075351 0.5939054
1182 -1.6305732 0.15059371 1.5861851 2.8370318 0.08831629
1498 -1.198153 0.21956976 1.6335436 2.255006 0.2892166
317 -0.6902931 -3.204417 -0.33331957 1.9654982 0.65697706
575 -0.367127 -1.574989 1.8904647 -0.88609123 -2.013803
283 -2.3735044 -3.555722 -0.5675764 -0.35678253 1.8742504
414 -1.3539226 0.24227019 1.6697911 2.2664022 0.5949051
12 1.139802 -2.9705744 2.547086 0.53178835 0.5872199
905 -1.0183636 -0.92950493 1.6319268 -0.17227112 -2.4181767
1359 -1.5841105 0.237328 1.5412259 2.6079729 -0.040392246
9 -3.4164345 -2.4978838 -0.98738354 -0.07516097 -1.1442299
46 -1.3866029 -3.692677 2.4089153 -3.1611266 1.7683954
697 -1.2318399 -3.8912725 2.947895 -2.8603013 2.694261
251 -3.289821 -0.24736586 0.65312386 0.6520249 2.0893347
742 -0.6542226 -3.846706 2.3006206 -2.300569 2.0476956
415 1.1187669 -2.6972046 2.4165409 0.84598696 0.6137506
1557 0.22371824 -2.5275326 0.55415386 2.1001837 0.73153496
1491 -1.7912401 0.5866752 3.523666 -0.607355 1.5325825
194 -0.3335944 -2.7131345 2.9017003 -2.3176749 1.314856
460 -0.04574521 -2.3968995 0.37851495 2.3461144 0.041808918
345 -3.3303995 -0.29304165 0.71023077 0.31078696 2.0565271
174 -1.039955 -0.9447189 1.4800744 -0.16859876 -2.347296
1492 -1.2624891 0.21148464 1.8407227 2.5270112 0.44922432
1136 -3.6388073 0.16570637 1.0721525 1.2364528 2.1444392
126 -3.3472774 -2.5998254 -0.91696733 0.07571458 -1.5916185
1281 -0.041819263 -2.4047065 0.30217937 2.202955 0.1486738
56 -2.0974586 -3.3197763 -0.3881215 -0.3212003 1.9591974
522 -1.9468695 -3.3271155 -0.30384186 -0.5661917 1.7626308
517 -1.2418711 -3.256893 2.198168 -2.5725784 2.2699032
462 -0.11529618 -2.4078538 0.32136145 2.4142642 0.16825187
663 -1.9665132 0.7047808 3.5844624 -0.49166206 1.410998
1454 -1.1396538 0.19519052 1.6436408 2.2655585 0.46731386
1268 -1.3482558 0.4145689 1.9307005 2.1612833 0.13104226
179 -0.9929877 -0.8986656 1.6561018 -0.26784605 -2.3247135
1145 -0.8685073 -3.8048034 3.0414078 -2.6066144 2.430177
934 -0.5957561 -1.6349756 1.9352485 -1.1212516 -1.9274453
297 -1.453993 0.21732788 1.6674728 2.5549033 0.45240915
459 1.06948 -2.9598308 2.1449091 0.34751838 0.1711646
1556 0.21169631 -2.6250348 0.4965421 1.9002917 0.78633034
1229 -3.4036088 -0.45620707 0.7336467 -0.14579754 2.148529
304 -0.6078186 -1.5786264 1.8868345 -0.8817423 -2.2592998
281 -1.7339565 -2.831508 0.9611271 -2.4258082 0.4899275
1343 -0.5115597 -1.4410597 1.5580909 -0.7305322 -1.9733808
1234 -0.8793679 -0.8104425 1.7835693 -0.8136785 -1.9598992
1581 -0.7279872 0.014185616 1.982947 2.1937346 -0.31915167
668 -0.7890772 0.13406958 1.8902802 2.090246 -0.34546626
1322 -1.4672813 0.14834148 1.5866562 2.665841 0.0020666262
599 -0.59617263 -0.023574691 1.9966145 2.1320248 -0.2792865
1318 -0.98135674 0.15034148 1.6608125 2.1712852 0.12043606
984 1.2016412 -2.6530771 2.5627706 1.0902303 0.6588301
566 0.12032705 -2.9506257 0.38606662 2.0436766 0.50571984
1239 -1.4140394 0.22449253 1.6448278 2.510751 0.0020136859
826 -0.1698528 -1.5889746 3.10638 -1.1202873 2.038861
639 -3.2742062 0.009101439 0.72961587 0.78852874 1.7147909
907 -0.76718813 -0.0027177702 1.793396 2.1827898 -0.29137722
1431 -3.2703013 -3.2032378 0.36464494 -2.6776521 -0.04644285
296 -3.7260206 0.029077783 0.40322202 0.75956637 1.0430053
1390 -0.9850834 -0.8701943 1.4963568 -0.14148064 -2.2890515
744 -1.995565 -3.5665705 -0.415995 -0.5513241 1.620201
490 -2.0535505 0.6843736 4.1176567 -0.9533027 0.77051574
574 -3.213434 -0.2373911 0.54684186 0.52519983 1.7096374
721 -0.2734708 -2.9724884 0.08350679 2.0490942 0.4112962
167 -0.8146836 0.055171788 1.8243285 2.1409948 -0.021094516
816 -0.99319106 -1.0119853 1.5668707 -0.23718266 -2.3717687
426 -1.0078719 -0.8308935 1.4580069 -0.16655858 -2.2662647
841 -0.95910907 -0.90475327 1.5799111 -0.6771102 -2.0823534
886 -0.68332744 0.014016476 2.0214639 2.1286495 -0.32599857
1461 -0.5816248 -1.6833903 1.8933368 -1.068251 -1.9903524
1430 -3.1118436 -3.0853782 0.40608546 -2.64042 -0.09274682
1201 -1.6507883 -3.6561627 2.26844 -2.564512 3.10758
1558 0.20884046 -2.4515417 0.4818505 2.0447795 0.7112886
607 -0.06547794 -2.877583 0.17202698 1.9653195 0.5195727
863 -0.676118 -1.5372853 1.4150382 -0.6673166 -2.1624258
864 -0.5478939 -1.4949517 1.4323304 -0.7274007 -1.9417965
594 -0.73818976 0.09698575 1.9866676 2.2035317 -0.26566762
1401 -3.2393048 -0.50277054 0.2052865 0.15671012 1.3408601
327 -1.3238081 -3.1460545 1.6153631 -2.5094707 1.5737134
1102 -0.9172231 -0.8784126 1.6970124 -0.20261317 -2.2697687
219 -1.7533983 -2.5977478 0.64950264 -2.2169988 0.4625624
842 -0.96486425 -0.8443616 1.6013508 -0.64641434 -2.0327897
946 -0.85792553 0.08135247 1.712704 2.072392 0.16228126
1429 -3.1006858 -3.174716 0.5320468 -2.8146794 -0.014143654
1224 -0.9522921 -0.86945325 1.619514 -0.25793546 -2.2920692
172 -0.8428811 -0.8752363 1.5428863 -0.20472 -2.1779964
546 -1.5955164 0.22927931 1.595091 2.6906307 0.18697514
427 -0.9311947 -0.82856405 1.506453 -0.079651065 -2.295739
611 0.14961079 -2.4611652 0.44478166 1.9014143 0.53867203
835 -0.96272564 -0.92376095 1.7927115 -0.2670748 -2.3576896
606 -0.0021135313 -2.731315 0.24221553 1.9604603 0.5601447
1425 -1.0562261 -0.7138545 1.5714337 -0.6831102 -1.955715
381 -1.0687094 -0.87628716 1.564026 -0.121621296 -2.397847
926 -1.0553876 0.18485631 1.8023267 2.3067153 0.34716645
619 -1.0328879 -0.8855771 1.6483516 -0.10875867 -2.3736513
978 -0.75789326 0.10595456 2.0304055 2.120825 -0.50464875
1249 -0.8178138 0.118637845 2.0104334 2.1498914 -0.35324317
942 -1.0392653 -0.8515481 1.5784651 -0.24941678 -2.2973394
1280 -0.044431925 -2.2921464 0.31366003 2.240113 0.20996718
373 -0.92607296 -0.86481464 1.5836554 -0.2532987 -2.1640985
383 -0.99337715 -0.8117664 1.5075794 -0.33059704 -2.172201
423 -1.0992725 -0.82579285 1.5356894 -0.18722783 -2.3211803
1233 -0.8972755 -0.9109597 1.647271 -0.8059014 -1.9647086
513 -0.9347168 -0.8620665 1.6106809 -0.7860632 -1.956544
515 -3.1837208 -0.16128671 0.56175506 0.8155136 1.7992582
915 0.3028716 -1.9696554 3.7029853 -1.3602363 1.1922841
662 -1.924259 -3.137025 -0.36601546 -0.51312745 1.6701297
1026 -3.3928363 0.03776779 0.49864364 0.7059258 1.1114116
602 -0.8076664 0.07913341 1.9907193 2.17583 -0.4117204
903 -1.0132253 -0.8662043 1.6278439 -0.29796737 -2.2554767
580 -0.91725445 -0.9879165 1.5599793 -0.32454008 -2.2622342
329 -1.8066919 0.75370204 3.5451133 -0.56146365 0.9280318
992 -0.84633595 0.1665718 2.0556436 2.1533937 -0.429691
567 0.023569815 -2.864758 0.2787191 2.0480194 0.49768543
729 -0.6199224 -1.231458 1.6309795 -0.7666008 -1.9775077
1298 -0.73347986 0.03406138 1.984009 2.1667082 -0.5264349
1564 1.3623072 -3.134576 3.0239348 1.3113265 0.4012941
292 -1.0172982 -0.841953 1.707807 -0.26248813 -2.344419
105 -1.0477489 -0.5345316 1.6478733 -0.4393586 -2.0644252
1376 -0.92275834 -0.93331504 1.528647 -0.17687602 -2.244854
651 0.088103555 -2.9599912 0.34133843 2.094803 0.58519596
608 -0.08609445 -2.5993366 0.20315515 2.0242906 0.510025
437 -0.9510268 -0.8817291 1.5844821 -0.19880952 -2.2778273
1488 -1.0334789 -0.7471482 1.6011066 -0.4849873 -2.1409245
1031 -0.70795107 0.14383996 2.0481355 1.9594625 -0.46079603
910 -1.0337634 -0.89979637 1.6681398 -0.24459586 -2.3592982
750 -0.79953516 0.08433561 2.0512612 2.2484303 -0.39853072
633 -0.76193357 0.17158026 1.9144655 1.9638063 -0.2988351
1473 -0.8736238 -1.0015924 1.5176495 -0.21101011 -2.2737546
493 -0.5677944 -1.1881368 1.516146 -0.7187743 -1.8631043
180 -0.9652128 -0.78414863 1.5077147 -0.1992557 -2.210182
775 1.2620925 -2.837152 2.7424004 1.150532 0.53154176
294 -2.3016722 -2.718646 0.4446196 -2.2673206 0.031068495
1003 0.3150085 -2.5857258 0.4809583 1.9772129 0.49717382
175 -1.0837287 -0.70079994 1.6166023 -0.42571735 -2.181959
809 -0.6713736 -0.0058507603 1.84693 2.1275382 -0.36852163
239 -2.5379999 -1.8142978 -0.7506091 0.08963804 -0.7257519
1483 -0.87140983 -0.85063463 1.4901148 -0.21384335 -2.1099463
1485 -0.95875174 -0.90234655 1.5562669 -0.25459605 -2.2774076
518 -0.89811414 0.11928694 1.8946009 2.0348818 -0.3742215
208 -0.9194928 -0.7844817 1.6417243 -0.5726713 -2.0183218
685 -1.3696997 0.16414607 1.6482135 2.5833511 0.20668428
924 -1.094944 -0.8217767 1.5712589 -0.1701324 -2.3476326
925 -1.0476581 -0.8600145 1.549592 -0.29650584 -2.2568495
785 -1.107063 -0.72748536 1.5701629 -0.08497524 -2.3184698
211 -1.0418594 -0.8483068 1.4974527 -0.16116595 -2.3001547
909 -0.92509216 -0.89745796 1.6225932 -0.25281537 -2.2767425
1471 -1.0174692 -0.96057177 1.5940831 -0.13926435 -2.447098
774 -4.0239806 -2.1589556 -0.7350575 -0.13060108 -1.6931345
961 -0.97679836 -0.80214673 1.5624927 -0.24660349 -2.256294
1097 -1.0460044 -0.84284526 1.5892005 -0.16450307 -2.3556314
1086 -0.6142302 -1.4148301 1.4494007 -0.7134432 -1.9964441
650 -0.12393862 -2.6363592 0.12534553 1.8880675 0.4318496
1169 -0.78972894 0.053685978 2.0889337 2.2264001 -0.5638768
553 -1.0321909 -0.7408942 1.6263545 -0.19904083 -2.2977996
1194 -0.7192005 0.065405145 2.023111 2.0636528 -0.49153316
803 -1.8286486 0.3738273 3.1434073 -0.96907526 1.252703
804 -1.8501433 0.33049136 2.9557655 -0.988488 1.1925302
157 -0.67791057 -1.439056 1.3442118 -0.67387414 -1.9958726
600 -0.7723206 0.15087499 2.0332785 1.9580996 -0.37803736
487 -0.736846 0.07387868 1.9783409 2.1329932 -0.3536687
904 -0.9373271 -0.8063438 1.6804372 -0.23988393 -2.2370198
888 -1.0993403 -0.6752689 1.6125369 -0.36323178 -2.215204
710 -0.45042804 -3.054648 -0.16953968 1.8045938 0.60929865
1400 -3.0713334 -0.5843596 0.050978888 -0.002656164 1.2274318
578 -0.79314476 0.04045086 1.9982034 2.2225056 -0.4064341
731 -0.8406903 0.18554626 2.0213819 2.01425 -0.48256397
270 -0.81748796 0.09601355 1.9390182 2.0594487 -0.18462375
92 -0.98174304 -0.90810883 1.3686082 -0.010581828 -2.255464
248 -1.1276389 -0.6989005 1.4684371 -0.02405286 -2.3012881
1399 -3.1130035 -0.40929475 0.17329471 0.15447666 1.3207618
435 -0.84689045 -0.84238386 1.5902483 -0.61454964 -1.9159949
827 -0.22034702 -1.5336423 2.9683337 -1.0794603 2.0642807
1489 -0.86844146 -0.7529456 1.5259726 -0.33043617 -2.0604987
1002 0.28669214 -2.427363 0.5326196 2.01613 0.64460444
402 -0.93179804 -3.0750756 1.7501826 -2.1621385 1.9280714
914 0.21047847 -1.8521402 3.401393 -1.3650223 1.2702696
483 -0.7696942 0.007081354 1.9768894 2.1512632 -0.49739003
747 -0.68665767 0.033251874 2.1095986 2.0968523 -0.473457
970 -1.7013805 0.31713277 2.889112 -0.8813273 1.1782259
872 -1.6329342 0.43126467 3.5128071 -0.5911299 1.798436
1523 -0.92460656 0.17739147 1.8922449 2.0769925 -0.12657715
948 -1.0642691 0.13285995 1.7264276 2.1876125 0.41933644
85 -0.9846037 -0.7781693 1.5636129 -0.15316403 -2.2283022
1424 -1.1283717 -0.6803932 1.4602975 -0.69808465 -1.924195
730 -0.7469625 0.0014399758 1.9674501 2.2311313 -0.390186
354 -1.0563496 -0.8180874 1.6012478 -0.17737979 -2.2942288
988 -0.8095799 0.086943455 2.085985 2.178423 -0.44588178
1567 1.3212658 -3.0260684 2.8967988 1.2389797 0.40079746
290 -1.0548147 -0.79522616 1.5269055 -0.10894746 -2.2707095
104 -0.89044327 -0.8366837 1.6380475 -0.29329473 -2.1749294
1370 -0.62670004 0.050043862 1.9405193 1.9588951 -0.2993198
177 -0.31423467 -2.6279042 0.012277791 1.8257966 0.22410654
382 -1.0007808 -0.8504186 1.4624002 -0.22074695 -2.2527003
384 -1.0449673 -0.81564283 1.6468539 -0.23858151 -2.3765318
807 0.11283751 -1.8644487 3.2239141 -1.432708 1.4092499
535 -0.7046244 0.083402246 2.0009859 2.0939908 -0.30278686
1496 -0.83768827 0.15854268 2.0289457 1.9499105 -0.5372113
520 -0.70006675 0.0590553 1.9355685 2.14181 -0.25618544
1131 -0.817199 0.07329771 2.0192742 2.1336584 -0.25774792
1134 -0.6492397 0.040106796 1.9605448 1.9448029 -0.40240702
632 -0.8084183 0.102704056 1.9070175 1.9898548 -0.41372138
855 -0.9912005 -0.90520203 1.601617 -0.18678954 -2.3171678
1279 -0.007195626 -2.3088202 0.24696836 2.0307806 0.19557774
885 -1.0153816 -0.67060333 1.740385 -0.066996686 -2.2941458
1335 -0.12089746 -2.710127 0.100805886 1.9234028 0.39606574
1537 -0.9059428 -0.8635734 1.6066785 -0.26695794 -2.2393854
1533 -1.6784937 0.43076107 3.048511 -0.7053496 1.2672218
959 -0.8779919 -0.9446973 1.5210438 -0.25910076 -2.1639018
1339 -0.7761115 0.11652903 2.0665238 2.1287022 -0.4421659
1338 -0.0008858085 -2.8513052 0.21138154 1.9143301 0.55153453
1544 -0.6177612 0.037239287 2.1056275 1.9482367 -0.40462828
1539 -1.0023179 -0.95480347 1.4894851 -0.2582211 -2.229771
653 -0.7505889 -2.8911443 -0.37548506 1.8888383 0.7012736
122 -0.96765447 -0.94011104 1.5176744 -0.26980683 -2.2004757
355 -0.9824335 -0.8403656 1.6738064 -0.28651404 -2.2963824
1222 -0.8719213 -0.9018925 1.528568 -0.31529602 -2.1314714
372 -0.93943673 -0.88429433 1.4396119 -0.24546394 -2.1972086
541 0.16382912 -2.4112675 0.38229346 1.9074157 0.6744414
360 0.08776231 -2.8501835 0.24784881 1.9248857 0.417997
813 -0.8148505 0.095890954 1.937895 2.19728 -0.39040273
1522 -0.62608504 -0.013247759 1.939282 2.0774186 -0.33481106
1127 -0.8272581 0.117459886 2.0350275 2.1329842 -0.19541807
527 -1.1176634 0.10762418 1.4249154 2.246454 -0.12655205
1013 -0.6716924 0.051837843 2.091434 2.0638137 -0.32751888
1238 -0.7202516 0.026000496 2.03221 2.119811 -0.4814686
834 -0.2268636 -1.4162836 2.88957 -0.98284173 2.0243704
210 -0.87844604 -0.9654351 1.6321123 -0.20633724 -2.2894173
603 -0.7373424 0.14176154 2.0099201 1.9697905 -0.43731
617 -0.72826374 0.13109708 2.0741801 1.9416238 -0.41250184
1472 -1.0232114 -0.8646434 1.6136032 -0.09767095 -2.3442366
1044 -1.121363 -0.76330686 1.486696 -0.14677206 -2.2284749
896 -3.174798 -0.5291551 0.15428904 0.21805863 1.3566233
674 -0.52936685 -1.386407 1.5647507 -0.7298243 -1.9596417
1258 -0.6916711 -0.0014491624 1.9095557 2.0635226 -0.34954506
738 -0.59246737 -1.1862167 1.7575605 -0.81933516 -1.9254225
1566 1.2994552 -2.8950744 2.6611037 1.2410669 0.2276539
1198 -1.0714192 -0.82246476 1.5539038 -0.10961534 -2.310974
1115 -0.7556571 0.06758466 1.9058838 2.0979295 -0.12382461
1146 -3.2017767 -0.44026208 0.10450495 0.29936534 1.2680511
1384 -0.71928906 -1.2548987 1.4270434 -0.6611322 -1.9958094
422 -0.9468094 -0.8675296 1.4828662 -0.14633979 -2.1856241
529 -0.6538687 -0.05388182 2.0038571 2.1718423 -0.3937931
1012 -0.66575533 0.038382746 1.8825468 2.114204 -0.19125329
1232 -0.6375241 0.042378083 1.916541 1.9355434 -0.3753294
1484 -0.9557763 -0.8327479 1.5622269 -0.20442624 -2.2107465
511 -0.8844136 0.17295282 1.9993525 2.087129 -0.30544043
787 -1.088639 -0.6893431 1.5747542 -0.19468726 -2.2776291
502 0.07899256 -2.3876102 0.3102515 2.013817 0.45185825
756 -1.1697835 -3.4896715 1.6014092 -2.3723927 1.8839391
901 -1.1142821 -0.6565885 1.6396351 -0.34166303 -2.1504416
1271 -0.8901582 -0.70715696 1.6701864 -0.41285145 -2.055278
1479 -0.87168014 0.22782177 2.070942 1.9980239 -0.48742747
1081 -1.8808829 0.3918908 1.823266 2.665199 -0.30511537
1331 -0.9575508 -0.88620734 1.4415737 -0.1905522 -2.1657872
672 -0.7815257 0.2086381 2.2449334 2.0152233 -0.31705955
1419 -1.0983582 0.2598066 1.74498 2.1549172 0.07997484
1323 -0.97417736 -0.76939 1.7213444 -0.39877826 -2.2158577
1525 -0.8812953 0.15662943 1.9460852 2.1166604 -0.36973387
947 -0.40410307 -2.706314 -0.06505246 1.7856245 0.31851107
585 0.10311047 -2.4020097 0.30583185 1.8519098 0.42950815
325 0.1338305 -2.527657 0.38476947 1.8178517 0.5703443
993 -0.6342809 -0.019772474 1.854754 2.0746014 -0.39099762
1569 -0.6662287 0.046257395 2.0047863 2.0175543 -0.33246267
291 -1.0374614 -0.794953 1.5797777 -0.18837447 -2.2960427
93 -1.0557492 -0.85461926 1.6698608 -0.12955803 -2.439218
1004 0.116858676 -2.3751805 0.28259376 1.7531167 0.59077173
1344 -0.51288795 -1.4103878 1.5778111 -0.7455024 -1.9349041
171 -0.33606452 -2.6786056 0.006197379 1.8732148 0.4243276
1142 -0.3845603 -2.6810782 -0.008846678 1.8562559 0.22137961
690 0.0180498 -2.6249347 0.22006884 1.8697073 0.5877684
1099 -0.8991832 -0.9226637 1.5510874 -0.20100223 -2.3401828
1398 -0.8752139 0.10583836 1.6738586 2.0751672 0.13574223
819 -0.96054006 0.1330044 1.7395056 2.200363 0.029543523
814 -1.1084063 -0.7997096 1.4772279 -0.17458992 -2.2848582
528 -0.8321494 0.06346833 2.0524995 2.2396872 -0.39321998
234 -0.92578524 -1.0481731 1.5573757 -0.3518819 -2.3333538
1480 -0.7559258 0.13757873 1.9075297 2.0343394 -0.1791889
1228 -3.1697598 -0.5006599 0.688735 -0.1219541 2.0957246
789 -0.9693186 -0.74244183 1.7562889 -0.36476436 -2.225798
1032 -0.6828038 0.015607058 2.0974965 2.1767979 -0.2766792
214 -0.9605416 -0.92229503 1.4271613 -0.16065423 -2.2703488
848 -0.74521524 0.04246319 1.8875533 2.1125624 -0.3742371
1036 -0.9257077 0.13936347 1.6087723 2.0586169 0.17133245
1450 -0.6977679 0.07739182 2.0217264 2.0270176 -0.18696918
1103 -0.8697871 -0.82006013 1.5288216 -0.17631441 -2.122176
1058 -0.06770008 -3.0777364 0.16721992 1.954299 0.3878707
497 -0.70386136 -0.0011318274 1.9484069 2.1592238 -0.1862625
1534 -2.0711133 0.4102312 3.2236872 -0.9459959 1.360438
898 -3.0400174 -0.5714885 0.18113734 0.040276542 1.310698
899 -3.1181514 -0.5930606 0.06255184 0.022100428 1.3155357
1324 -1.0409029 -0.7612679 1.517506 -0.14029443 -2.2327025
593 -0.6989413 0.056545213 2.115143 2.0878701 -0.3381424
1089 -0.5467673 -1.411737 1.5206414 -0.72702515 -1.9294716
444 -0.7986399 0.084082134 1.7195798 2.0581868 -0.01736942
1243 -0.69509476 0.03987751 2.0598993 2.0698056 -0.44543618
941 -0.94006085 -0.80148816 1.6131325 -0.12928455 -2.2139957
572 -0.7185453 0.057857722 1.8704488 2.0525134 -0.41822574
359 -1.1998359 -0.82465523 1.5670104 -0.6630024 -2.160618
1568 -0.74651426 0.13955541 1.9883255 2.0708377 -0.2983259
470 -3.2615688 -0.5601125 0.042541884 0.13692974 1.2631278
107 -0.96724474 -0.813413 1.4516387 -0.2855122 -2.120314
1170 -0.8644932 0.1105677 1.6817482 2.1557794 0.024039447
1375 -1.0142237 -0.8061319 1.4990994 -0.15865634 -2.198141
408 -1.713576 0.5214564 3.271321 -0.6695635 1.2193915
245 0.15244251 -2.8471198 0.37805626 1.8831589 0.68301797
1147 -3.0831378 -0.5375262 0.1463174 0.10170104 1.3249185
1387 -0.8410412 0.17317547 1.9559888 2.016226 -0.29150566
421 -0.86030257 0.09888298 1.8695668 2.10551 -0.021769904
1120 1.2231529 -3.1797354 2.7027512 0.32546258 0.77727216
431 -0.9136316 0.26012927 1.8215957 1.9732965 0.14360704
1486 -0.7630329 0.2068256 2.2251618 2.0414877 -0.41861415
1009 -0.89654326 0.1002223 1.7325418 2.101499 0.16141157
406 -1.0045192 0.17722592 1.6632143 2.0860023 0.05486644
918 -0.9401691 0.17942463 1.7094766 2.1795447 0.16941503
1033 -0.7517399 0.07854248 1.8457323 2.028527 -0.34908518
906 -0.6645405 0.062052432 2.078438 2.1579313 -0.32080534
748 -0.7387673 0.06750935 2.0129557 2.144776 -0.23777907
1057 -0.032883618 -2.7947524 0.128286 1.8969048 0.42011085
1305 -1.2509568 0.19660044 1.5661225 2.2742877 0.20063108
977 -2.980773 -0.054437187 0.73722464 0.6840978 1.8517499
182 -0.844673 0.10497553 1.9204386 2.098869 -0.5230999
1332 -1.0102195 -0.742798 1.5768098 -0.15773751 -2.2429688
762 -3.3927286 -0.21374395 0.6427078 0.380626 2.0213296
1410 -0.9437436 -0.8598171 1.4658009 -0.5962078 -1.9947232
1327 -0.5923808 0.0027998867 1.8395563 2.041036 -0.23781751
1328 -0.74294937 0.049723946 1.9780416 2.1597724 -0.34575596
1241 -0.7436401 0.14013745 2.1077712 2.0274458 -0.57652324
1538 -1.0092466 -0.73546773 1.462702 -0.16029994 -2.177135
86 -0.8945717 -0.8084007 1.4793274 -0.121068515 -2.1176083
733 -0.9345997 -0.8028002 1.5664785 -0.26623842 -2.1152272
732 -0.896516 -0.91741604 1.5664833 -0.17697412 -2.201879
980 -0.8848749 -0.7503133 1.3968631 -0.08840447 -2.0401454
568 -0.7230898 0.12799384 1.9230971 2.0946302 -0.1774963
1184 -0.94108075 -0.73896044 1.746589 -0.12620288 -2.3261466
102 -0.8908654 -0.93770474 1.4770709 -0.18194276 -2.1854868
1018 -1.7837573 -3.2765126 -0.292323 -0.6217686 1.5787756
647 -0.7191422 -0.001993809 1.9935616 2.2446377 -0.35714024
374 -0.92943287 -0.8945243 1.3736514 -0.15174 -2.2059064
544 -0.7154755 0.071328975 1.9331999 2.0860543 -0.3353615
412 -1.6164174 0.538126 3.0271354 -0.47239536 1.2647493
679 -1.0592927 -0.8543418 1.5272627 -0.1812234 -2.3460488
534 -0.61635816 0.10017947 2.0542917 1.9631712 -0.33589873
810 -0.6407282 -0.009631587 1.7424195 2.089564 -0.3071568
432 -0.86405104 0.079020776 1.666703 2.0986438 0.0015584968
825 -0.1878299 -1.5009639 3.0206044 -1.207645 1.863128
624 -0.7811889 0.12259279 2.1019835 2.0048609 -0.4555435
921 -0.9049262 0.16978373 1.9579587 2.1373537 -0.2247053
506 -0.7971375 0.05837632 1.9757819 2.1743784 -0.343418
856 -1.0712929 -0.83161604 1.5405033 -0.18704668 -2.3162806
1053 -0.8874628 0.14584135 2.0179796 2.0670178 -0.4601609
1055 -1.0034537 0.14843577 1.8349246 2.1931427 0.16519907
615 -0.7822485 0.14977956 2.048653 2.058179 -0.19843626
591 -1.6957289 0.621252 3.1935806 -0.48381403 1.0765772
979 -0.8239825 0.169055 2.049886 2.044752 -0.36341274
889 -0.96094716 -0.95502913 1.501665 -0.13778123 -2.3409228
965 -1.6361103 0.2504735 3.028751 -0.9721234 1.1111432
878 -3.2231154 -0.60712594 0.09601094 0.11669342 1.2729512
1072 1.3508819 -3.0761385 2.925063 1.3072388 0.27318457
675 -0.77843237 -0.9925482 1.5466696 -0.7159038 -1.9126451
622 -0.9185789 0.21712098 1.8416822 1.9814855 -0.46617928
1403 -3.1550539 -0.4707369 0.095567495 0.2404541 1.27813
943 -1.0253186 -0.83177835 1.6794313 -0.14250493 -2.3760748
1389 -0.5581339 -1.237704 1.3971182 -0.49884394 -1.928217
582 -1.107194 -0.6475123 1.5956007 -0.15238217 -2.2375426
589 -1.7109097 0.6361644 3.2814548 -0.41354072 1.3976718
1355 -0.76958543 0.10729358 2.1862063 2.135429 -0.31422982
358 -3.4186075 -0.12542611 0.26729834 0.45579806 1.0137879
987 -0.7380113 0.13644308 2.014328 1.9784238 -0.23962939
1293 -1.0715927 -0.76776785 1.7823029 -0.37073672 -2.3340836
1164 -0.7279839 -0.00050728885 1.8617529 2.1396103 -0.37971425
1193 -0.5705896 0.09438571 2.1980603 1.9746491 -0.20250724
1007 -0.6047266 -0.015586615 2.1803362 2.1479275 -0.34034976
1374 -0.87223977 -0.89032817 1.5190991 -0.1561606 -2.2185647
379 -0.9850599 -0.8129947 1.6258016 -0.24324599 -2.2047026
370 -0.5833943 -1.2159532 1.7460449 -1.0234945 -1.799385
656 -0.7423952 -2.979766 -0.34623152 1.8935709 0.810174
699 -0.82834053 0.12803458 1.8647376 2.1357121 -0.03009098
367 -0.810677 -0.9124426 1.5940123 -0.24307857 -2.211125
364 -0.69992185 -1.1234833 1.3550436 -0.601185 -1.8837718
424 -0.913952 -0.6884376 1.5490928 -0.15952851 -2.1222012
815 -1.1109982 -0.6950384 1.4940214 -0.18033598 -2.2062175
1392 -1.0075628 -0.8232575 1.4235834 -0.15425116 -2.2014987
1135 -1.3709888 0.6101942 3.4887466 -0.48230216 1.0718342
637 -0.9899779 -0.8395514 1.4382162 -0.1438504 -2.2475889
849 -0.8839672 0.20605466 1.8353226 1.9584534 -0.29159376
482 -0.097645804 -1.5488029 2.6834178 -1.3490343 1.3844966
900 -0.3823502 -2.8491514 0.01113081 1.9587847 0.31950647
851 -0.9371397 -0.8668483 1.4341985 -0.16879682 -2.2028377
859 -0.73408484 0.07819585 1.8147374 2.058981 -0.0048425295
618 -0.96905875 -0.86448246 1.4509077 -0.12522775 -2.2016468
1303 -0.75494087 -0.8610297 1.3951455 -0.5103846 -1.8747386
181 -1.0505927 -0.7151584 1.688467 -0.29260838 -2.2315598
880 -3.140052 -0.552094 0.08979712 0.1619005 1.3079635
778 -0.71169966 0.14704178 2.1445339 2.1361778 -0.25526565
313 -0.9737791 -0.7590329 1.6352783 -0.40363726 -2.2126353
1079 -0.6780114 0.068803325 2.0048797 2.0829818 -0.2670117
1325 -0.8661522 -0.8136434 1.5071013 -0.18711689 -2.12059
1329 -0.685268 0.082904086 2.0314147 2.1109128 -0.3523793
1253 -1.0150356 -0.82559824 1.5628194 -0.17607431 -2.2571716
958 -0.97889674 -0.7994608 1.5217842 -0.23981361 -2.1415713
713 -0.7964875 -0.772819 1.4283918 -0.35594168 -1.971567
597 -0.39633578 -2.6617122 -0.0185393 1.8294116 0.11364069
642 -0.35648826 -2.66747 -0.036492847 1.715304 0.390744
1345 -0.9832589 0.1694204 1.6366992 2.1207829 0.017025838
322 -0.05346768 -2.5362625 0.19783822 1.8692814 0.5367326
981 -0.8674293 -0.76208144 1.517902 -0.18082646 -2.1211433
472 -3.077463 -0.087508276 0.44422376 0.5646133 1.4553802
349 -1.8441426 0.47254974 3.1639166 -0.81068647 1.3450857
273 -0.90938413 -0.7345957 1.4831281 -0.40962332 -2.005282
557 -1.0241653 -0.7741677 1.4505202 -0.1501417 -2.2572892
552 -1.0224551 -0.7540817 1.504732 -0.08907091 -2.2127135
621 -0.67204046 0.061743632 2.0958047 2.0958166 -0.5394015
1373 -0.7281663 0.015941078 1.9120169 2.1230733 -0.45275357
1148 -2.9836717 -0.47841313 0.15594535 0.25360638 1.3055418
545 -0.7748725 0.119167365 1.8323447 1.974391 -0.33452433
1386 -0.5760308 -0.007055848 1.9444319 1.9901644 -0.3644265
800 -1.7229139 0.3376523 3.1700213 -1.0014421 1.2443503
1495 -0.76873994 0.03364739 2.0060391 2.155945 -0.50477815
237 -0.6298817 -0.015150947 2.0207028 2.1290996 -0.31076714
233 -0.8957788 -1.0365111 1.5788151 -0.43756673 -2.25328
829 -0.15228035 -1.363815 2.589835 -0.9768712 1.7162598
830 -0.18268082 -1.459385 2.7940042 -1.0299201 1.9288634
215 -0.9975317 -0.8465449 1.6363084 -0.20633377 -2.3549151
212 -1.1800882 -0.8246449 1.6639357 -0.11490066 -2.4781811
1354 -0.68776166 0.013991449 1.8564051 2.0128114 -0.45420292
902 -0.9189495 -0.7972093 1.5316634 -0.50047797 -2.0664206
893 -1.6011145 0.48806998 3.3622634 -1.0197986 0.6552228
1073 1.3550509 -2.9889774 2.8499346 1.2707053 0.21523835
673 -0.73664415 0.059399605 1.9824768 2.0805986 -0.41311422
1531 -0.7446975 0.066334836 1.8865857 1.99848 -0.24611363
1254 -0.9684137 -0.8403756 1.616307 -0.2335559 -2.1918283
1260 -1.0664934 -0.70132333 1.4638196 -0.24808882 -2.1501207
577 -0.7539911 0.051773176 1.9439288 2.223699 -0.28951162
1295 -3.1550317 -0.4961827 0.6271248 -0.19822042 1.9669344
554 -1.0866772 -0.6835646 1.6245369 -0.275414 -2.2376466
1098 -1.0118507 -0.7590154 1.5706608 -0.26412332 -2.1451728
226 -0.8333608 0.12389064 1.636841 1.9912274 0.09940228
434 -0.8063344 0.03000093 1.8575504 2.1417158 -0.35861662
799 -1.5942345 0.21031071 2.9608378 -1.0441331 1.0955902
623 -0.84029835 0.070880406 1.8011701 2.0509148 -0.4455691
833 -0.13461071 -1.4153833 2.7198327 -0.9953766 1.7923748
831 -0.16337205 -1.3902972 2.8458593 -1.0022066 1.8358781
1583 -0.8266732 0.14254433 1.8951637 2.0935273 -0.0078024757
1107 -0.455503 -2.9114661 1.9802234 -2.104779 1.1428994
1272 -0.922986 -0.78831536 1.4122684 -0.33178088 -2.0048025
314 -0.33665535 -2.5289218 0.020951768 1.7041843 0.43633428
895 -3.114438 -0.58121896 0.023170322 0.15430199 1.2464681
1078 -0.68772215 0.049141888 1.901082 2.0160904 -0.28750348
1070 1.2811234 -2.884183 2.608449 1.1160452 0.1080813
1071 0.1431229 -1.7306383 3.1673052 -1.2517374 1.3900226
678 -0.9296573 -0.74120516 1.5121759 -0.18165468 -2.1358526
1412 -1.1354444 0.25421366 1.7634747 2.1277757 -0.28627607
1250 -0.8857751 -0.822607 1.437635 -0.4862234 -2.0270863
1337 -0.05490668 -2.6812038 0.14990248 1.8094931 0.5220299
445 -0.9361887 -1.037066 1.3506821 -0.08953906 -2.369539
1348 -0.70867926 -1.0660328 1.2002681 -0.473756 -1.8586195
995 -2.9315624 -0.4950193 0.1547137 0.044014633 1.2595927
571 -0.8134713 0.1643821 1.8786687 2.0099866 -0.26066494
1427 -1.1180049 -0.6998051 1.5099524 -0.11251565 -2.2067263
1426 -0.8974887 -0.820454 1.4522583 -0.12857625 -2.1519897
734 -0.9483847 -0.96285504 1.7089951 -0.26100323 -2.399389
1358 -3.153392 -0.12140794 0.49373472 0.41204733 1.429303
1511 -1.06417 -0.83707833 1.4635689 -0.18931712 -2.2245488
260 -0.5743988 0.034246437 2.0525846 1.9340796 -0.3985142
271 -0.67246825 0.04187788 1.9579202 2.047272 -0.33433312
103 -0.99347043 -0.8605911 1.4802059 -0.108374454 -2.2629497
91 -0.9672283 -0.79386497 1.5299081 -0.08707187 -2.2604587
558 -1.0747583 -0.91873693 1.4107562 -0.060160663 -2.3216033
680 -1.0053641 -0.6809223 1.5519575 -0.23273362 -2.1613874
249 -0.8946112 -0.86719203 1.4973377 -0.12403548 -2.244769
411 -3.1801007 -0.35807675 0.04520548 0.32895565 1.0389948
380 -0.92676413 -1.0485737 1.4327687 -0.3095965 -2.225973
801 -1.6234212 0.26094604 2.9174697 -0.97436816 1.2174981
1259 -0.7305474 0.15059768 2.2433462 2.0901058 -0.2875331
1526 -0.66143334 0.057289213 2.0211246 2.107076 -0.31853396
1236 -0.9635525 -0.91861874 1.2831975 -0.5008889 -2.0017662
1139 -0.8497366 0.105709925 1.9052525 2.0717359 -0.39146265
206 -0.5752627 -0.026178628 2.007272 2.0954456 -0.3361958
1372 -0.6107086 0.0043763192 2.0533016 2.057707 -0.40184617
753 -0.8427543 -0.8136647 1.5898129 -0.3558016 -2.120559
751 -0.7679671 0.05915875 1.9606929 2.119394 -0.31682825
754 -0.6732371 0.048850503 2.1234207 2.0376768 -0.37400055
636 -0.87106574 -0.8454782 1.424693 -0.21423115 -2.077427
614 -0.7636056 0.14094675 2.0285807 2.0232592 -0.43722662
967 -1.4552677 0.3289588 2.8132887 -0.7615618 1.174141
960 -0.98569477 -0.90126485 1.5262002 -0.20712124 -2.2520876
643 -0.9352041 0.17153274 1.7187892 2.1027005 0.16826226
1326 -0.79841596 0.16117509 1.9561316 2.0177958 -0.333431
712 -0.97401303 -0.7104385 1.3475116 -0.33352616 -2.0585454
997 -3.243182 -0.5372928 0.14066732 0.20686118 1.343313
124 -0.9671209 -0.80128103 1.5659527 -0.18794101 -2.2350256
986 -1.0306159 -0.84162253 1.5930161 -0.6210524 -2.0486634
560 -0.8505676 0.164448 1.82441 1.9995722 -0.26847643
686 -1.2838224 0.36826834 1.8476444 2.1465971 -0.14017865
1371 -0.6241779 0.085127644 2.162252 1.9278822 -0.44724318
173 -1.1070677 -0.7027771 1.5417498 -0.14062843 -2.1975133
548 -0.24058984 -2.3313053 0.10487288 1.9697758 0.5769165
761 0.0133051695 -2.2713401 2.7199183 -1.8981075 1.0655859
418 -0.86786985 0.2789593 1.966085 2.0324013 -0.16405816
363 -1.4016078 0.27261156 1.5102831 2.2451131 -0.23640005
361 -0.14473543 -2.6327696 0.06708364 1.8679178 0.38534227
152 -0.6669497 -1.1118022 1.3466731 -0.5299335 -1.9795691
436 -0.9128717 -0.8580726 1.4654926 -0.18564594 -2.1432755
433 -0.612041 0.008979516 2.1412425 2.0920513 -0.26872692
620 -0.99457955 -0.940847 1.4800693 -0.19082059 -2.3034706
1576 -0.18533893 -2.2664247 0.08625482 1.5657842 0.58402914
923 -0.8706884 -0.84388584 1.4014305 -0.09399003 -2.2104616
62 -2.1492796 -2.6052456 0.47680166 -2.1419325 -0.11343227
1038 -0.86818486 -0.76427066 1.448543 -0.30030763 -2.0765839
1101 -0.87905055 -0.89275247 1.6088578 -0.22921734 -2.1854277
213 -0.8689627 -0.77816606 1.5555248 -0.26738375 -2.067195
752 -0.9572814 -0.6869357 1.5973057 -0.43054432 -2.0385616
503 -0.7567712 -0.86124825 1.4292188 -0.4774008 -1.966046
467 -3.065755 -0.42474508 0.17354037 0.19707909 1.2730031
486 -0.662381 -0.038970344 2.0213907 2.1912508 -0.2584413
612 -0.0142903 -2.3548594 0.17921184 1.976841 0.41927525
1478 -0.963609 -0.76416206 1.4411885 -0.44472018 -1.9994731
887 -0.72899634 0.1947031 2.050581 2.0234284 -0.28813338
884 -0.9214669 -0.8444865 1.4202516 -0.22631715 -2.1095443
669 -0.9311359 -0.6120234 1.6443202 -0.444922 -2.0083737
1011 -0.5079338 -0.066801526 1.983237 1.9873729 -0.36131993
1333 -0.95456713 -0.9327263 1.5053638 -0.17305382 -2.2353811
968 -1.8494143 0.28048426 2.835987 -1.0149864 1.2052672
877 -3.1206713 -0.46706858 0.14938127 -0.04736953 1.1534953
1535 -1.8451303 0.5144321 3.1744285 -0.63143694 1.375884
890 -0.92649025 -0.71585155 1.4237192 -0.11655759 -2.0362277
1321 -0.73415655 0.049425337 2.06513 2.1878788 -0.34082356
996 -3.0011117 -0.48676482 0.1435522 0.00843285 1.191161
1200 -1.0103481 -0.70798147 1.4539348 -0.18963748 -2.1810634
287 -0.99596465 -0.66832596 1.53182 -0.43466553 -1.9955751
720 -0.9263106 0.07557703 1.4843565 2.1859567 0.116524644
474 -0.6449636 -1.191853 1.4966073 -0.6398784 -1.9707783
348 -1.7127008 0.36206216 2.7524905 -0.74359405 1.3164482
556 -0.98494875 -0.9357389 1.5175148 -0.33129376 -2.209647
1282 -0.3530244 -2.2196267 0.054622274 1.8582289 0.87379056
1377 -0.86797297 -0.7214787 1.3979479 -0.5291472 -1.8432567
409 -3.160599 -0.3824415 0.099842854 0.2598607 1.0759653
1242 -0.81856316 0.14550431 1.9687172 2.1054351 -0.3689957
1504 1.2278146 -2.7139955 2.3880272 0.9925168 0.61379176
1141 -0.9156143 0.16064398 1.5935118 2.0585938 0.20845012
368 -0.92560023 -0.8551916 1.5714214 -0.2558055 -2.1704392
366 -1.118974 -0.70830715 1.4641378 -0.30767915 -2.1553469
365 -0.7397375 -1.2233346 1.1684681 -0.5159364 -1.9388182
250 -0.92797285 -0.905236 1.5424559 -0.22583196 -2.2605479
1397 1.2039136 -2.7917395 2.5753777 0.9887531 0.33940172
1395 1.2854844 -2.8230176 2.8121114 1.165486 0.6054128
438 -0.9367057 -0.7660668 1.4809412 -0.25641543 -2.1101506
936 -3.072881 -0.3013383 0.23797345 0.2912912 1.1759127
828 -0.14698622 -1.3987036 2.696234 -1.0126905 1.811319
1487 -0.5259465 -0.08346214 2.038539 2.0564466 -0.5006322
1133 -0.754998 0.07747652 1.9250611 1.990318 -0.25856927
1132 -0.61484087 0.110769495 2.0215564 2.0117846 -0.2757867
205 -0.7862176 0.12435408 1.8544394 2.065605 -0.23671156
929 -0.8101909 0.088101625 1.8490198 2.118038 0.053513277
1584 -0.6600259 0.05718766 2.0072343 2.0304437 -0.32226735
635 -1.0063182 -0.7412407 1.5302463 -0.1730602 -2.2231724
1218 -0.76603687 0.16888556 1.9893448 1.8656511 -0.36018693
1023 -3.0321815 -0.11182507 0.58266485 0.4606431 1.7889546
609 -3.1866188 -0.05154429 0.35914025 0.43525523 1.1394813
192 -0.4403945 -2.35151 -0.037073724 1.9455569 0.91751105
857 -1.0361922 -0.8967786 1.3488832 -0.34455895 -2.1608496
852 -1.0743227 -0.85160995 1.439514 -0.29837176 -2.271424
1474 -0.98072356 -0.89850974 1.4030572 -0.16663574 -2.154427
498 -0.6560933 0.0028792787 2.0901494 2.14932 -0.43068835
972 -1.0397617 0.18786213 1.5469382 2.040263 0.08480583
777 -0.7715893 0.11235795 1.9656446 2.1181448 -0.34819895
312 -0.82076144 0.07153054 1.8222303 2.1370208 -0.09434021
441 -0.9941937 -0.72002476 1.5732429 -0.27685693 -2.1426847
966 -1.7358443 0.18192895 2.9510078 -1.0554461 1.3414675
1074 -0.7776141 0.06303316 1.7855123 2.145417 0.06880616
1417 0.11283323 -2.3339362 0.30680844 1.94424 0.36905113
957 -1.0164633 -0.79483265 1.4595323 -0.13232191 -2.210594
1240 -0.77527905 0.020127932 1.8365431 2.0980957 -0.23642239
584 -0.7464132 0.110539645 1.881939 2.0276427 -0.19724505
998 -2.988528 -0.40365657 0.18857071 0.05451399 1.1441287
176 -0.9178592 -0.6029057 1.5784746 -0.33051562 -2.034909
1114 -0.8045445 0.09233277 1.9396094 1.9925653 -0.36055106
1140 -0.7392156 0.10359149 2.1557717 2.0519297 -0.43179044
417 -0.6138033 -1.0994933 1.6520793 -0.54490954 -2.0426476
410 -1.6721529 0.48871726 2.917122 -0.6174986 1.2992847
1394 1.2167058 -2.9301498 2.7248452 1.0758747 0.74579364
154 -0.25253177 -2.3415363 -0.018490486 1.5953828 0.5912761
521 -0.8479733 0.12070023 1.9041139 2.1706114 -0.35192612
1231 -0.6119234 0.006308303 1.8330388 2.0398097 -0.31866238
238 -0.6478015 -0.015713256 2.0075612 2.1933553 -0.43087387
200 -1.4021912 -0.59064376 1.5270953 -0.70780593 -1.9608632
837 -1.0240936 -0.7625424 1.5909024 -0.22345416 -2.2847543
1586 -0.7783102 0.11292175 1.8314482 2.0254796 0.1690166
193 -0.466067 -2.3620522 0.0643696 2.1952524 0.7960199
1052 -0.7443254 0.07606432 2.2742238 2.2146811 -0.37333083
1476 -0.91546685 -0.9750656 1.4398186 -0.25593394 -2.1424289
491 -0.5152745 -1.3315792 1.5334738 -0.70572335 -1.8141642
670 -0.9771327 -0.78496206 1.4504138 -0.32584086 -2.148883
1252 -1.0366149 -0.75309914 1.3882588 -0.109859325 -2.140021
471 -3.1636076 -0.5275855 -0.010983556 0.19409579 1.2294999
1402 -3.1615777 -0.5007081 0.12028327 0.11743575 1.2248764
289 -1.0800257 -0.5185296 1.5123539 -0.42139253 -1.98148
1035 -0.33224374 -2.6794329 -0.02247262 1.771396 0.21292068
1186 -0.9069933 -0.74407554 1.5266384 -0.29944733 -2.052261
559 -0.54770815 0.03357082 1.8698859 1.7814823 -0.4917645
1199 -0.9536865 -0.70757914 1.6214867 -0.037449665 -2.3062916
1176 -0.71311736 -1.183663 1.2434133 -0.4448035 -1.9658597
689 -0.117522225 -2.5705373 0.12854794 1.7789252 0.42646635
169 -0.8486377 -0.66430503 1.4645364 -0.35744855 -1.8939879
1150 -3.1109369 -0.4360702 0.1779046 0.2110994 1.2500153
425 -0.9040982 -0.8744835 1.7260966 -0.17952292 -2.3616593
1391 -0.8568878 -0.7760107 1.5375307 -0.09759851 -2.1777256
817 -0.6602019 0.07055518 1.9045812 1.9222461 -0.47043988
524 -1.6133429 0.5886218 2.9271061 -0.63137364 0.9305172
792 -0.021588847 -2.3074286 0.29739195 1.8500192 0.58106315
1223 -0.7297889 -0.9672732 1.4414045 -0.23248444 -2.1228716
920 -0.62246317 0.022650305 1.999715 1.9857625 -0.38537988
786 -0.94127816 -0.7939702 1.5369695 -0.21605845 -2.2240121
1589 -0.92006207 -0.76440156 1.3940331 -0.39957258 -2.007466
1452 -1.5055209 0.1837488 1.5508078 2.4615622 -0.25377294
480 -0.051822785 -2.5429742 0.16150194 1.7480581 0.54680675
1477 -0.953527 -0.6269168 1.5445031 -0.48832703 -1.8710536
1304 -0.8827065 -1.0080022 1.3880411 -0.59651655 -2.03981
883 -0.9555223 -0.89815223 1.482782 -0.24409424 -2.140753
882 -0.79228693 0.053542055 2.0158448 2.1593585 -0.19852445
1310 -0.7586823 0.09737356 1.9074368 2.0694423 -0.18089204
315 -1.0640869 -0.68174237 1.4014925 -0.18484803 -2.073412
1418 -0.7663135 0.13281189 1.8707441 2.0652122 -0.06934657
1261 -0.9173246 -0.75752074 1.5203083 -0.25445122 -2.067573
505 -0.7486377 0.06319166 2.1430638 2.2367053 -0.43625373
598 -0.9569766 0.26494196 1.7087923 1.983991 0.14472277
586 -0.06289868 -2.3069727 0.15891548 1.9077129 0.34531245
587 -2.9767244 -0.12891409 0.35305804 0.35751513 1.1061378
123 -0.9770764 -0.80397445 1.5647764 -0.2041434 -2.1711085
469 -3.0639014 -0.49887335 0.15062289 0.2084148 1.3747405
989 -1.1450678 0.27181676 1.5832658 2.1038885 0.034431458
1368 -1.5029322 0.45200634 3.4058588 -1.018684 0.53320205
170 -0.98030126 -0.60607046 1.5124322 -0.35965157 -2.0695465
540 0.115622394 -2.2731018 0.35876185 1.8777322 0.5125945
549 -0.2968243 -2.372804 0.04876028 2.0138724 0.6127156
419 -0.5639079 0.030201348 1.9373116 1.8731003 -0.45754316
225 -3.1524386 -2.2042456 -0.80224067 -0.105047226 -1.3423027
1014 -0.72787243 0.091112986 1.8750815 2.004056 -0.34661973
1237 -0.7615866 0.13758042 1.9796265 2.0728216 -0.3017108
1006 -0.6780794 0.06526429 1.8821403 1.9439282 -0.28379065
836 -0.9965595 -0.9479327 1.5445348 -0.3014424 -2.2638283
1475 -0.9434227 -0.74425054 1.6219767 -0.1949361 -2.2319398
1262 -1.0364155 -0.8022859 1.5128956 -0.2194543 -2.2215743
897 -3.3851554 -0.5161176 0.1162796 0.07039475 1.2487504
676 -1.3937799 0.47564927 2.9887984 -0.67203456 0.97299397
677 -1.101972 -0.6673991 1.4329754 -0.64245796 -1.8896495
324 -0.016287476 -2.2797809 0.24415502 1.8481748 0.49011657
1428 -0.96619767 -0.7475523 1.4153751 -0.15939693 -2.0652163
736 -0.5369208 -1.3470112 1.361374 -0.43088526 -2.0599513
465 -1.0118847 -1.1761792 1.2100629 -0.3433979 -2.2378247
1513 -0.9671899 -0.841618 1.4728758 -0.18622394 -2.2323656
1512 -0.93824047 -0.86736333 1.5523819 -0.14623693 -2.2577608
356 -1.0201167 -0.9092656 1.3900692 -0.19794694 -2.1852767
1185 -0.9476115 -0.8055597 1.5138768 -0.24168155 -2.2107825
1165 -0.58290714 0.0022886533 2.0830836 2.0043619 -0.5142632
1168 -0.6469573 0.015776977 1.9386312 1.9506729 -0.3736175
1369 -1.2798218 0.34318596 3.24247 -0.9613461 0.6533956
299 -0.04505416 -2.586527 0.15882477 1.830626 0.56515974
1347 -0.7924176 -1.0498613 1.347969 -0.42518967 -2.0815744
1396 1.2479752 -2.7618735 2.6925993 1.1974356 0.5426116
812 -0.6917253 0.05606791 1.80451 1.952091 -0.25048032
1482 -0.5724043 -1.1605792 1.2591085 -0.4940243 -1.826153
790 -0.9569395 -0.61016136 1.6144297 -0.28752685 -2.0661075
610 -0.60682315 -1.0054365 1.3225565 -0.47992167 -1.7575779
1000 -0.6830766 -2.7793524 1.7415428 -1.896677 1.6997211
1580 -0.7788026 0.15425624 1.8780098 2.0945125 -0.16491319
755 -0.7305086 0.09865577 1.773968 1.9198533 -0.32865718
1449 -0.591704 -0.028212596 2.1310933 2.013347 -0.44994453
850 -0.8165285 -0.9956937 1.4901729 -0.27718154 -2.1454043
187 -0.97503203 -1.0193168 1.2627839 -0.4392666 -2.1167011
1043 -0.95709336 -0.9329879 1.3473735 0.021994034 -2.2129548
311 -0.5682415 -0.052071 2.1005764 2.1700826 -0.2661307
1091 -0.112552226 -2.4251242 0.05992679 1.9497845 0.34996995
953 -0.22133197 -2.2242908 -0.028805321 1.6242975 0.48304555
1067 0.1354873 -1.5978609 3.0129569 -1.2178695 1.2445668
1405 -3.0644667 -2.5421486 -0.8876833 0.11243286 -1.4380245
442 -1.0766343 0.13370872 1.5487133 2.1619663 0.061545547
1292 -1.0995357 -0.729357 1.4495796 -0.60875946 -1.9846225
326 -0.22248746 -2.44274 -0.1200214 1.6131579 0.6037984
261 -0.75457984 0.112355694 1.9933108 2.0541954 -0.2558688
985 -2.940107 -0.11386861 0.57543755 0.5537452 1.6949338
569 -0.42484587 -0.08304086 2.0707161 2.029775 -0.3639708
343 -0.24482092 -2.303928 2.2144172 -1.8965548 1.1961302
274 -1.0638624 -0.7807083 1.3981065 -0.5305618 -2.0918353
404 -3.2509835 -2.8366396 -0.9525936 0.03626842 -1.565975
377 -1.9367733 -3.0639043 -0.35212213 -0.50611705 1.7708645
1149 -2.959947 -0.41290048 0.20417927 0.16618556 1.3784727
1385 -0.7005568 -1.2107258 1.410215 -0.5140225 -2.0168972
802 -1.6719882 0.24376974 2.9127862 -1.0016445 1.1735631
1553 -0.33220243 -2.3095725 0.015696637 1.8993657 0.8971336
537 1.0522679 -2.6792824 2.2924404 0.38745368 0.4026028
538 -0.85479134 -0.91058844 1.1946889 -0.5025142 -1.8105851
1124 0.080329254 -2.2243917 0.29148468 1.7103087 0.53392595
523 -3.4913623 -2.1178825 -0.79738027 -0.26973087 -1.3213097
793 -0.021680973 -2.2624571 0.15849812 1.6729441 0.5010615
519 -0.6192586 -0.036874097 1.8760856 2.0314937 -0.41961786
1226 -0.9070955 0.057235062 1.5963122 2.1528077 0.010233008
629 -0.93165404 -0.92154425 1.4106435 -0.70267445 -1.9885925
832 -0.17689715 -1.4262123 2.8357882 -1.0481864 1.8216412
780 -0.8614118 -0.8636483 1.3819497 -0.5613209 -1.916799
1458 -0.2480168 -2.3588016 0.00335583 1.5499992 0.4644031
911 -1.0157421 -0.7632117 1.5198381 -0.2577248 -2.093478
488 -0.7426384 -2.4272017 -0.11397481 2.1739862 1.0957209
1084 -0.93482846 -0.6229432 1.6496644 -0.31188035 -2.0597386
860 1.2066777 -2.6523857 2.4608505 1.1500162 0.4556614
862 -0.7692447 -1.158509 1.1829951 -0.3845833 -2.0985608
881 -3.179048 -0.5176315 0.022096815 0.16094261 1.1826696
1042 -0.9559495 -0.8012316 1.579354 -0.18715042 -2.2474337
1469 -2.9112988 -0.020032017 0.6224986 0.79126024 1.7217127
1311 -0.68476945 0.10692199 1.9527779 2.1047544 -0.32357597
318 -1.0495582 0.23291649 1.714074 2.0483732 0.061882436
969 -1.6948754 0.27019158 2.8406148 -0.9009894 1.1104404
719 -0.27824342 -2.5674472 0.046785973 1.6559248 0.12149634
1540 -3.1160529 -0.23325191 0.21368463 0.275095 1.0656878
705 -0.26604998 -2.2757173 -0.0094299335 1.5645217 0.43168032
583 -0.691199 0.060053684 1.9851357 1.9582733 -0.4586845
573 -0.9289503 0.2741325 1.7446508 1.9169153 -0.18637577
739 -1.0067523 0.20166893 1.6246591 2.161838 -0.041121047
1565 1.2308959 -2.733453 2.63667 1.1201725 0.15293917
298 0.002908119 -2.3095324 0.23186626 1.8331068 0.45571697
1571 -1.4431868 0.46885532 2.9636931 -0.59472716 1.039722
1227 -0.7382433 0.07844808 1.7125095 2.0292418 0.059118483
240 -1.0462111 0.19383465 1.4856098 1.9666569 0.14146532
542 0.13502207 -2.3290074 0.28170043 1.6941792 0.322798
227 -0.74160033 -0.8285414 1.6117258 -0.4466367 -1.9353073
158 -0.71370625 -1.1897169 1.2227688 -0.49325502 -1.9455847
1251 -0.85504496 -0.87933797 1.4438797 -0.54854965 -1.9527974
525 -2.966087 -0.046434242 0.48300356 0.71038496 1.4598137
938 -3.0023053 -0.34001708 0.08500424 0.16998357 0.93933994
824 -0.19554499 -2.2478828 0.005560699 1.688697 0.33711243
822 -0.29372478 -2.183405 -0.043613188 1.6234866 0.46038595
1270 -1.0387604 -0.86405885 1.1999283 -0.7144511 -1.7725832
512 -0.7762105 0.20024505 2.1402988 1.9146487 -0.27414873
784 -0.8270556 -0.84137386 1.29037 -0.5516559 -1.895994
1219 -0.6444462 0.03099563 1.9176935 2.0206032 -0.42362377
1455 -1.143408 0.25204128 1.4768937 2.023282 0.019047061
1587 -0.87630445 0.17487824 1.7075658 1.9031352 0.10722553
1210 -0.022857765 -2.2466547 0.14893265 1.4968249 0.4270818
1470 -2.9414759 -0.13532342 0.6357753 0.36229032 1.8015103
495 -0.873408 -0.73265153 1.365015 -0.4551575 -1.8573173
1083 -0.72448 -1.2070518 1.2753384 -0.63852346 -1.8865858
1045 -0.7766943 0.11593526 1.7872312 2.0452323 0.07820881
763 -2.8747928 -0.19399622 0.6274542 0.32392162 1.7695253
1536 -1.0831114 0.15129815 1.4759274 2.1813579 0.15111676
1096 -0.12638742 -2.417628 0.093342744 1.694057 0.37670168
1092 0.045416277 -2.4612203 0.18045129 1.8132707 0.24257535
1416 0.14465538 -2.3584342 0.36227548 1.8648977 0.275281
1407 -3.1240396 -2.4127674 -0.87812227 0.12145222 -1.4726524
1543 -0.5814336 6.6038716e-05 1.9305656 1.8988659 -0.47050515
700 -0.523508 -2.6116483 -0.20867155 1.984305 0.5901009
994 -3.1027536 -0.6297216 0.07280628 0.11811402 1.244047
466 -0.8138246 -1.1212184 1.4234086 -0.34026673 -2.2676759
352 -1.5091984 0.43671516 2.7399247 -0.7076324 1.144443
351 -1.5910994 0.37583208 2.8601828 -0.7811172 1.110405
484 -0.6532414 0.0822278 2.0117958 1.9817616 -0.28924164
1299 -0.754642 0.00925745 1.6801304 2.1391835 -0.34696487
1572 -1.3548716 0.4683254 3.0351546 -0.60897404 1.2277753
395 -0.08708169 -2.38261 0.14884356 1.6920019 0.37897596
247 -3.1791878 -0.0060666353 0.42053425 0.53279704 1.082774
1546 -0.29029626 -2.2444735 -0.14216164 1.710818 0.38859817
1125 0.045710925 -2.3931053 0.2408466 1.748468 0.45712492
683 -0.2542517 -2.3970065 0.033148285 1.818327 0.3886333
1034 -0.6668012 0.009633876 1.8866023 2.090314 -0.4804065
845 -0.1590885 -2.1257036 0.043394275 1.7106683 0.44445273
1021 -2.7887626 -0.06385742 0.44564173 0.5256338 1.4734141
1278 -1.38432 0.38256928 3.0555577 -0.9639183 0.6413359
616 -0.59561384 -0.0038191774 1.7242458 1.9757068 -0.19769813
494 -0.9416487 -0.848766 1.3242623 -0.6049261 -1.9232682
188 -0.82482284 -0.7435965 1.503994 -0.5172461 -1.8956357
769 -0.17187595 -2.2160003 0.04650189 1.5984633 0.553309
766 -0.3564658 -2.321815 -0.049058832 1.708797 0.44779813
1411 -0.016977873 -2.1308424 0.21177596 1.6521363 0.61629176
595 -0.045584977 -2.4305975 0.1395407 1.5985872 0.4719431
449 -0.23687105 -2.2872555 -0.07329848 1.5125133 0.3670537
331 -0.56038946 -1.0744637 1.3335125 -0.5706175 -1.8207685
949 -0.83880895 0.07680736 1.745751 2.086743 -0.17774837
581 -1.0204891 -0.86790544 1.5479852 -0.28269 -2.204671
353 -1.6405797 0.46410814 2.9216087 -0.7553963 0.9828714
344 -0.5607973 -1.1681283 1.296262 -0.6057248 -1.727329
1283 -0.20471103 -2.1879303 0.115882345 1.8151753 0.6931639
1574 -1.0302169 -0.78151685 1.3579041 -0.6891798 -1.802559
393 -0.289886 -2.161419 0.059415568 1.5973098 0.50094193
1550 -2.9886 -0.29666126 0.45364392 -0.17548278 1.4275635
531 -2.9255164 -2.0428553 -0.84236103 0.16566612 -1.0851628
820 -0.8195591 -0.85471183 1.3250393 -0.08761535 -2.149489
209 -0.8711935 -0.66913456 1.5161867 -0.46571976 -1.8689303
781 -0.79537094 -0.8323584 1.4167362 -0.45906833 -1.8992662
1588 -0.86589026 -0.9161379 1.348351 -0.6924297 -1.811803
1212 -0.1435694 -2.1176212 0.14106736 1.7006131 0.4821814
1022 -2.7506535 -0.09301235 0.5333637 0.5531138 1.5922359
501 -0.73319256 -0.94070244 1.3220153 -0.45952448 -1.9042779
1209 -0.13776039 -2.2609777 0.0916337 1.6126826 0.39158362
1453 -0.8078425 0.18552926 1.6259328 1.8889564 -0.27336553
853 -0.58453274 -1.0775324 1.4845959 -0.4333483 -1.9222033
1056 -0.16909054 -2.3545463 0.028778149 1.6419216 0.41189292
667 -0.5689413 -0.022298053 1.9884826 1.9367074 -0.3591143
400 -0.093388125 -2.4239094 0.1403032 1.682647 0.29576176
1248 -0.47388196 -0.12002005 1.7561895 1.9310716 -0.39656046
1093 -0.2364327 -2.3702462 0.016907716 1.7312667 0.35151675
1530 -0.72942966 0.064629294 1.9949256 2.0528247 -0.36435792
955 -0.41284254 -1.2356766 1.5995675 -0.6134832 -1.9073745
701 -0.49761382 -2.433346 -0.15425156 1.8203322 0.69160587
1341 -1.4417495 0.26089853 1.5264364 2.4160423 -0.20203221
655 -3.344795 -1.8425514 -0.5994501 0.062250227 -1.6150842
1351 -2.730603 -0.19503665 0.49141288 0.4425416 1.6377298
723 -0.23593196 -2.2584934 -0.009976666 1.6245856 0.37007546
1361 -0.5367581 -2.3627148 -0.12713805 2.15724 0.65964335
341 -0.21065594 -2.3327293 0.036875974 1.8184532 0.37034515
1573 -1.3674039 0.4936608 3.146981 -0.6589739 0.8811414
241 -0.9102995 0.11000823 1.5063716 1.9213706 0.1694341
1362 -0.45582402 -2.2230809 -0.017594088 1.9607695 0.86477196
1520 -2.99248 -0.28104398 0.28255758 0.16473754 1.2282891
933 -1.1509036 0.121642776 1.395346 2.1795154 -0.14030373
932 1.132515 -2.5677145 2.6577263 0.9460649 0.54701024
937 -2.958555 -0.17086169 0.2351858 0.30508572 0.9525478
1481 -0.7177535 -1.2795094 1.2935766 -0.6968557 -1.8723432
794 -0.05683513 -2.2604825 0.18983985 1.8164213 0.6423912
1037 -1.0297036 -0.67211753 1.4071537 -0.37275097 -1.9671247
1204 1.1716375 -2.5835905 2.2768896 0.7585613 0.26906323
1217 -2.9050798 -0.34710595 0.1929124 0.4463966 1.4204947
464 -0.5621586 -2.2677386 -0.12513602 1.9841377 0.8999672
1350 -2.7753298 -0.080108635 0.5621687 0.5324183 1.6373733
1046 -1.1851059 0.21090227 1.5357568 2.140237 0.1194739
962 -0.94445693 -0.79959714 1.6111286 -0.20045735 -2.1782398
950 -0.67262536 0.14840041 1.9522768 1.9874934 -0.16816705
718 -2.7929604 -0.21980655 0.3927003 0.6419667 1.6595238
1069 0.036717772 -1.4279671 2.74114 -0.9767525 1.4988372
1066 0.062579244 -1.4683748 2.8235912 -1.1720476 1.3189237
648 -0.75957596 0.084926 2.002664 2.0622213 -0.5381429
1519 -2.9561539 -0.2649329 0.2100503 0.12515843 1.140557
357 -3.24283 -0.16159655 0.1585315 0.5063908 0.9960132
982 -0.8804035 -0.933277 1.524545 -0.32557744 -2.150503
1180 -2.711276 -0.22670183 0.33389625 0.2582866 1.299965
1560 -0.23034416 -2.261689 0.057118718 1.956656 0.65928745
879 -2.9673371 -0.41174504 0.15294027 0.14498757 1.2645633
873 -3.1123137 -0.22770864 0.23553249 0.20272422 0.90698296
166 -0.87560177 -0.871109 1.4123456 -0.17525017 -2.1220562
1152 -1.3877426 -3.2176476 -0.2802132 -0.73819494 1.2251357
53 -1.0088702 -2.4192536 1.1819488 -2.0123746 1.1386468
155 -0.15916477 -2.2205265 0.062287647 1.6415272 0.27548292
818 -0.71507984 0.16431996 1.950722 1.8983092 -0.5359248
935 -3.1623921 -0.23555188 0.2699113 0.214055 1.1400827
927 -2.8722425 -0.3234542 0.1575326 0.36480442 1.1337744
783 -0.0061798184 -2.430429 0.23462944 1.6887982 0.6774201
917 -1.1102241 0.5133721 3.2315 -0.52368575 0.83991444
757 -1.1635778 0.4585928 3.01598 -0.607731 0.75718844
1024 -0.6795685 -1.1700222 1.2708776 -0.4574528 -1.9696286
489 -0.5310899 -2.233722 -0.11688865 1.7978476 0.89128304
1336 -2.958716 -0.20456357 0.23227282 0.5635359 1.0973313
874 -3.0429935 -0.27106473 0.23202163 0.052845724 1.040322
1413 -3.0855362 -0.18213525 0.2180413 0.27490535 1.0789788
1255 -0.45249116 -2.2867749 -0.13584551 1.8115451 0.6484616
1409 -0.9649617 -0.7246361 1.4455798 -0.3225358 -2.040138
704 -0.14468624 -2.2696073 0.035398882 1.6742972 0.29991224
702 -0.41154313 -2.3433487 -0.18021978 1.6353995 0.5719622
658 -0.20232399 -2.2409868 -0.022113623 1.6235949 0.34550437
1357 -2.908157 0.024560494 0.45514485 0.67764825 1.1743894
563 -3.0451913 -0.14523786 0.20896351 0.3215251 0.8405353
398 -0.2860548 -2.1648214 0.01737827 1.6176623 0.6483337
362 -0.56576157 -2.5716136 1.6589319 -1.8373832 1.5018805
256 -0.9063416 -0.9768062 1.3136988 -0.37976012 -2.1604016
255 -0.11442959 -2.2019482 0.19327022 1.6959201 0.7597521
1257 -0.19816847 -2.3211775 0.049399756 1.7590413 0.79192525
682 -0.10493265 -2.170258 0.09024983 1.6176119 0.5586645
758 -1.2678902 0.43083075 3.0901911 -0.61590225 0.8501237
1025 -0.5795189 -1.149597 1.2094327 -0.39368793 -1.9050252
743 1.086407 -2.381227 2.3438637 0.835209 0.34855393
1316 -2.8636107 -0.053910226 0.40930238 0.47415617 1.2638113
401 -2.9129007 -2.1969972 -0.80149287 0.2633498 -1.4339423
1320 -0.82224476 0.093691066 1.6890333 2.0362675 -0.32460123
336 -1.1851498 0.2593368 1.4778461 2.1687145 0.13487178
468 -2.8637464 -0.39079234 0.14252304 0.227214 1.2250332
1518 -2.925077 -0.23093303 0.15315172 0.36878502 0.9879595
1381 -0.85770303 -0.83019423 1.241127 -0.6798681 -1.7553096
1287 -2.6442769 -0.13767506 0.32776415 0.48536038 1.2630274
514 -0.39111692 -2.1765656 -0.079073876 1.8711658 0.73552376
394 -0.19579215 -2.1627655 0.063718334 1.6994498 0.44797853
1501 -2.8859842 -0.22241244 0.1764976 0.37236708 1.0075489
1545 -0.350867 -2.0697365 -0.13746642 1.5205816 0.36328742
1554 -0.28778723 -2.1185427 0.034965347 1.7186486 0.87780166
1128 -0.6345936 0.044895835 1.7913378 1.99715 -0.4574074
821 -0.032695387 -2.1634068 0.117527574 1.5298351 0.38188758
630 -0.027814938 -2.285239 0.24325582 1.7678206 0.5887574
1207 1.16987 -2.5526373 2.4265049 0.9348756 -0.12212718
1356 -2.9897552 -1.7742169 -0.76846635 0.22319101 -1.205884
746 -3.2562375 -1.8727763 -0.62600946 -0.2767791 -1.2945714
861 -0.6242439 -1.0639557 1.1172961 -0.4207471 -1.8510109
1267 -0.2955231 -2.1575887 0.0218699 1.4954267 0.32317096
1466 -1.1992753 0.30393776 3.0485473 -0.8829167 0.74259585
1314 -2.640665 -0.12341543 0.4867217 0.45304295 1.695494
964 -0.5234984 -2.0979857 -0.053054515 1.9597075 0.84331995
1095 -0.14910017 -2.240946 0.05255257 1.4896326 0.45040888
1256 -0.24244124 -2.1620278 0.03711203 1.559714 0.9004529
952 -0.3361294 -2.099536 -0.04406292 1.6859816 0.39023823
954 -0.14751191 -2.382718 0.033295467 1.4931936 0.49677733
1404 -2.8066308 -2.2994115 -0.85975957 0.15259987 -1.3847469
33 -1.6407363 -2.3074923 0.40792906 -1.9260409 0.31193876
1245 -2.7623997 -0.14162576 0.35296002 0.3918427 1.4784806
706 -0.24125193 -2.1124265 0.013893733 1.507251 0.57185763
1502 -2.8300002 -0.21347299 0.1225711 0.30213848 0.9756545
1420 -0.22526516 -2.258432 0.008359363 1.3977344 0.57755136
1138 -0.10584773 -2.1547315 0.08283682 1.6361063 0.6593011
286 -0.18466783 -2.2552233 0.074532576 1.6065556 0.7245858
1116 -2.884577 -0.07334006 0.34039438 0.42007464 1.2912447
725 -0.1830115 -2.164253 0.03427299 1.4220539 0.30441183
479 0.00011444226 -2.3066099 0.1601605 1.7650479 0.43562332
1175 -0.60669655 -1.1679032 1.1359342 -0.4769387 -1.7190526
1017 -1.3595879 0.51680064 2.7109842 -0.60500246 0.87216705
930 -0.78674597 -0.7861004 1.3945198 -0.20791869 -1.9774878
626 -0.3811718 -2.229404 -0.15505603 1.5189221 0.35633007
1221 -0.53104424 -1.1489123 1.3457962 -0.47933426 -1.8373951
788 -0.6010058 -2.3461223 -0.19231223 1.7498671 0.85783637
405 -2.9182503 -2.3351517 -0.87651044 0.24255161 -1.471966
1211 -0.34463584 -2.2595057 -0.052829027 1.5354927 0.42594847
1457 -0.16168453 -2.1115546 0.068317294 1.6490394 0.3427012
847 -0.30601612 -2.0613232 -0.055156738 1.7069622 0.35504097
843 1.0047301 -2.34167 2.3187745 0.824498 0.65816885
1119 -2.838097 -0.24374178 0.23839128 -0.00032877713 1.0373325
1118 -2.8603978 -0.06776219 0.31260538 0.5568632 1.0530905
1465 -1.2882582 0.43763632 3.0244067 -0.8170152 0.56800514
1010 -0.80808693 -0.8210203 1.527878 -0.18833455 -2.0582993
870 -2.8969336 -0.29696724 0.13133527 0.23596804 0.95250314
768 -0.2728104 -2.0293195 0.08785788 1.7011477 0.4943863
1094 -0.31697473 -2.133844 -0.0029255028 1.6051062 0.6800136
1062 0.21191266 -1.4853058 2.8025718 -0.9986883 1.249227
1065 0.05889224 -1.4717046 2.6408195 -1.1895597 1.2324145
447 -0.26070496 -2.216758 -0.021611612 1.5603778 0.4212475
1246 -2.4951346 -0.1624945 0.36257252 0.42426375 1.3697772
334 -0.2606936 -2.1151354 -0.01412714 1.5360057 0.34531713
337 -3.0370398 -1.9799321 -0.80579954 0.17307016 -1.0585186
450 -1.0380951 0.08516841 1.3400482 2.1905503 -0.19141056
570 -0.75562966 0.07767034 1.8030914 1.9523693 -0.3754111
1352 -2.6033716 -0.050058577 0.44085565 0.4592858 1.4129483
1166 -0.2420502 -2.0984874 0.04770946 1.6034276 0.45630473
1167 -0.16822451 -2.1992567 0.029928926 1.629478 0.36565548
1172 -1.061249 0.21022043 1.6786256 2.142962 -0.3497226
1178 -0.56348693 -2.187772 -0.09040916 1.8674322 1.1582114
627 -0.3037242 -2.1986222 -0.028840557 1.5003879 0.5934323
1378 -0.8152289 -0.8387645 1.2613063 -0.47024038 -1.8112293
378 -0.009502548 -2.031569 0.13397104 1.5632495 0.16156131
371 -3.0778904 -1.7462786 -0.6762341 0.051778484 -1.249271
396 0.010707089 -2.1879213 0.12834439 1.6015849 0.19366013
1542 -2.9440873 -0.34783483 0.10810603 0.23953661 1.0425317
1551 -0.41573748 -2.0840902 -0.08383021 1.7098297 0.7663513
526 -2.7762825 -0.050199475 0.3181859 0.5736265 1.1536871
1235 -0.8273584 -0.74313325 1.4549812 -0.4227994 -1.9579375
230 -0.15949391 -2.0826612 0.0985805 1.6256955 0.63135266
231 -0.21098053 -2.0750582 0.0875585 1.5632997 0.351927
1286 -1.3159237 -2.7788348 -0.23877174 -0.6384895 1.0763252
844 -0.21282898 -2.1300478 0.017987626 1.5392722 0.5496197
1028 -0.14862111 -2.1220262 0.085646436 1.6665506 0.807933
1110 1.1699038 -2.630268 2.198871 0.74103093 -0.029477717
1448 -0.25096115 -2.0880845 -0.09929216 1.6625019 0.28889534
183 -0.6771431 0.068756774 1.9246469 1.959389 -0.31139225
310 -0.5788546 -1.1806122 1.427147 -0.5973403 -1.9008874
446 -0.29746103 -2.1155472 -0.019370373 1.6706661 0.32593396
871 -2.92138 -0.27419725 0.1654531 0.0889164 0.82977813
951 -0.12769887 -2.117987 0.122568466 1.6327618 0.34112525
1408 -2.7104502 -2.1363194 -0.82174265 0.32081565 -1.29594
448 -0.11772404 -2.2391207 0.07245315 1.4222114 0.36367562
443 -3.1551137 -1.9534078 -0.8440711 0.10716184 -1.1405097
333 -0.170373 -2.263622 0.023857873 1.6405792 0.031259827
707 -0.259303 -2.1034105 -0.034502655 1.5449532 0.5841365
1508 -1.1558682 0.41456488 2.7561042 -0.5494959 1.1405256
1422 -0.20422426 -2.2232883 0.02211875 1.5923723 0.28273195
737 -0.569598 -0.99798954 1.3683546 -0.6132373 -1.7647735
1514 -0.6083447 -1.0601321 1.361689 -0.4955053 -1.8836294
1360 -0.8043482 0.1790008 1.7598943 1.9020693 -0.32264808
340 -0.09218702 -2.1814482 0.020695409 1.4380946 0.4744703
625 -0.16926505 -2.0489502 0.099111654 1.5848998 0.6092538
1541 -2.7580793 -0.11863747 0.2308445 0.26836097 0.9589611
254 -0.070414774 -2.2340105 0.1699995 1.5078045 0.7355
808 -2.691098 -0.24825543 0.5201388 0.2574684 1.7532387
1159 -1.4859564 -2.97331 -0.31367454 -0.6284846 1.2223687
228 -0.26516613 -2.2269301 -0.048517626 1.6247091 0.30620295
235 -0.30245396 -2.1455905 0.08586428 1.9758387 0.64619476
797 -2.6629188 -0.025815405 0.38126183 0.44440222 1.2691607
1570 -1.3026428 0.40142423 2.7136738 -0.6794945 0.97637695
1206 1.1375353 -2.4124956 2.367876 0.9835904 -0.040079866
1202 1.0504572 -2.1432185 2.131138 0.7636891 -0.06809192
1215 -2.7412999 -0.31538215 0.3317356 0.3658264 1.5548453
485 -1.0444654 0.23357464 1.5995406 1.9849228 -0.16514637
908 -2.4425652 -0.13085061 0.45832944 0.49187544 1.5467411
1054 -2.7531407 0.0049027326 0.32091308 0.19925329 0.88623405
185 -0.8886016 -0.85585445 1.191694 -0.33806157 -1.9982646
1041 -0.353773 -2.2268698 -0.016685013 1.7347286 0.834611
1265 -0.045131233 -2.1909363 0.13500327 1.6415926 0.39181778
660 -0.18316388 -2.1949375 0.04488195 1.4721687 0.5367001
1468 -2.6383703 -0.08954036 0.45732084 0.37321085 1.3670944
646 -0.6057023 -1.2038728 1.3411654 -0.62665284 -1.8451303
1061 0.008156855 -1.3011128 2.4254725 -0.9852173 1.3861463
596 -0.5502206 -2.5385983 -0.23661414 1.6081179 0.72561187
1423 -0.24997385 -2.1951337 -0.02503414 1.4788085 0.4397437
288 -0.16748907 -2.2680998 0.048253153 1.6567693 0.3208907
1189 -0.471376 -1.2277303 1.237363 -0.63002384 -1.6160626
1366 -2.7593846 -0.2657674 0.15739492 0.20261797 1.0861619
477 -1.0315672 -0.53414065 1.4233503 -0.32809895 -1.8949876
342 -0.21232957 -2.177318 0.06711867 1.8126276 0.31054407
1190 -1.0593804 0.4151629 2.6988008 -0.57677937 0.6046633
1177 -0.48258132 -0.9601219 1.4580519 -0.5267112 -1.760371
1288 -2.5775976 -0.18466727 0.28811753 0.4001187 1.2804492
397 -0.13059364 -2.1294246 0.039175555 1.5699214 0.43652794
399 -0.24369812 -2.0879169 -0.07572541 1.4220406 0.6070339
698 -1.2358679 0.49610454 2.9606292 -0.5244361 0.94716436
1555 -0.16629928 -2.028987 0.10059276 1.7092611 0.6709237
156 -0.16938457 -2.160051 0.03900158 1.6004542 0.34129074
1121 -0.6582065 -1.0011686 1.2939171 -0.49364382 -1.8050952
1276 -2.756796 -0.26952556 0.18691532 0.24521402 1.1006014
628 -0.22968996 -2.042148 -0.026467506 1.535372 0.612123
1585 -0.86914927 -0.8106359 1.2027403 -0.08934737 -1.9808819
1459 -0.17782307 -2.1364064 0.050357807 1.5989071 0.5507635
846 -0.22630438 -2.0628307 -0.037337746 1.7049292 0.40369827
759 -0.46036786 -2.340292 -0.15216497 1.5221959 0.8683981
1205 1.0725507 -2.4517138 2.0788252 0.6873106 0.13570194
1308 -1.3386527 0.38223967 2.5517783 -0.70323884 0.8452181
1082 -0.4473996 -1.1065898 1.3754572 -0.6071281 -1.6902984
776 -0.16046244 -2.2267132 0.037103478 1.7016962 0.40516964
1266 -0.034604963 -2.2046716 0.12555163 1.5764679 0.22680694
963 -0.4342339 -2.0833385 -0.042103358 1.7398337 0.861511
760 -0.5701273 -1.1166518 1.3249737 -0.64309466 -1.7912552
716 -2.557468 -0.18744585 0.39226875 0.23706163 1.4580868
715 -2.4234002 -0.19585317 0.39160264 0.24248585 1.5474381
661 -0.2731852 -2.0809786 -0.0635639 1.5202962 0.29210427
1264 -0.24270178 -2.1436157 -0.008580964 1.5098289 0.47949022
1068 -0.013362795 -1.3436137 2.516326 -0.9326058 1.4651587
1247 -2.5867758 -0.11658542 0.41762453 0.50774175 1.3610818
1505 -1.2481155 0.39618683 2.710164 -0.64351195 0.8711365
999 -1.2719167 0.03614713 1.2416208 2.2910817 -0.20320995
1421 -0.28634387 -2.247517 -0.08002612 1.4989413 0.48527014
1181 -2.5489564 -0.10341533 0.3397337 0.38565874 1.288562
726 -0.19752616 -2.1518822 -0.078723885 1.3035395 0.36352175
276 -0.73905426 -0.89594895 1.046925 -0.41751486 -1.7079331
1579 -0.9126587 -0.7106796 1.2244974 -0.6212753 -1.7215774
1578 -0.30885154 -1.9357507 -0.021390984 1.5885713 0.26636133
413 -0.036074925 -2.139315 0.20772275 1.4154966 0.47919962
259 -0.32143167 -2.118016 -0.09853748 1.5810794 0.28575343
1153 -1.2986193 -2.9864352 -0.20936014 -0.77283025 1.1300133
533 -0.041875765 -2.2998383 0.1294065 1.3899356 0.5562883
430 -0.8705606 -0.76465684 1.421136 -0.096493594 -2.0326304
798 -2.6134589 -0.26503348 0.22702496 0.32638764 1.3016328
681 -0.2492488 -1.9588429 0.062386323 1.6349517 0.54596967
1216 -2.5630915 -0.11416077 0.4003356 0.47649273 1.4758788
500 -1.2029767 0.5011873 2.8241374 -0.6880177 0.6596471
1050 -2.67481 -0.120932154 0.23657809 0.36071238 1.1908234
1309 -1.348113 0.32743317 2.5007336 -0.7197914 0.9951243
1049 -2.6967983 -0.2504531 0.13438323 0.2698116 0.89307165
1263 -0.15131065 -2.1424572 0.04844499 1.6832511 0.41744387
1064 0.07541685 -1.314531 2.6463335 -0.95695436 1.2434402
592 -0.16191612 -1.9844643 0.11795688 1.6724479 0.1620218
944 -0.9724018 0.36249182 2.7555933 -0.49278918 0.98166364
1349 -2.4683805 -0.18614037 0.39817995 0.36426508 1.5636287
659 -0.27724907 -2.1010313 -0.022986013 1.2937032 0.51525885
1117 -2.7079895 -0.21403103 0.25474548 0.2440629 1.2697378
1160 -1.4289591 -3.0056295 -0.28829053 -0.7039404 1.2167234
1191 -1.3144675 0.3938621 2.747449 -0.7937426 0.7784009
1342 -0.5603537 -2.217027 -0.19719352 1.806718 0.8734383
1367 -2.6958694 -0.21508887 0.2128963 0.38696364 1.1944113
1364 -2.7474134 -0.2332216 0.21827479 0.28190783 1.1679008
1154 -1.2902141 -2.7526443 -0.2381135 -0.650203 1.1411824
1008 -0.42090452 -0.96059126 1.3985529 -0.5375705 -1.6870915
207 -2.548609 -0.361094 0.2463041 0.23248097 1.3008369
1214 -2.573318 -0.26249698 0.16103949 0.43450016 1.2292322
1306 -1.4496738 0.5359761 2.7062027 -0.58157736 0.93520355
1047 -2.8656876 -0.35423052 0.10183178 0.21289855 1.0111128
1467 -1.2976903 0.3692272 2.9006925 -0.87417287 0.6363175
892 -1.1622725 0.34055385 2.8432844 -0.8285927 0.6570588
1415 -2.7267828 -0.30614325 0.09374482 0.43256602 1.077538
717 -2.6131485 -0.035257883 0.34656656 0.2536093 1.3509552
1547 -0.18708764 -1.9811212 0.009429746 1.3615125 0.56447697
338 -0.22780226 -1.9658372 0.03288568 1.3399365 0.41135144
335 -0.15494712 -2.0755663 0.08529904 1.5583009 0.32571465
1464 -1.2275611 0.32458127 2.7229936 -0.7690651 0.7602899
657 -2.8577552 -1.7673211 -0.7069955 -0.20340592 -1.0337522
1275 -2.798304 -0.11880775 0.2858114 0.20203328 1.0336215
350 -2.4961696 -1.7160771 -0.69038844 0.030017052 -0.9278635
1561 -0.26737309 -2.156945 0.0347354 1.616885 0.9806393
1005 -1.1254044 0.21285726 1.4600236 1.9739082 -0.111802004
1289 -2.638849 -0.0799005 0.2659532 0.544999 1.0971955
1575 -0.085229635 -1.9689168 0.11155576 1.5482588 0.12192208
375 -2.626829 -1.6184224 -0.5938568 0.008191758 -1.2407142
1500 -2.855013 -0.21692929 0.10840311 0.34963664 0.8585337
693 -0.8731594 0.389838 2.923051 -0.37350923 0.84050757
694 -1.1597717 0.4277035 2.7507546 -0.6335104 0.8370432
532 -2.7570455 -1.8282918 -0.7769112 0.36823988 -1.0930947
229 -0.27737603 -2.078443 -0.004527698 1.5710107 0.21129929
823 -0.1585392 -1.9649938 0.052574087 1.6890912 0.36588043
795 -2.380115 -0.22154182 0.265097 0.4673512 1.3483762
912 -0.8276743 0.27837834 2.9009833 -0.5752562 0.7735032
665 -2.5658355 -0.09462632 0.3267852 0.47756183 1.1926389
1460 -0.25645772 -2.3759205 -0.111628704 1.3474432 0.4461637
1313 -2.6849601 -0.011010546 0.24817617 0.5219275 1.143859
319 -0.7705148 -0.74101007 1.2419146 -0.07485326 -1.8351597
767 -0.07921065 -1.9804286 0.068749085 1.553545 0.35049823
339 -0.2902002 -1.9715077 -0.025158253 1.5811594 0.2702268
332 -0.37839785 -2.0802774 -0.06629643 1.5207864 0.31788415
1365 -2.6564994 -0.02040979 0.4524817 0.22596091 1.1795311
1503 -2.5740924 -0.09084218 0.2797406 0.18778305 1.0270197
1506 -0.95156264 0.33962426 2.6180573 -0.5011889 0.815561
1548 -0.15521067 -2.1016488 0.09031672 1.4241852 0.5195102
547 -2.5213966 -1.972468 -0.8143548 0.0046867053 -0.9802225
1122 -0.6469636 -1.0081893 1.1563387 -0.67361647 -1.6729957
1123 -0.5423999 -0.8494963 1.3582515 -0.79070485 -1.4185598
796 -2.5221956 -0.12550984 0.3362942 0.38482305 1.3177755
631 -0.45183685 -2.2415662 1.657941 -1.7577224 1.0999471
840 -2.6743543 -1.8839211 -0.7941087 -0.08667719 -1.0989444
1029 -0.15528549 -2.0366333 0.12920552 1.7695491 0.55174696
1414 -2.5616605 -0.11130152 0.25247416 0.26769444 1.0459335
1529 -0.5740256 -0.8815877 1.3306845 -0.45851496 -1.6827371
1406 -2.4368253 -2.2200625 -0.8146115 0.18617307 -1.2293006
696 -0.8608922 0.3523944 2.885266 -0.5569709 0.8251809
945 -1.072662 0.34655133 2.6915784 -0.5042428 0.86430496
1509 -1.0871971 0.33588237 2.6754203 -0.5665777 1.0239208
1208 1.1574453 -2.3084688 2.1666074 0.76365227 -0.016289508
1111 0.924294 -2.2792792 1.7648443 0.60325646 0.13002683
1562 -2.4984894 -2.0340812 -0.83617616 0.14724839 -1.0193465
724 -0.22735247 -1.9590117 -0.1361164 1.2005557 0.48601538
258 -0.21137469 -1.9909143 -0.07483601 1.1808243 0.5362116
530 -2.6043372 -1.6231145 -0.7154811 0.19986545 -0.8349423
481 0.93674904 -2.0755908 1.890525 0.63594186 0.45624605
496 -2.4066381 -1.8363142 -0.69885314 -0.09835756 -0.95311874
865 -0.54902047 -0.92790335 1.4063241 -0.553297 -1.6219709
664 -2.596964 0.008606008 0.39206493 0.33686933 0.99949306
1312 -2.3897598 -0.182156 0.29494998 0.26267788 1.3778182
641 -1.031512 0.19767548 1.3474104 1.9264278 -0.37581
666 -2.6489084 -0.10616432 0.20302868 0.22777393 0.7794623
452 -2.558354 -1.8855244 -0.7623524 0.16632985 -1.0492195
652 -2.965166 -1.6027769 -0.6222421 -0.13104005 -1.2061893
1290 -2.5447025 -0.25037867 0.22841069 0.22454831 1.1703491
1577 -0.37687767 -2.008717 -0.10542599 1.475746 0.4627125
1507 -0.9547337 0.3522147 2.5080256 -0.4466052 0.89796567
1158 -1.384072 -2.6685593 -0.27689284 -0.6657329 1.0639632
1155 -1.2147771 -2.602984 -0.19845892 -0.72229666 1.0130228
1156 -1.2733983 -2.301027 -0.20642927 -0.5366835 1.1504065
223 -0.66396064 -0.9459865 1.1266208 -0.565344 -1.6280342
1225 -0.3634975 -2.0987735 -0.109486595 1.4770868 0.30502072
1273 -2.5142684 -0.2755713 0.24119575 0.113305695 0.9871538
1060 0.39409444 -1.4395066 2.4378026 -0.9561094 0.77769667
1244 -2.4336393 -0.07349876 0.44045404 0.5253355 1.355748
1294 -2.5448139 -0.35632357 0.23537572 0.15880412 1.2837889
1563 -2.5965157 -1.8526698 -0.7201547 -0.00976041 -1.117247
376 -2.6580899 -1.5018494 -0.57741445 0.09406362 -1.2226782
1157 -1.2112993 -2.617849 -0.19953668 -0.5783334 1.0763341
684 -0.13260876 -1.7854414 0.049183037 1.5068593 0.27829328
1307 -1.1508869 0.35802397 2.2724557 -0.65369475 0.8871942
1048 -2.3439279 -0.08639862 0.357789 0.3701724 1.1126726
1456 -0.26215532 -1.9927573 -0.10601879 1.1412795 0.2824022
1203 0.92914766 -2.0981839 1.7465397 0.49568745 0.0320018
1274 -2.416094 -0.42598385 0.092835754 0.15843531 1.1233269
1315 -1.3340161 -2.2127495 -0.23220591 -0.448479 1.2805362
458 -2.1242688 -1.7021654 -0.6494951 0.21259576 -1.1752462
839 -0.19345126 -1.6092131 0.023507044 1.402089 0.7683776
457 -1.9038032 -1.6894491 -0.68775684 0.39772323 -1.0018731
454 -2.191627 -1.4750484 -0.5843296 0.38614243 -1.1456224
