1199 5
2 -0.844568 -0.235178 0.200803 0.057727 0.054505 
1 -0.965935 -0.382717 0.033646 -0.147088 0.059453 
4 -1.567425 -0.316350 -0.000576 0.387272 0.464600 
5 -1.754237 0.224286 0.538657 0.911387 -0.574845 
7 -1.070581 -0.245483 -0.019605 -0.162640 0.181509 
8 -1.523604 -0.457492 -0.052441 0.259935 -0.018033 
10 -0.779297 -0.127065 0.199396 -0.116399 -0.129286 
11 -1.469840 -0.792268 -0.134211 0.075039 0.038593 
13 -1.165090 -0.574352 -0.029448 -0.088889 -0.191063 
14 -1.405275 -0.249781 0.035505 0.299466 0.049509 
16 -0.947098 -0.595645 0.154862 0.150005 0.134812 
135 -1.715524 -0.585478 -0.349834 -0.339452 0.275951 
181 -2.579528 -0.184237 -0.309969 0.175466 0.958887 
315 -1.758897 -0.016312 -0.310955 -0.378252 0.476356 
335 -2.958121 -2.609091 -0.219127 -0.047502 -0.017122 
364 -2.673982 -0.019435 -0.748473 -0.931466 -0.032792 
637 -2.897020 0.955702 -0.009383 -0.836164 2.756158 
916 -5.702236 1.190412 -0.210240 0.661729 2.445365 
17 -1.748929 -0.335506 -0.215173 0.107247 0.261008 
19 -1.721644 -0.601845 0.118744 0.555690 -0.247486 
21 -0.584083 0.098836 0.507544 -0.891616 -0.310819 
25 -2.016684 -0.259317 -0.182317 0.177732 -0.133081 
26 -0.588004 0.462977 0.731180 -0.911349 -0.177835 
48 -2.093717 -0.411722 -0.039410 0.580279 0.393828 
60 -2.702819 -0.451452 -0.096858 0.749896 0.379907 
104 -1.834321 -0.563188 0.055310 0.480413 1.037945 
146 -0.416432 -0.073511 0.526406 -0.626328 0.490468 
168 -2.338821 -0.215902 -0.177716 0.603333 0.279826 
170 -2.194738 0.215947 -0.047364 0.462048 0.751106 
223 -3.108384 -0.321086 -0.594578 0.004024 0.683215 
231 -3.263462 -0.002494 -0.309106 0.452948 0.809211 
255 -3.595812 -0.391648 -0.507916 0.446469 0.668772 
262 -3.175914 -1.347570 -0.632936 -0.381564 1.272347 
272 -2.371139 -0.132983 0.132466 0.267044 1.728932 
293 -3.933557 -0.274671 -0.333696 0.787585 1.006273 
314 -3.762817 -2.021754 -0.173841 0.850893 1.221026 
320 -3.244931 -0.079144 -0.395426 0.377202 0.305751 
374 -1.733858 0.210912 0.783348 1.053362 1.721251 
803 -2.285641 -3.234399 0.320233 -0.685606 1.402366 
995 -2.844024 -1.059377 -0.061299 -0.376805 2.302197 
1035 -3.454454 -0.250818 1.022167 1.574300 -0.926326 
1052 -3.381042 -0.330605 -0.610731 -1.545679 2.362276 
3 -0.566934 0.376869 0.609788 -0.167505 0.037779 
28 -0.459214 0.030990 0.511137 -0.549897 -0.074223 
30 -0.462237 0.440849 0.889187 -0.466901 0.616630 
31 -0.572262 0.330277 0.692175 -0.675379 -0.262838 
33 -0.663027 -0.106428 0.267206 -0.139920 0.146979 
34 -0.501017 0.302835 0.696802 -0.332064 0.295843 
36 -0.556145 0.105629 0.500446 -0.633922 -0.257849 
37 -0.759155 -0.037038 0.262782 -0.801514 0.972481 
39 -0.384303 0.437500 1.058346 -0.946159 -0.200006 
40 -0.521112 0.727581 1.489114 -1.265029 -0.768346 
43 -0.375376 0.723086 1.290526 -0.902628 0.561758 
86 -1.769765 -0.108466 0.093422 0.440977 0.941607 
148 -0.487975 0.062552 0.540983 -0.887112 0.361347 
252 -0.580510 0.282643 0.603158 -1.242823 0.015908 
543 -0.583610 0.686936 0.957721 -1.217676 0.752198 
622 -0.867428 0.583922 0.689274 -2.113096 0.192850 
654 -0.321292 0.851983 1.784200 -1.604057 0.946976 
711 -2.597840 2.305477 1.050798 -3.812046 0.005534 
1101 -0.868637 1.958982 3.260134 -3.161250 2.739495 
1188 -2.225919 3.083543 2.480538 -1.464313 2.196512 
6 -0.453532 0.048965 0.535127 -0.696030 -0.174448 
9 -1.414879 -0.214762 0.001015 0.252045 0.068581 
15 -1.474472 -0.841199 -0.056018 0.137183 0.317656 
18 -1.866160 -0.179425 -0.155944 0.214558 0.225064 
23 -1.469673 -0.314747 0.109618 0.552446 0.266608 
24 -2.230335 -0.228900 -0.083763 0.541782 0.801370 
47 -2.149980 -0.699930 -0.177119 0.356073 0.578817 
51 -2.000395 -0.487630 -0.369795 -0.193430 0.687436 
52 -1.739888 -0.267004 -0.009268 0.535521 0.242376 
55 -2.069212 -0.436563 -0.098131 0.448897 0.332413 
56 -2.160207 -0.569799 0.017949 0.556956 0.958687 
58 -1.415382 -0.260620 0.160897 0.508804 0.296306 
59 -1.697800 -0.591332 -0.037074 0.401674 0.071758 
61 -2.206486 -0.783838 -0.065896 0.581249 0.040354 
62 -0.961435 -0.199495 0.041471 -0.136521 0.269406 
64 -1.962218 -0.675937 0.075202 0.699565 0.575546 
65 -1.867058 0.068943 -0.070772 0.333428 -0.112703 
67 -0.974996 -0.399113 0.164302 0.197540 0.267196 
68 -1.124321 -0.159151 0.078190 -0.142582 0.970367 
70 -2.423407 -0.413016 -0.039183 0.661531 0.680588 
72 -1.314827 -0.286365 0.201558 0.556859 0.268446 
74 -2.166208 -0.668109 -0.234954 0.236319 0.721841 
75 -2.232230 -0.610103 0.034502 0.694664 0.636558 
78 -2.716152 -0.446218 -0.297156 0.412264 0.748044 
79 -1.210252 -0.193899 0.160722 0.238287 0.681595 
81 -1.713194 -0.086814 -0.016247 0.356456 0.446517 
82 -1.992422 -0.425622 -0.093133 0.421954 0.619658 
84 -1.632607 0.373592 0.235149 0.583277 0.489194 
90 -2.401391 -1.181695 -0.215803 0.340852 0.335456 
91 -2.199296 -0.464805 0.070808 0.759085 0.071736 
93 -2.277737 0.022127 -0.256569 0.274674 0.613025 
94 -0.762753 0.184872 0.587251 -0.399134 -0.791116 
96 -2.140543 -1.081131 -0.124950 0.465201 0.424627 
97 -0.945236 -0.365049 -0.009023 -0.338344 -0.295916 
99 -2.240796 0.005305 0.333315 1.172512 0.166031 
100 -1.779727 -0.154296 0.084569 0.517865 0.870189 
102 -1.752539 -0.085565 -0.003293 0.189413 0.860802 
103 -2.561220 -0.562095 -0.318390 0.321576 0.914185 
105 -3.233804 -0.855372 -0.341392 0.595000 0.878861 
107 -1.777968 -0.304158 0.095692 0.634095 0.567100 
139 -1.948363 -0.503975 -0.107710 0.391294 0.343671 
152 -1.950169 -1.695830 -0.099388 0.276169 0.658038 
176 -2.554883 -0.205883 -0.230907 0.438320 0.535935 
201 -1.641820 0.422700 0.289770 0.611395 0.501135 
206 -2.423725 -0.520569 -0.269463 0.333515 0.720875 
219 -2.703360 0.023375 0.467242 0.939038 2.049304 
220 -2.664253 -0.242979 0.185076 0.808885 1.658431 
227 -1.286637 -0.052007 0.279610 -0.013882 1.503066 
230 -1.484962 -0.097945 -0.168462 -0.270284 0.898013 
297 -3.081971 -0.104563 -0.320864 0.256506 1.282434 
332 -2.718032 -0.346438 -0.329482 0.180702 1.134815 
359 -1.911738 0.037821 0.123248 0.236734 1.486241 
377 -2.522884 -0.407186 -0.276063 -0.354070 1.948708 
415 -3.574168 0.507354 -0.224450 0.131704 1.884295 
426 -4.190542 0.953027 0.346585 1.027266 2.540726 
901 -4.184321 -0.263023 2.431769 3.312571 2.928480 
1216 -0.889880 -0.457409 1.500170 -0.626420 3.811165 
22 -1.643628 -0.235092 -0.092910 0.261325 -0.053221 
57 -1.945493 -0.018920 -0.004285 0.450149 0.145718 
77 -2.487437 -0.876686 -0.203251 0.534724 0.471893 
92 -1.289847 -0.029409 0.085202 0.285500 0.581497 
109 -1.864994 -1.593195 0.175209 0.650432 0.639252 
110 -1.934048 0.427915 -0.181847 0.079417 0.185632 
112 -1.270901 -0.084030 0.085737 0.233697 0.581147 
113 -2.149776 -0.468457 -0.234597 0.199123 -0.047664 
115 -2.178045 -0.970385 -0.263946 0.187636 0.314887 
116 -1.542014 0.313075 0.147966 -0.745671 1.945777 
159 -2.708011 -0.511563 0.029906 0.820408 0.932533 
165 -2.321128 -0.283536 -0.423281 -0.048035 -0.004122 
204 -2.292878 -0.364375 -0.350699 0.073102 0.468691 
236 -2.411285 0.149817 -0.126953 0.086344 1.519035 
261 -3.139009 -0.212701 -0.698563 -0.702440 -0.422744 
266 -1.917799 -0.111016 0.133105 0.487546 0.013352 
267 -3.021710 -0.302641 -0.557903 -0.020053 0.437371 
318 -3.370305 -0.329499 -0.457806 0.200354 1.259272 
322 -2.232563 -0.384695 0.433072 0.954141 1.793072 
348 -1.588161 0.517372 0.257467 0.086540 -0.569582 
403 -1.022286 0.999442 0.725861 -0.734874 0.397458 
466 -3.886722 -2.521711 0.264147 1.391692 1.020868 
620 -4.531050 0.378707 -0.444399 0.616097 1.358873 
898 -2.232743 -1.382864 0.258235 -1.132376 -1.913459 
906 -4.751315 -0.412393 -1.259136 -1.934752 1.595437 
949 -0.064758 0.009472 0.060048 -0.012522 -0.043980 
1008 -3.772396 -0.013037 -1.045985 -2.212699 -0.103751 
1042 -3.145893 -1.408203 -0.074226 -1.060745 2.967903 
1047 -4.459403 0.539659 -0.468281 -0.359108 2.541453 
27 -0.728205 0.466711 0.635286 -1.074593 -0.471212 
35 -0.495262 0.415741 0.936283 -0.502643 -0.374426 
38 -0.435993 0.073804 0.897133 -1.000421 -0.650000 
53 -1.640296 -0.122415 -0.218934 -0.105343 0.291481 
66 -0.984481 -0.365894 0.084273 -0.066872 0.468359 
101 -2.268509 -0.572543 0.062227 0.790027 0.542007 
118 -0.616030 0.172405 0.508139 -1.200627 0.010063 
119 -0.518642 -0.196716 0.418659 -0.525762 -0.260778 
121 -0.649316 0.117716 0.760193 -1.500910 -0.853172 
122 -0.495120 0.095992 0.657706 -1.149581 -0.180093 
125 -0.526712 0.167324 0.689806 -1.226986 -0.221819 
126 -0.465705 0.048415 0.727865 -1.457886 0.165381 
149 -0.466517 -0.065024 0.445623 -0.533697 0.337932 
167 -1.632358 0.199042 0.054783 0.031837 1.120602 
208 -1.463820 -0.763910 -0.253515 -0.348893 0.034782 
241 -0.573095 -0.444120 0.233193 -0.819952 0.472478 
244 -0.441602 0.285750 0.842105 -0.899173 -0.170319 
250 -0.743775 0.144515 0.321903 -0.278968 0.186592 
253 -0.505793 0.136279 0.659913 -0.752287 -0.162577 
283 -0.476339 0.180293 0.604481 -0.935048 0.483931 
285 -0.589171 0.253310 0.601535 -0.781267 -0.111993 
357 -0.506525 0.648420 1.226894 -1.015744 1.981264 
387 -0.540848 -0.227628 0.378861 -1.083839 0.662294 
388 -0.442189 -0.208194 0.579963 -1.134184 0.971953 
395 -0.539290 0.324460 0.874337 -1.800561 0.456974 
398 -0.541915 0.801268 1.174494 -1.094904 1.063886 
439 -0.445957 0.180178 0.790612 -1.364759 0.124577 
441 -0.250997 0.420605 1.583662 -0.895595 1.796684 
448 -0.761305 0.197080 0.515426 -1.614487 0.939392 
452 -0.423539 0.139901 0.887915 -0.850015 1.471497 
454 -0.455279 0.275400 0.792521 -1.036275 -0.010277 
456 -0.585190 -0.098034 1.538775 -2.680488 2.097628 
458 -1.014115 1.159060 1.082122 -1.056012 -0.423361 
462 -0.634632 -0.082925 0.893172 -2.134104 -0.844270 
468 -0.389789 0.315942 1.029386 -1.615448 0.263321 
473 -0.892710 1.334283 1.377495 -0.192491 0.018203 
478 -1.101531 1.355535 1.077393 -1.059320 0.698449 
481 -2.089799 2.765731 1.897214 -0.484989 0.904914 
484 -1.504740 1.587855 1.019675 -1.489162 1.350191 
494 -2.491402 2.854507 1.576310 -1.609628 -0.478170 
499 -0.633109 0.382777 0.700540 -1.200456 1.137125 
503 -0.554437 0.431712 1.052338 -1.261153 1.665536 
508 -1.211580 0.886093 1.569483 -3.723421 1.659677 
512 -1.160713 0.902965 0.979753 -0.822431 2.315596 
513 -1.449762 0.018236 0.028065 -2.901051 0.245259 
515 -1.127601 0.673247 0.499096 -2.099809 1.027882 
523 -0.531677 0.328145 0.696417 -0.525783 0.223720 
535 -0.892948 1.020982 1.457119 -0.528043 2.604911 
539 -0.933459 1.105887 1.127493 -0.932423 -0.653308 
542 -1.344537 1.274132 0.707270 -2.136936 0.778988 
550 -0.470130 0.867651 1.963292 -2.708938 0.506887 
552 -1.132680 0.761457 1.169777 -0.574133 2.674482 
558 -1.195403 1.153923 0.837715 -1.429636 1.298705 
565 -0.740736 0.807439 0.967008 -1.116351 -0.204246 
573 -0.471870 0.356058 1.021535 -1.491199 0.748685 
574 -1.032568 0.604996 0.618735 -2.036941 0.857965 
588 -2.482346 -1.880306 -0.219837 -0.491625 1.333527 
599 -0.495421 0.592863 1.220642 -1.490307 0.891616 
602 -1.827547 1.113314 0.146527 -1.415877 0.045841 
604 -2.135275 3.087100 2.179559 -3.029487 -0.231926 
626 -0.825704 0.654452 0.687066 -0.696142 1.478582 
627 -0.221022 0.839794 2.013562 -1.414219 0.373446 
632 -1.010352 1.207730 1.218412 -2.017474 1.088182 
634 -1.400749 0.974775 1.524630 -2.824472 3.207274 
647 -0.965828 1.217851 1.052240 -1.551305 0.459651 
650 -0.526001 0.732757 1.772132 -1.521663 2.527363 
655 -0.852905 0.499697 0.633682 -1.040387 1.531177 
656 -0.332954 0.883634 1.847313 -1.121368 1.721510 
662 -0.949627 1.125713 1.029558 -2.025305 0.333410 
668 -0.694890 0.285569 0.774882 -1.079850 1.553028 
681 -2.929594 3.608538 2.505955 -0.463728 -0.325184 
690 -0.273040 1.251506 2.986987 -2.791595 0.271722 
697 -0.367913 0.564911 2.070441 -1.506689 2.505007 
702 -1.656200 2.130980 1.460456 -2.313022 0.621378 
706 -0.819576 1.525229 2.180095 -2.933322 0.770036 
715 -1.505048 2.513643 2.628819 -2.820618 2.335161 
719 -1.033875 0.919907 0.630415 -1.097005 1.082403 
725 -0.617374 0.709173 1.190746 -1.564516 0.526407 
726 -0.385600 1.026000 2.169129 -1.878674 1.110409 
730 -0.480623 1.834875 3.065478 -2.378848 0.533485 
737 -2.245134 2.190350 1.171908 -2.209041 -1.121681 
747 -1.395901 1.741321 1.203385 -2.040531 0.037054 
748 -1.678973 2.080301 1.590500 -3.078090 0.618065 
757 -1.146669 0.000429 0.321863 -2.768905 0.239860 
767 -0.919608 0.716626 1.193455 -1.713534 2.454854 
834 -0.698383 0.786621 0.880619 -1.163029 -0.285142 
872 -3.348353 4.294779 2.643311 -2.752161 0.003293 
876 -1.044619 1.210652 1.095564 -1.632991 1.515044 
879 -2.306108 2.483097 1.266650 -0.938086 0.501001 
881 -0.742022 0.686567 1.892755 -2.657417 2.551934 
887 -2.129909 2.714099 1.926075 -3.539719 0.802187 
911 -0.531418 -0.001273 0.819406 -1.493046 1.645085 
930 -1.276885 -0.005750 0.067647 -1.478173 1.615914 
943 -3.116896 3.196295 1.845935 -0.140437 -1.096252 
945 -0.598349 1.275667 2.052193 -2.322848 1.140037 
970 -2.634903 3.448111 2.246157 -4.245969 -0.337591 
1010 -1.812964 1.943107 1.377136 -3.192784 1.244014 
1012 -1.998508 2.312458 1.482004 -3.883131 -0.041163 
1014 -2.190446 1.102972 -0.005936 -2.311135 1.479663 
1027 -2.748776 1.259653 0.485728 -4.631400 1.653997 
1029 -1.960522 0.545601 -0.086561 -1.507000 1.891476 
1079 -1.616221 0.568039 1.693325 -5.769018 -0.190815 
1080 -2.801750 2.560035 1.706155 -5.763463 0.558557 
1084 -0.724152 1.310604 2.128524 -1.053346 2.668248 
1097 -1.074847 1.576840 1.572841 -2.404001 0.112076 
1114 -1.245054 1.553041 2.231201 -2.943269 2.886406 
1129 -1.968621 0.450318 0.350250 -3.063989 2.554660 
1139 -1.062956 1.389858 1.991572 -2.676101 2.908353 
1156 -0.516648 -1.221157 2.528982 -4.768091 1.157510 
1157 -0.775825 1.105951 1.807885 -3.071423 -0.118988 
1169 -1.752543 0.474508 0.042101 -1.819163 1.818544 
1173 -1.648145 1.244792 0.870329 -2.644612 0.566318 
1185 -2.782715 1.559898 0.268360 -2.025167 1.230417 
1189 -1.747686 1.351431 1.297161 -1.747965 3.587153 
1198 -1.171366 0.333712 2.092782 -2.640641 4.459673 
1213 -0.913608 0.271281 1.176878 -3.276538 1.723764 
1215 -3.289018 1.685813 -0.075638 -1.659041 0.470842 
54 -1.674229 -0.569821 -0.050193 0.302373 0.609841 
76 -1.340556 0.004078 0.118447 0.018525 1.065071 
87 -2.671757 -0.178464 -0.131049 0.655131 0.812231 
95 -1.571843 -0.219598 -0.106019 0.069792 0.347254 
124 -0.546181 0.250720 0.651627 -0.775797 -0.306831 
127 -1.642062 -0.795936 -0.223136 -0.043636 0.208946 
129 -0.544704 -0.307897 0.316495 -0.661862 0.585260 
130 -0.451923 0.205160 0.688251 -0.908321 -0.130016 
141 -2.674517 -0.554664 -0.357911 0.259492 0.399688 
161 -2.247962 -0.171761 -0.276106 0.164294 0.486367 
169 -1.614149 0.246783 -0.102233 0.037868 0.491820 
177 -2.902095 -0.621566 -0.305673 0.438042 0.804591 
185 -1.877969 -0.250886 -0.166977 -0.008151 1.076731 
195 -2.036812 0.262207 0.128776 0.574655 1.105709 
209 -0.387777 -0.528150 0.508601 -1.368785 0.445629 
222 -2.586398 -0.465270 -0.474371 -0.045250 0.746960 
273 -0.487911 -0.095121 0.551304 -0.628441 1.154613 
284 -1.938414 0.125656 -0.029815 0.208495 1.203002 
296 -2.445647 0.483658 -0.475933 -0.529681 1.052706 
317 -0.169164 0.250592 1.343296 -0.898061 0.148765 
370 -2.538111 -1.112289 -0.545458 -0.969660 1.036321 
392 -4.693716 -0.061353 -0.483570 0.607656 1.530271 
429 -2.344539 0.213076 0.380691 0.936433 1.086334 
461 -0.846406 0.678654 0.665414 -0.544384 0.773583 
526 -2.752808 0.836678 -0.131841 0.354620 0.688969 
553 -3.632892 -0.892768 -0.780688 -0.456869 1.046725 
557 -2.639444 -0.302753 -0.058054 -2.048350 3.153268 
605 -2.645518 -0.993125 0.673145 -0.159821 3.410885 
658 -1.220111 1.081822 0.728338 0.147922 0.132597 
822 -2.560578 -2.250465 0.003041 -2.245466 2.180205 
926 -4.203830 0.804579 -0.010707 -0.078566 3.093479 
964 -3.397056 -0.585308 -0.526822 -1.878659 2.944825 
980 -1.764710 -0.186346 0.101940 -1.906458 2.415310 
46 -1.332808 -0.093292 0.014123 0.226816 0.205761 
49 -1.470361 -0.223254 0.028741 0.298372 0.125018 
63 -2.396996 -0.641653 -0.110875 0.425927 0.967382 
71 -1.914676 -0.125833 -0.103221 0.260515 0.728160 
73 -1.710220 -0.125789 -0.110289 0.304433 0.183249 
80 -2.597487 -0.069297 0.033565 0.890060 0.798443 
132 -1.403432 -1.106566 -0.169593 -0.310173 0.441540 
133 -1.291201 -0.806111 -0.017695 0.119480 0.601717 
136 -1.386888 -1.347601 -0.274861 -0.737153 0.419859 
138 -2.397121 -1.463820 -0.250777 0.216549 0.630999 
140 -2.582719 -0.447277 -0.403580 0.120910 0.963743 
143 -1.791422 -1.148247 -0.317700 -0.279743 0.598354 
144 -2.467744 0.128798 -0.018301 0.182054 1.657749 
163 -1.721726 -0.366709 -0.271744 -0.081205 0.409080 
175 -2.795769 -0.736188 -0.288514 0.465269 0.865014 
184 -0.962269 0.012434 0.119509 -0.042584 0.516915 
191 -3.012992 -0.227127 -0.162273 0.736406 0.872698 
202 -3.130109 -0.990911 -0.344356 0.459288 1.073721 
215 -2.659609 -0.774328 -0.569055 -0.527416 1.097460 
239 -2.131725 -1.777933 -0.413384 -0.754687 1.056906 
276 -2.657297 -1.799668 -0.296127 0.027284 0.904208 
308 -2.618137 0.321139 -0.768278 -0.907737 0.446692 
323 -2.697214 -0.708179 -0.497804 -0.592405 -0.730339 
358 -2.147518 -1.481248 -0.338957 -0.618757 1.358098 
375 -1.649234 0.625342 0.404028 0.208041 1.670139 
380 -3.631275 -0.830266 -0.743933 -0.299892 -0.377885 
384 -2.209367 -1.033187 -0.168021 0.070102 1.270083 
414 -1.869108 0.013103 0.262242 0.636475 0.785421 
519 -3.881236 0.077295 -0.675591 -0.756086 2.159623 
608 -3.186692 -1.386664 -0.690603 -1.947994 1.626306 
612 -2.893535 -0.720921 -0.609970 -1.599090 1.906759 
640 -3.867589 -2.910680 -0.687717 -1.032959 1.483241 
645 -2.172461 0.058978 0.272205 -0.172925 2.324660 
824 -2.483519 -1.633084 0.475319 -0.289904 2.988460 
835 -2.979664 -2.271387 1.008526 1.325899 2.432705 
845 -3.870269 -1.421854 -0.904649 -1.387590 1.822503 
973 -3.382272 -0.726006 -0.832058 -2.077560 2.074968 
986 -1.382973 -2.257956 0.726808 -2.251545 2.163384 
992 -4.154486 0.862526 -0.254539 -1.413725 3.269429 
998 -3.395053 0.728227 -0.565929 -4.183515 0.316005 
1120 -2.567461 -0.158746 -0.219786 -4.412596 1.616071 
1161 -2.221969 1.593816 1.277392 -1.420729 4.428720 
12 -1.233592 -0.779085 0.072490 0.081029 -0.332642 
20 -2.201234 -0.764760 -0.123299 0.513079 0.439755 
69 -2.061914 -0.298814 0.148398 0.810458 0.588370 
85 -1.354875 -0.143342 -0.007112 0.152781 0.559319 
111 -1.307459 -0.640668 0.035734 0.191802 0.502176 
128 -1.302908 -0.630122 -0.056042 0.005148 0.082850 
155 -2.132354 -0.261152 -0.164299 0.364915 0.127030 
162 -1.875540 -0.780867 0.020756 0.541798 0.120094 
189 -2.813940 -1.103372 -0.224906 0.628669 0.754162 
190 -2.527333 -0.078329 -0.261594 0.339549 0.668812 
211 -2.275737 -0.932975 -0.055139 0.532672 0.603792 
294 -1.810259 -0.469974 -0.245259 -0.481565 1.077024 
325 -3.165179 -0.428599 -0.055650 0.789102 1.307517 
328 -2.203842 -1.107444 0.100306 0.787376 0.454404 
346 -1.204118 -0.940506 0.285411 -0.034685 1.495902 
449 -0.481202 0.351741 0.706206 -0.919288 0.259740 
479 -0.838795 0.423741 0.346647 -0.529458 0.726673 
538 -0.693918 -0.155765 1.451969 -1.034501 3.453461 
619 -2.426925 -1.965019 0.159547 0.495103 1.369007 
638 -1.468940 0.442202 -0.032242 -0.869293 1.060888 
648 -0.945713 1.143241 1.050818 -0.364173 0.599781 
800 -1.453886 0.787358 1.058666 1.009774 0.962476 
892 -1.501178 0.013683 -0.050883 -0.354966 1.174445 
896 -1.496564 -0.852720 0.143677 -0.055460 1.722395 
919 -1.320732 -1.232377 0.754322 -1.064662 2.903162 
962 -3.843372 -0.660018 -0.664709 -1.376555 -1.333949 
985 -5.326799 1.234654 -0.603396 -0.642599 2.523221 
1132 -0.360810 -0.068290 1.096618 -0.721568 1.989787 
1153 -3.595245 1.747288 0.551720 -0.095847 2.815407 
851 -4.481065 -0.053521 -1.145380 -2.683415 -0.834386 
142 -2.018848 -1.214998 -0.010914 0.200620 1.333614 
151 -2.767867 -0.683951 -0.124849 0.565125 -0.503184 
154 -1.358099 0.073623 0.459799 0.220366 1.124789 
228 -2.242066 -0.382087 -0.425536 -0.211267 0.833112 
341 -2.846602 -1.136036 -0.192598 0.541642 0.944163 
516 -2.258318 -1.623152 0.171584 0.073900 2.156656 
592 -3.826437 1.394677 -0.144674 0.544582 0.645919 
606 -2.476097 -3.012072 0.577951 -0.428554 2.197572 
832 -1.106670 -0.463969 0.354848 -1.502515 2.170587 
858 -4.501945 -1.080114 -1.134180 -1.044506 0.930398 
864 -1.704569 -2.408337 0.018702 -1.106762 1.431411 
1004 -2.333551 -0.958395 0.627276 -0.747693 3.127089 
1018 -2.197714 -2.464085 0.494340 -1.109266 2.255312 
1043 -3.064404 -0.016142 0.348685 0.997866 -0.095793 
1063 -2.046940 -2.543939 0.673575 -0.813066 2.422819 
44 -2.207074 -0.549505 -0.242702 0.322703 0.377139 
50 -2.304834 -0.518668 -0.254029 0.381273 0.342584 
108 -1.442570 0.770241 0.449855 0.576577 0.371383 
131 -2.142282 -0.831110 -0.011342 0.652972 0.226805 
134 -1.738654 -0.707944 -0.226534 -0.188350 0.609237 
156 -1.983901 -0.861113 -0.046978 0.416713 -0.181939 
157 -1.049845 -0.655689 -0.059421 -0.358410 0.008972 
173 -1.881264 -0.807694 -0.141952 0.261208 0.356430 
182 -1.979387 -0.184317 -0.568018 -0.751856 -0.160267 
186 -0.936233 -0.247890 0.187492 -0.212900 1.147489 
192 -2.755706 -1.217834 -0.500560 0.073773 0.409396 
198 -3.252486 0.072475 -0.488798 -0.104988 -0.712653 
213 -0.828211 0.318420 0.379475 -1.644929 0.073235 
221 -2.310156 -0.802244 0.440026 1.009906 1.221161 
226 -2.559592 -0.729663 -0.336487 0.352334 0.512991 
232 -2.604402 -0.201645 0.180583 0.733633 1.516252 
235 -3.107471 0.021072 -0.490845 0.195742 0.843759 
237 -2.672826 -0.125546 -0.439791 -0.130372 1.172702 
243 -3.002736 -0.262454 -0.671606 -0.235557 0.600225 
247 -0.689733 0.288981 0.487338 -1.238277 -0.061776 
263 -2.125429 -0.545861 0.020482 0.233949 1.553673 
271 -1.903701 -0.414823 -0.553709 -1.517817 0.590851 
311 -2.813851 -0.332878 0.488323 -0.075819 -1.996257 
316 -1.976229 -0.753528 -0.547078 -1.144890 0.561807 
342 -3.321431 -1.345915 0.518269 1.247139 -0.877975 
343 -1.888308 -0.754168 -0.273922 -0.073268 0.303252 
352 -2.762082 -0.806104 0.331620 1.036747 -0.352621 
353 -2.049780 0.484882 -0.375045 -1.189311 0.526334 
371 -2.362756 -1.352564 -0.580655 -1.240219 0.249542 
381 -2.656703 -1.255085 -0.670770 -0.850396 0.635572 
383 -2.566094 -0.665121 -0.488860 -1.384862 1.417335 
396 -0.367303 0.241944 0.936426 -1.106905 -0.107613 
401 -0.786421 0.630005 1.797692 0.394085 1.580557 
407 -2.058657 0.076187 0.768983 0.059454 2.634316 
427 -4.004492 -0.273710 -0.659257 -0.250474 1.340293 
445 -1.397357 -0.074100 0.126203 -0.419226 1.775886 
521 -3.526657 -2.609541 -0.478289 -0.299769 1.224050 
533 -2.291249 1.194492 0.821778 -0.325701 2.819921 
554 -1.675038 -0.287644 0.548894 0.436969 1.857860 
583 -2.895462 0.388964 -0.660262 -0.855998 0.492593 
584 -2.474498 -0.781133 -0.085114 0.495216 0.798999 
589 -2.383988 0.376497 -0.206244 -1.245132 2.480648 
607 -3.297826 -0.712628 -0.793995 -1.036671 1.526728 
613 -2.909528 -2.305192 -0.580238 -0.638101 0.428655 
644 -1.802267 0.728447 0.055202 -0.849196 1.659729 
683 -2.050745 2.182289 1.005727 -2.011838 -0.267156 
707 -0.459097 0.463628 1.083290 -1.097619 1.633298 
734 -1.657266 1.868761 1.150182 -2.374760 -0.172510 
741 -1.451565 0.462818 0.508595 -1.050450 2.306581 
807 -1.655931 -2.621783 0.642306 -0.949435 2.227071 
820 -2.568837 1.027913 0.165841 -0.928725 2.624938 
825 -1.754822 -0.906113 -0.008717 -1.007606 1.856577 
841 -1.898854 -0.712743 0.329165 -3.217979 2.208497 
848 -3.023513 -0.833745 -0.374753 -1.763740 2.770224 
849 -1.236906 -0.420085 0.177459 -0.628482 1.911379 
857 -1.673817 -1.902223 0.400573 -0.695668 1.858099 
890 -3.587604 -0.244977 -0.502327 -0.645986 2.256187 
900 -2.644374 -1.337619 0.252584 0.713675 1.635440 
920 -3.704487 -0.568121 -0.918608 -1.810234 -0.359009 
921 -2.387225 -0.873766 1.405965 1.000039 3.193520 
925 -2.171801 -2.304481 0.828500 0.194630 2.406140 
931 -0.934324 0.793490 0.986774 -1.312981 2.091107 
935 -2.493342 -1.525743 -0.667909 -1.848086 1.074098 
937 -2.489454 -1.530422 0.586046 -1.058397 3.132644 
950 -3.130313 -0.761856 0.912138 1.116558 2.835974 
952 -3.169274 1.030783 -0.161111 -1.890050 2.515083 
954 -1.306992 0.808856 0.946927 -2.561677 1.453886 
957 -2.771980 -2.029295 0.341343 0.069914 2.491048 
961 -2.022801 -1.617924 0.107280 -1.281502 1.746281 
968 -2.663954 -2.960589 1.025367 0.196018 2.838315 
969 -1.830744 -2.094779 0.621946 0.119595 2.097678 
975 -5.940208 -3.832683 -0.807062 -0.053762 0.634142 
988 -2.981092 -2.232769 -0.650713 -2.286661 1.162326 
1022 -4.207049 -0.453796 -0.892465 -2.644543 1.957762 
1040 -3.205651 0.015094 -0.109509 -0.505337 2.710656 
1046 -2.559704 -2.112001 -0.034060 -2.138218 1.853704 
1058 -2.320697 -0.614743 0.239235 -0.879659 2.446995 
1062 -3.431630 -0.890671 -0.503007 -1.758800 2.125057 
1066 -1.906697 -1.618611 1.006147 -0.734127 3.468392 
1145 -1.281556 0.587287 0.539294 -1.828179 2.316034 
1175 -1.148378 2.546440 3.486308 -1.340425 1.889272 
1176 -2.108915 0.788670 0.448276 -1.656219 3.283798 
1208 -1.824850 0.937445 0.640584 -2.806511 2.661707 
32 -0.609802 -0.065370 0.330567 -0.324825 -0.046117 
45 -2.072937 -0.886638 0.069611 0.686714 0.106718 
106 -2.269201 0.267084 0.013304 0.541710 0.964567 
158 -0.558283 0.550197 0.808573 -0.613551 -0.322019 
174 -1.953395 -0.795358 0.281207 0.822266 -0.426174 
234 -3.173469 0.636171 -0.409881 -0.099953 0.787542 
248 -1.574888 -0.821676 1.000410 1.334018 1.805441 
289 -0.275805 0.113951 1.138907 -0.702513 1.391574 
329 -1.882447 -0.817687 0.008612 0.427199 0.323467 
337 -1.479940 -0.822377 0.038879 0.262828 0.665508 
367 -1.988642 -0.383253 -0.628624 -2.324592 0.009395 
369 -2.591434 -1.123189 -0.359180 0.089732 0.901832 
382 -0.854019 0.883853 1.177951 -1.027949 2.206946 
393 -2.121035 -0.399439 -0.252584 0.125372 0.405948 
406 -0.231167 0.070208 1.966513 -1.448747 2.684285 
460 -0.289046 0.681150 1.540716 -1.110996 1.227572 
802 -3.031814 -1.136799 0.032899 0.190391 2.227949 
840 -3.803876 0.643452 -0.514093 -1.480851 2.412955 
867 -1.279223 1.715121 1.499165 0.494760 1.954533 
938 -3.422701 -0.153195 -1.025664 -2.708707 1.005895 
987 -3.661700 0.882120 -0.027784 -0.084214 2.431412 
1044 -2.508627 -0.757089 0.616527 0.027526 2.784387 
88 -2.259086 -0.877789 0.194485 1.039802 0.432501 
89 -2.522480 0.010566 0.028587 0.808443 -0.121656 
160 -0.947777 -0.451572 0.085090 -0.028324 0.252544 
166 -1.509210 -0.671930 0.174923 0.482533 0.784946 
196 -2.449683 0.012264 -0.342555 0.061138 0.479660 
217 -2.155107 -0.211309 -0.243837 -0.103319 -0.614965 
229 -2.140904 -0.988205 0.154852 0.640361 1.262378 
338 -3.415515 -1.070987 0.490670 1.656653 0.841040 
344 -2.224072 -0.276292 -0.130607 0.386959 0.959984 
362 -2.389749 -0.356862 0.223786 0.696816 -0.795941 
418 -1.733875 0.013766 -0.205477 -0.579681 1.256478 
562 -1.959985 0.215702 -0.311047 -0.345465 0.758125 
568 -1.006599 0.743515 0.564250 -1.053305 -0.459364 
609 -3.340063 0.242914 -0.948255 -1.363125 1.143577 
610 -3.290127 -1.838494 -0.681199 -1.013168 1.139746 
811 -2.241783 -0.126794 -0.016410 -0.490204 2.321069 
830 -0.449752 1.210978 2.329497 -1.972864 0.190427 
923 -3.668557 -0.491938 -1.003560 -1.645120 0.356846 
927 -2.903682 0.523211 0.778675 1.618502 0.575374 
934 -3.216545 -0.529610 -0.498732 -1.162279 2.404810 
959 -1.802876 -1.444008 -0.018760 -1.084335 1.825575 
1061 -2.559138 -0.204444 0.221618 -0.824212 3.185879 
150 -1.201524 -0.550059 0.232987 0.447066 0.482866 
164 -1.410482 -0.424235 0.027920 0.195302 0.911779 
365 -3.186426 -0.756160 -0.276303 0.421173 1.311164 
385 -0.974278 -0.399203 -0.092339 -1.104268 0.629921 
587 -2.612097 0.922996 0.258987 -0.015468 2.185984 
137 -2.149700 -1.094936 -0.540683 -0.782692 0.205529 
179 -1.768257 -0.735978 -0.096818 0.314287 0.801060 
180 -0.704138 0.309837 0.374202 -0.865302 0.359528 
194 -2.460284 -0.556350 -0.599125 -0.561703 0.896328 
278 -0.563652 -0.298229 0.271725 -0.980953 0.379760 
366 -2.003902 -1.503152 -0.054917 0.143800 0.697516 
424 -3.755506 -0.199524 -0.194219 0.557002 1.642506 
434 -1.952218 -0.676213 -0.053448 0.005588 1.309137 
437 -1.069930 -0.544395 0.463482 -0.108989 1.795523 
510 -0.986876 0.994517 0.949852 -2.480458 0.347551 
520 -3.234867 -2.828548 -0.376639 -0.229646 1.030659 
530 -0.683591 0.440130 0.661648 -1.269104 0.253434 
639 -1.724606 -1.318625 -0.053727 -0.877256 1.683113 
863 -0.047443 0.099124 0.014652 -0.013819 0.069051 
907 -3.340688 -1.403045 -0.971712 -1.768165 0.321604 
953 -1.118917 1.403291 1.164098 -0.500287 1.552256 
967 -3.723678 -1.381269 -0.097185 -0.315420 3.024254 
1006 -1.520214 -2.626718 0.390954 -1.910114 1.538934 
1023 -1.973123 -1.610040 0.083279 -1.328119 1.760950 
1049 -2.734923 -2.706250 -0.321994 -2.799442 0.833510 
1055 -3.993946 -1.623788 -0.933334 -3.759435 1.764636 
1164 -2.580149 1.291340 1.103976 -3.159820 4.499158 
114 0.022396 -0.056540 -0.042635 0.092802 0.006336 
270 -2.690666 -2.356185 -0.100780 0.244442 0.380293 
299 -3.813648 -0.588414 0.398168 1.543597 -0.625644 
457 -2.573486 -0.434696 0.463465 0.663416 2.155256 
635 -0.869249 0.721084 0.595294 -0.431238 1.179313 
117 -1.127534 -0.151918 0.132980 -0.022377 -0.056049 
172 -1.730878 -0.629621 0.074600 0.557680 0.516903 
225 -1.892359 0.054119 0.314222 0.882970 0.470808 
805 -3.505258 1.576555 -0.145914 -0.455085 0.021249 
958 0.066522 0.043249 0.048246 -0.068742 0.078227 
83 -1.841456 0.001791 -0.125474 0.312714 0.055162 
455 -0.725527 0.683246 0.946682 -1.676269 1.136592 
29 -0.605100 -0.617629 0.227612 -1.446744 0.162413 
120 -0.431458 0.056849 0.795045 -0.917686 -0.478126 
145 -0.765406 0.237710 0.692724 -0.298627 -0.833966 
242 -0.391785 0.359047 0.994163 -1.088874 -0.134114 
249 -0.614648 0.737490 1.023690 -0.888315 0.872654 
281 -0.516743 0.024522 0.642050 -1.018452 -0.207767 
290 -0.508040 -0.255037 0.464674 -1.395250 0.157773 
304 -0.742962 0.616353 1.133872 -0.580856 -0.925404 
391 -0.606292 0.027528 0.947528 -2.345180 -0.406399 
492 -0.517892 0.578727 0.965111 -1.163266 0.953551 
498 -0.783780 0.747354 0.997647 -0.625672 -0.545994 
501 -0.494638 0.382345 1.002563 -1.732720 -0.021332 
502 -0.740335 -0.136489 0.369179 -1.909567 -0.320910 
504 -0.444196 0.922306 1.354816 -0.965232 0.520404 
505 -0.481959 0.769731 1.543040 -2.028307 0.588561 
509 -1.751246 2.115058 1.261635 -0.590467 0.767273 
511 -0.946951 1.835791 2.262678 -2.177053 1.418894 
555 -0.880734 1.342309 1.334114 -1.050110 0.238430 
630 -0.057071 0.318046 1.943864 -2.045618 0.555893 
673 -2.396517 2.379171 0.789048 -0.444225 -0.100114 
680 -0.402194 1.137717 2.282672 -2.466056 -0.196182 
689 -3.007196 2.095312 0.460191 -2.310730 -1.086107 
708 -1.686234 2.386707 2.047264 -2.466058 2.017706 
721 -1.787976 2.394363 2.087764 -3.994241 -0.771530 
742 -1.072725 1.661632 2.456083 -2.237981 3.459988 
814 -0.638070 2.074380 3.469528 -3.122370 1.494189 
880 -0.739683 0.955396 1.044707 -1.344825 1.080773 
1011 -2.284483 2.551509 1.406395 -3.008353 -0.732691 
1075 -2.815393 3.466654 2.298962 -1.074363 0.103962 
1089 -0.518668 0.593136 1.966788 -2.855131 1.252551 
1146 -1.372902 1.195967 1.814832 -3.714122 1.814701 
1160 -1.977449 2.926967 2.839731 -3.419578 3.312073 
1166 -0.370238 1.381962 3.426919 -2.340352 3.070191 
1214 -1.766946 2.160084 2.318854 -2.299306 3.988622 
310 -2.594207 0.289163 -0.492934 -0.525029 0.208235 
321 -2.617527 0.818570 -0.391872 -0.617964 -0.019072 
350 -2.027312 -0.364097 -0.374074 -0.050123 0.433921 
646 -2.256168 0.484026 -0.484015 -1.020715 0.872314 
1050 -2.305728 -0.575571 1.229259 1.602035 1.445314 
804 -2.560304 -0.623916 0.356556 -0.332965 2.925304 
423 -2.752387 0.561886 0.904899 1.614884 0.137228 
98 -0.803699 0.354694 0.739377 -0.320743 -0.868042 
274 -0.613313 -0.179423 0.224462 -0.958659 0.193903 
379 -0.411877 0.399748 0.943759 -1.093497 0.096899 
420 -1.245300 0.308497 0.225852 -0.815933 1.618629 
451 -0.519084 0.457090 1.201820 -1.503749 -0.664773 
470 -0.426525 0.216072 1.468659 -2.597145 0.685158 
476 -1.508880 2.654555 2.738792 -1.099589 0.256275 
489 -1.232861 1.555609 1.272609 -2.074125 0.465142 
528 -0.351304 1.354148 2.589893 -1.408563 -0.015598 
540 -0.260450 0.563176 1.328808 -0.824820 0.952590 
544 -0.769319 1.208964 2.352953 -3.876248 0.542965 
659 -1.487518 1.611190 1.090974 -2.847196 0.471236 
695 -2.520662 3.196516 2.419353 -0.911633 -1.112058 
703 -0.654172 -0.006095 0.876180 -2.434950 0.672255 
713 -1.462750 1.398720 0.796730 -2.002838 1.143152 
796 -1.124880 1.576029 2.587962 -3.439698 3.144080 
818 -1.256124 0.291079 0.244937 -2.335064 0.944723 
875 -3.111253 1.591794 0.069456 -1.999372 2.442347 
882 -1.169859 1.640404 1.317239 -0.831101 1.180602 
932 -0.203622 0.355512 2.418119 -2.650673 1.963859 
1020 -0.956180 1.542814 2.349869 -2.974897 2.567910 
1083 -0.106496 -0.165215 2.711557 -2.934771 2.840830 
1144 -0.888372 0.809343 2.962812 -5.107590 1.595521 
1159 -2.584454 2.359907 1.395656 -4.667106 1.153979 
246 -0.385051 0.367594 0.981008 -0.627048 0.000476 
254 -0.436211 1.262037 2.279008 -1.755432 0.263164 
280 -0.416881 0.052656 0.730787 -0.465879 0.876196 
286 -1.714170 1.739582 1.411387 1.065760 -0.001896 
305 -0.263431 0.403150 1.407927 -1.151511 -0.161461 
409 -0.777842 0.139820 0.647933 -0.672785 1.950288 
506 -0.522185 1.836813 3.684623 -0.815193 0.258365 
514 -0.445674 0.622530 1.402156 -1.535119 1.495605 
527 -0.956433 1.586759 1.649444 -0.737602 0.186993 
551 -0.068499 0.414743 1.953696 -1.232055 0.171201 
581 -1.643662 1.090251 0.333360 -0.852607 0.433513 
624 -0.475098 1.370776 2.421311 -0.538731 0.648919 
629 -2.461130 3.223478 2.589612 -1.129179 -0.982576 
631 -2.729133 3.132715 1.814547 0.252976 1.209395 
669 -1.145448 1.556171 1.132384 -0.983417 0.442505 
671 -2.455969 2.268211 1.381417 -3.057854 -1.538073 
675 -2.273793 2.877374 1.668261 -2.217009 -0.177141 
691 -2.085617 2.832064 1.922565 -1.023731 0.760935 
699 -1.979151 1.443126 0.461922 -2.014878 -0.631349 
728 -1.456140 1.676367 2.013988 0.476501 1.390724 
738 -1.724887 2.346799 1.705586 -1.865267 1.086013 
797 -1.807648 2.037485 2.544522 0.677460 1.742282 
812 -1.991943 2.119269 1.229867 -3.398758 -0.220530 
873 -2.746255 2.588492 1.371477 -1.579931 -1.390765 
877 -2.589822 2.737899 1.451053 -0.363740 -0.166979 
1013 -2.879328 2.196622 0.660935 -3.983049 -0.186935 
1015 -2.110219 2.082130 1.344503 -1.322282 3.180095 
1028 -2.457724 2.292129 1.138283 -2.227284 1.008274 
1030 -0.928712 0.039164 0.589837 -2.436539 1.643263 
123 -0.425287 0.148513 0.671585 -1.151549 0.082504 
147 -0.422739 0.400864 1.045303 -1.068978 0.193150 
212 -0.314856 -0.057496 0.739374 -1.191044 0.250359 
251 -0.658880 1.154056 1.516188 -0.553284 0.022381 
275 -0.468631 -0.158253 0.384009 -0.691955 0.081147 
279 -0.417358 0.179932 0.717410 -0.625756 0.012669 
292 -0.492260 -0.181157 0.613432 -1.364922 -0.541138 
298 -0.745543 0.057457 0.257171 -1.219355 0.193538 
331 -0.448960 0.268052 0.794429 -1.077587 0.142962 
349 -1.389185 0.414048 0.140075 -1.327506 -0.805147 
354 -1.391358 0.037064 -0.030194 -0.701294 -0.737363 
376 -0.386221 0.342207 1.153154 -1.343688 -0.282325 
386 -0.231971 -0.088383 1.331969 -1.882493 -0.276339 
397 -0.669573 0.205618 1.339320 -2.752534 -1.021593 
405 -0.396299 0.049251 0.710936 -0.435593 0.736126 
447 -0.572457 0.099666 0.521232 -1.012106 0.862929 
450 -0.479435 0.578692 1.422577 -1.610922 -0.584651 
459 -0.913962 0.934685 0.949478 -1.237879 1.600469 
546 -0.719885 1.309209 1.702379 -0.754948 1.867159 
560 -1.118087 1.563272 2.066644 0.090715 1.176480 
563 -1.171516 1.752969 3.575802 -1.871616 -2.622503 
570 -0.630279 1.295991 1.853334 -0.469049 0.658085 
571 -0.797887 -0.130889 0.292052 -1.533187 0.225956 
578 -0.810377 0.361518 0.509675 -1.719612 -0.067946 
579 -0.400202 0.197606 0.947832 -0.986577 1.087201 
597 -1.012635 0.963003 1.034279 -0.766935 -0.941062 
653 -1.077742 0.994725 1.183847 -1.987441 -1.037972 
657 -1.425955 1.941392 1.628617 -2.848464 0.358942 
663 -1.937658 2.039153 1.159836 -1.233658 -0.847770 
687 -1.602166 1.165796 0.524928 -2.426674 -0.688824 
688 -1.418511 1.585649 0.995208 -1.157314 0.961977 
717 -0.991085 1.495267 2.118668 -2.813050 2.180201 
729 -1.369935 1.558140 1.357002 -2.811056 1.121980 
731 -1.599513 2.167449 1.735356 -2.902174 -0.555181 
759 -2.681778 0.999032 -0.192586 -2.827197 0.441601 
794 -2.015031 2.052797 0.859894 -0.618719 -0.080610 
817 -0.797890 1.155144 1.489246 -2.463985 0.989292 
833 -1.113064 -0.064116 0.202992 -2.462493 0.387145 
843 -1.553668 1.192764 0.488380 -0.809413 0.594623 
913 -0.946979 0.831779 0.680906 -1.616469 0.080105 
1037 -0.570623 0.545589 1.677095 0.066221 2.581919 
1081 -1.676854 0.489337 0.182270 -2.610548 1.445747 
1141 -3.520605 3.506703 1.637810 -2.174138 1.921806 
1143 -2.432239 1.398806 0.909625 -4.628891 2.051994 
1167 -3.102290 3.140147 1.497811 -3.909341 0.138605 
1179 -2.144390 1.445527 0.695443 -3.661556 0.806413 
490 -1.112891 1.163575 0.903616 -2.156429 0.500837 
575 -1.608729 0.401378 0.467730 -2.253322 2.785757 
440 -0.463540 0.472831 0.920893 -0.831039 0.185233 
443 -0.295969 0.871446 2.401299 -1.474738 -0.625207 
472 -0.672980 1.353438 2.093854 -0.403965 -0.109251 
487 -0.597807 1.071233 1.531014 -0.767024 0.751266 
600 -1.583457 1.799189 1.890849 -3.436259 2.209244 
623 -1.520490 1.976838 1.686433 -0.218858 -0.324487 
871 -0.579857 1.050960 1.813783 -2.383465 0.027226 
300 -1.087510 0.807873 1.293850 0.722306 -0.613389 
336 -1.376254 0.963890 0.383820 -0.297692 0.171459 
390 -0.340776 0.567060 1.326001 -0.830333 0.526897 
467 -1.185903 1.340220 1.368526 -1.485116 1.268093 
471 -1.761100 0.896380 1.233573 1.281214 -0.397784 
477 -0.313285 1.031131 2.337705 -0.760882 -0.282665 
480 -0.786649 1.053249 1.486942 -0.627609 1.337885 
485 -0.709812 0.915873 1.227384 -0.604387 1.596178 
488 -0.044247 1.051101 3.430772 -2.038238 0.214969 
491 -1.488916 1.908087 2.252373 -0.156938 1.934146 
493 -0.994305 1.085364 1.218534 -2.234681 -0.650279 
496 -0.072766 -0.073520 -0.051248 -0.027559 0.081188 
576 -0.910002 -0.215691 0.282952 -0.237018 -0.623303 
664 -1.852946 2.288131 1.534659 -3.120332 -0.601894 
696 -1.370696 1.904565 1.743628 -1.772794 -0.968981 
718 -1.230041 0.984887 0.723679 -2.153581 -0.190556 
774 -1.658178 2.242598 2.139682 -1.867359 2.484557 
910 -0.750957 0.716914 1.963611 -1.164020 3.564554 
933 -0.910697 1.763672 2.434937 -1.516500 1.790877 
1137 -2.681461 1.465774 0.226652 -1.998651 1.234586 
1203 -2.721061 1.323742 0.381902 -3.315204 1.890649 
787 -1.728366 2.616482 2.423630 -0.378809 -0.132005 
791 -1.423018 2.260783 2.342077 -3.219001 1.275387 
965 -2.951182 0.007468 -0.794238 -2.962892 0.626224 
1108 -2.019660 -0.078593 -0.136301 -2.906726 1.841043 
1199 -1.580046 0.684500 0.435576 -3.196572 0.510059 
178 -1.829013 -0.630317 -0.347377 -0.171053 0.609191 
291 -2.420689 -1.103613 0.487122 1.369148 0.267000 
307 -1.596789 0.524842 0.251033 0.650428 0.021996 
404 -1.704213 -0.247365 0.325167 -0.228798 2.256835 
828 -2.874753 0.984623 -0.215237 -1.730645 2.255536 
847 -1.560101 -1.457490 0.549659 -0.979291 3.028309 
941 0.007635 -0.007324 -0.072156 -0.003686 -0.043991 
1082 -1.726569 1.057717 1.182700 -3.387555 3.067032 
1134 -3.345383 0.311115 -0.752025 -3.745601 1.110724 
1178 -2.790458 1.200142 0.191385 -4.053572 1.563788 
1194 -1.161052 1.202972 0.992789 -1.561946 1.611800 
203 -0.519639 0.243081 0.615641 -0.582011 0.367735 
214 -0.676803 0.707262 1.180021 -0.720660 -0.796803 
453 -0.507371 0.393972 0.749369 -0.977870 0.672450 
482 -0.194034 1.003006 2.621369 -1.102949 1.316633 
559 -0.888301 0.902816 0.819950 -1.367849 -0.156065 
567 -0.595820 0.604342 1.062280 -1.999104 0.374090 
661 -0.850736 1.477933 1.726222 -0.450991 -0.108403 
666 -1.007641 1.361772 1.298803 0.064868 0.671786 
667 -0.540009 1.030738 1.577323 -0.614269 0.378155 
694 -1.209546 1.050997 0.893691 -2.584368 0.106550 
442 -0.590038 1.780804 2.603528 -1.393987 0.040488 
469 -0.569088 0.070664 1.147047 -1.965341 -0.935675 
474 -0.865403 1.342173 1.749484 -1.854834 -0.611991 
497 -0.197979 0.565891 1.643774 -0.821807 1.225427 
547 -0.109230 0.828144 2.560942 -1.658820 0.094906 
628 -2.008294 2.785170 1.924627 -2.046640 0.019824 
701 -0.878860 2.003815 2.927418 -0.779129 -0.553428 
704 -1.366697 1.565092 1.278555 -1.481758 -1.054880 
712 -2.406883 2.585226 1.283262 -0.270304 0.395564 
720 -1.747406 3.039434 3.131177 -0.950929 0.844036 
839 -1.581197 -0.420559 -0.186941 -2.769165 -0.132288 
1090 -2.318359 2.303931 0.821960 -0.989348 0.201218 
1098 -0.410972 1.673589 3.069938 -2.213555 1.094549 
1118 -2.298979 2.173215 0.906102 -1.797301 1.374670 
1128 -1.548598 2.553052 2.231664 -0.681210 1.113203 
1174 -2.060169 2.111951 1.543897 -2.820411 1.829966 
1206 -2.847672 3.406269 1.943769 -2.891313 -0.129893 
1218 -2.055987 0.376455 0.495637 -2.286340 -1.740644 
446 -0.567536 0.649501 1.044379 -1.266706 -0.271994 
500 -1.182410 1.357912 0.916826 -0.772718 0.694262 
598 -0.423548 1.298894 2.861162 -1.318099 -0.751140 
909 -1.290750 2.322995 2.168905 -1.810033 1.203021 
1076 -1.676904 1.959747 1.330354 -3.201674 -0.132432 
1105 -2.590321 1.889983 0.555718 -0.431740 -0.336308 
1147 -0.095227 0.036036 0.051079 0.056519 -0.048200 
1149 -1.857108 1.368949 0.068365 -1.681405 0.602893 
1193 -2.548525 1.999422 1.540793 -2.121626 4.102305 
572 -0.827320 1.084019 1.129055 -0.029214 0.736561 
651 -1.472641 1.857218 1.658568 0.068871 1.202842 
740 -1.154964 1.307928 0.953387 -0.988961 0.010300 
1102 -1.063569 0.741801 0.553761 -1.274424 1.370909 
1107 -2.561320 1.768284 0.623737 -3.003558 1.830725 
1140 -1.624520 1.057078 0.902001 -1.833386 2.189951 
42 -0.501003 -0.063793 0.634431 -1.317894 -0.445161 
288 -1.192193 1.363944 1.035719 -0.595468 -0.563766 
444 -0.224162 0.693227 2.132836 -1.720332 -0.352149 
475 -0.492630 0.485461 1.173386 -0.563994 -0.476119 
483 -0.962315 1.579859 1.739063 -0.401983 0.027566 
524 -1.184265 1.082934 1.289891 -0.239464 -1.122323 
545 -1.080346 2.086910 3.076927 -0.179547 0.742094 
660 -2.420413 1.719932 0.250867 -2.146194 -0.479470 
670 -1.526047 2.016188 1.581090 -3.038982 -0.108585 
684 -2.527054 2.939639 1.513949 -0.833760 -0.179069 
739 -2.191738 2.700728 2.116235 -0.585914 1.673713 
751 -1.665274 2.043799 1.562578 -0.941504 1.767271 
756 -2.802181 3.327983 1.908276 -1.998227 -0.464367 
783 -2.608797 2.551727 1.405599 0.096622 -0.404694 
870 -1.471033 2.110352 2.132925 -2.740972 -1.284921 
944 -0.354608 1.623376 4.448276 -1.215143 -0.131078 
947 0.015723 -0.050514 0.087984 0.039688 0.058957 
1073 0.259404 0.651182 4.252378 -3.009102 1.750121 
569 -0.445370 1.744192 2.990796 -1.987496 0.770437 
888 -1.151510 2.634433 3.690307 -4.117756 -0.643527 
1138 -1.273762 1.308846 1.333104 -1.696053 2.083772 
1150 -2.484360 2.895231 1.654019 -4.073386 -0.371936 
1151 -0.802967 0.087486 2.572691 -4.991462 -0.988866 
41 -0.882336 -1.945464 2.773980 0.289549 -0.072032 
884 -2.804522 2.709258 0.916106 -1.221632 -0.063006 
1163 -2.692784 1.643812 0.044069 -1.952617 0.552066 
1222 0.038198 0.050533 0.016192 0.065992 0.102724 
714 -2.228150 1.367562 0.319527 -3.385324 0.009614 
700 -1.899292 1.014320 0.045852 -1.734775 0.054399 
956 -1.568393 2.541709 2.379463 -1.834054 1.078444 
171 -3.284019 0.428103 -0.333252 0.403210 0.412631 
183 -2.906398 -0.965810 -0.183373 0.191756 -1.225127 
197 -2.964821 0.483891 -0.477154 -0.150534 0.156020 
200 -1.538949 -1.711298 -0.206872 -0.966194 0.564167 
327 -3.139550 0.623863 0.025806 0.765313 0.295364 
205 -1.358059 -0.645193 0.191690 0.468901 0.556680 
207 -1.651115 -0.422764 0.200192 0.539895 -0.342342 
210 -2.318980 -0.654600 -0.481996 -0.178321 -0.097348 
216 -2.579417 0.405587 0.601723 1.410736 -0.043956 
596 -1.602443 0.413327 0.788480 -0.002319 2.569782 
224 -1.049109 -0.721189 -0.052361 -1.186208 -0.346758 
257 -2.597831 -0.192398 0.079601 0.739284 -0.692697 
801 -3.786326 -0.902345 -1.007695 -1.030442 0.612217 
868 -0.074005 -0.075153 -0.054704 0.065814 -0.024040 
997 -2.097096 -1.737120 0.400505 -0.004477 2.360506 
256 -0.024401 0.005778 0.077550 0.093427 0.096610 
260 -2.870283 0.114109 -0.393000 -0.542643 -0.720851 
264 -2.034157 -0.070343 -0.404202 -0.561627 0.083280 
295 -2.414322 -0.076682 0.051498 0.550219 -0.359515 
416 -2.260124 0.257056 0.380414 0.883802 0.924445 
412 -2.780893 0.730335 0.364291 0.606892 1.932295 
977 -3.164659 1.719534 1.006596 1.355592 0.257053 
942 -2.318473 0.133395 -0.607397 -1.444043 1.194266 
1064 -2.455705 0.186131 0.257449 0.135664 2.213413 
1065 -2.467081 0.195705 0.324888 0.133732 2.335682 
218 -2.900939 -0.649817 0.046666 0.929451 -0.374243 
265 -2.255571 -0.295406 0.960993 1.379241 -0.028947 
360 -2.633248 -0.768322 -0.705400 -1.365508 -0.048903 
1125 -0.714504 0.973328 1.949765 -0.499463 -0.921655 
363 -1.453624 -1.906992 -0.016888 -1.574240 -0.397551 
536 -1.689997 -2.252487 0.067974 -1.858888 0.711635 
936 -2.444219 -2.066660 -0.035928 -2.007149 1.766247 
1036 -3.507107 1.493799 -0.079151 -1.587866 -0.989501 
1054 -2.018593 -0.695046 0.336291 -2.432556 3.051434 
829 -0.511761 0.875462 1.326409 -0.551628 0.260191 
963 -0.013248 0.000991 0.099900 -0.081747 -0.079042 
806 -2.703800 -1.290974 -0.543191 -3.366686 0.746257 
259 -1.417012 -0.834136 0.101753 -0.165283 -0.648073 
1170 -0.074756 0.048560 0.053177 -0.000644 -0.072212 
356 -1.681578 -0.005683 0.672987 0.530889 2.024377 
233 -1.362407 -0.119320 0.293391 0.665446 -0.076277 
277 -1.368290 0.328101 0.391154 0.371872 1.194792 
361 -1.172902 -0.338465 0.814997 -1.376276 -1.782549 
809 -2.819094 -2.877290 -0.513144 -1.603041 0.926239 
430 -1.950881 -0.551357 0.318129 1.023160 0.159425 
421 -2.859607 0.992763 0.508061 1.029060 0.012981 
372 -2.551204 0.442049 0.453585 0.850437 -0.663302 
525 -1.060973 1.107005 1.701337 0.584802 -0.504254 
187 -3.612168 -1.226477 -0.299024 0.039510 -1.144399 
1002 -2.236645 -1.642089 0.624835 -0.276070 -1.601947 
1003 -2.473274 -0.796975 0.280029 1.039733 0.927401 
326 -3.212874 0.169779 -0.041148 0.629943 -0.720628 
425 -2.268569 -0.041899 0.293103 0.720653 0.012125 
486 -3.488317 2.750349 0.601906 -0.961354 0.360307 
532 -2.174881 1.144843 0.140717 -1.729811 1.066546 
652 -3.252523 2.882165 3.245681 1.521963 -1.796888 
676 -2.824808 3.229663 1.707635 -1.224026 -0.157107 
732 -2.048600 2.124967 1.117271 -1.423554 -0.765553 
752 -2.517148 2.304037 1.164980 -0.881911 1.901569 
763 -2.643596 2.227689 0.946724 -2.201411 2.779021 
765 -2.410054 1.421228 0.296603 -1.843671 1.129818 
792 -2.205955 2.366950 1.726711 -1.506788 3.177667 
878 -1.977701 1.529643 0.568724 -1.828077 -0.567037 
903 -1.878876 -1.572131 -0.029890 -1.042838 1.841940 
978 -1.763400 1.982807 1.277219 -1.517556 1.968007 
1038 -0.453615 0.775682 1.555857 -1.184896 0.169647 
1048 -3.557050 1.595315 -0.104576 -2.214857 1.274949 
1070 -3.574144 2.313467 0.240631 -0.535429 -0.383043 
1085 -2.275247 0.941374 -0.008151 -3.021443 -0.028768 
1094 -1.688283 1.937234 1.191529 -3.041467 0.060376 
1110 -2.711350 1.472052 0.191567 -1.969150 1.181741 
1111 -2.637575 1.697928 0.622340 -2.203428 2.155326 
1117 -3.078200 1.618767 0.216718 -1.690533 -0.997827 
1121 -3.669097 2.830280 0.758409 -0.109429 0.744550 
1130 -2.088164 3.255282 3.489137 0.308848 0.013866 
1154 -2.831362 1.535759 0.199504 -2.125412 1.323749 
1158 -0.328463 0.284219 1.726357 -2.371586 0.940951 
1180 -2.786454 1.503847 0.196408 -2.062098 1.243444 
1192 -2.779461 1.491328 0.209350 -2.042272 1.325168 
1196 -0.447046 -0.096700 0.360753 -0.101511 0.071449 
1197 -3.385924 1.878319 0.301293 -2.516773 1.602084 
1204 -1.638545 0.987673 0.838767 -1.869206 2.201872 
1210 -0.072200 0.031163 -0.094643 -0.051902 -0.081594 
1212 -2.767654 1.501962 0.202827 -2.089883 1.288783 
1217 -2.132623 0.634060 0.136918 -3.361569 1.637219 
577 -2.128814 -1.690585 0.270684 -0.860368 -1.144913 
580 -1.322432 1.505650 1.874105 0.438349 1.216748 
1068 -2.489530 -1.399246 -0.547249 -1.944368 -0.198961 
616 -3.004382 0.676483 -0.415976 -1.379554 -0.942525 
682 -3.252931 3.304619 1.480386 0.152045 -0.079137 
850 -1.984046 -2.779954 0.130784 -2.775797 -0.799478 
993 -1.115102 0.178610 0.266893 -2.577840 -0.250903 
1060 -3.782364 0.458034 -0.841448 -1.988900 1.052637 
1165 -0.840088 0.046265 0.984358 -2.946554 1.149442 
679 -2.984870 2.077925 0.823130 -1.275799 -1.836763 
744 -0.870635 1.032921 1.904884 -1.103419 3.391355 
1045 -1.507514 0.806617 0.391199 -1.265434 2.092829 
1087 -2.858694 1.826285 0.247306 -1.792112 -0.586966 
1116 -2.958908 1.538045 0.190768 -1.626690 -1.022622 
1209 -3.339904 2.867532 1.375156 -0.884471 2.286430 
400 -2.685568 -1.720336 0.229592 -0.371972 -1.694340 
313 0.001383 0.026869 -0.062603 0.093985 0.030950 
905 -2.871455 0.641458 -0.347837 -0.568758 0.833398 
238 -2.004125 -1.278324 -0.117941 0.272887 -0.200486 
345 -2.539403 -0.361080 0.207149 0.569071 -0.886414 
582 -2.907381 0.209108 -0.488341 -0.322608 0.513593 
303 -0.513484 0.035080 0.572728 -1.229824 0.036016 
709 -1.212981 1.284944 1.016461 -1.528839 1.647876 
1092 -0.163913 -0.990880 2.496330 -3.696723 0.956645 
1142 -0.053430 0.016824 0.033920 -0.070529 0.070196 
1219 0.034799 -0.010676 -0.097288 0.058003 -0.035620 
1127 -1.928235 1.366470 0.714720 -0.122183 2.251731 
389 -0.961400 0.054555 0.758196 -2.709682 1.703699 
745 -2.320319 2.873072 2.776261 0.641093 0.082836 
799 -1.705865 1.227762 1.473651 -3.199479 -1.871523 
955 -0.094309 0.054316 0.089152 0.054965 0.081442 
531 -0.720122 1.046891 1.402078 -0.215581 1.492193 
722 -2.748946 1.129928 -0.113271 -3.187108 -0.325308 
534 -0.599796 0.164153 0.862567 -0.777876 2.224094 
1001 -1.415524 -0.507087 -0.172254 -2.527475 -0.116320 
1182 -1.243050 1.207795 1.253118 -1.202209 2.620531 
1190 -0.492207 -1.588014 1.967814 -3.707948 1.499530 
319 -1.804030 0.202459 0.544056 -0.319362 -1.677139 
240 -2.557255 -1.357148 1.173723 1.857126 -0.409448 
866 -0.064203 -0.086011 -0.071410 0.034360 -0.019381 
408 -2.409826 -0.497116 -0.593051 -1.086555 1.161129 
517 -0.131930 0.293202 1.988744 -0.820962 1.753205 
618 -2.212775 -1.458014 -0.217869 -0.222433 -0.283702 
282 -0.938937 -0.070625 0.414578 -1.027309 -0.955499 
302 -1.406207 -0.423561 -0.254741 -0.758998 0.404727 
334 -2.669175 1.783698 0.598437 -1.388116 -1.506080 
355 -0.940786 0.497200 0.482351 -0.382911 -0.377009 
601 -1.101330 1.243031 1.192188 -1.831991 -0.066972 
621 -1.550695 0.409594 0.178295 -1.988317 -0.744499 
672 -2.866632 3.590149 2.240875 -1.050493 -0.509490 
749 -0.825696 1.698667 4.173583 0.209918 -0.577394 
755 -2.413982 1.532849 0.394564 -1.440216 0.117487 
869 -0.026641 0.005212 -0.020116 -0.079628 -0.099555 
883 -2.592515 1.939104 1.018761 -3.645384 -1.504961 
885 -1.615433 2.936265 3.271543 -0.722763 0.859920 
1148 -0.395528 -1.341034 1.678845 -2.719900 1.408658 
507 -0.088982 0.599198 2.197409 -1.991270 0.495325 
465 -1.035801 0.021292 -0.033656 -1.256688 1.009638 
1220 -2.715948 1.222588 1.220811 0.119933 -1.859577 
153 0.076246 0.063333 -0.003383 -0.029283 0.060625 
603 -2.492817 -1.249540 -0.042651 0.062889 -0.977672 
983 -0.007870 0.082052 -0.091237 -0.073369 -0.037835 
330 -2.587165 0.251853 0.167982 0.346556 -0.674049 
333 -2.322391 0.325862 0.391336 -0.071661 -1.474529 
287 -1.672073 0.193485 0.337447 0.555038 0.933674 
410 -2.334997 0.202374 -0.266132 0.002783 1.009400 
413 -1.846795 0.020717 0.233488 0.575722 0.663364 
419 -1.578903 -0.312115 -0.160097 -1.288891 -0.926084 
422 -1.163723 -0.249346 0.308190 -2.262841 0.941941 
428 0.049889 -0.059535 -0.036559 0.006859 -0.092661 
431 -0.003969 -0.048131 0.051758 0.061819 0.094987 
432 -2.350765 0.221534 0.351148 0.886275 0.897873 
435 -1.865327 0.033224 0.233902 0.566058 0.726618 
1025 -0.277732 -0.043431 0.233336 -0.035209 0.025717 
556 -0.073322 0.011496 0.045517 0.035262 -0.026444 
561 -2.435952 0.010913 -0.278557 -0.862521 1.164236 
585 -0.063085 -0.065354 0.037430 0.075052 -0.067693 
586 -0.554731 -0.134363 0.275190 -0.069619 0.188658 
914 -0.717198 -0.959240 0.926385 -2.412893 1.213821 
399 -1.430130 -1.910674 0.183965 -0.501047 1.826635 
904 -1.783180 -1.419792 -0.027713 -1.076398 1.789356 
917 -3.356081 0.357843 0.575091 1.520779 -0.023470 
193 -1.633487 -0.436711 0.127923 0.395959 -0.626037 
309 -2.439186 -0.440806 0.020088 0.119887 -1.070562 
368 -1.237211 -1.454718 -0.056293 -1.089393 0.068341 
188 0.091943 -0.096903 -0.088241 -0.002047 -0.092837 
819 -2.101077 -0.423268 -0.501725 -1.477232 1.104922 
837 -2.698916 -0.771409 -0.672862 -1.303664 -0.384253 
245 -1.815130 -0.628404 0.238807 0.385665 -0.638319 
269 -2.226901 0.091913 0.670802 0.426240 -1.413425 
1026 -4.282507 -0.801858 1.160511 0.851541 -2.757186 
915 0.007223 -0.099577 0.062316 0.057425 0.031560 
373 -2.084570 -0.053503 0.264247 0.595787 0.065747 
495 -0.789762 1.109143 1.570429 -0.567368 1.294856 
529 -1.030764 1.378503 2.219044 -0.316261 -1.403208 
548 0.078465 0.095043 0.064417 -0.013407 0.058096 
549 -0.652115 0.888147 1.599397 0.094217 1.181284 
340 -2.427078 -1.731861 0.499386 -0.043200 -1.480950 
1184 -0.461411 1.499053 3.272079 -2.918615 0.126096 
463 -0.760836 0.400024 0.963921 -1.849580 -0.994793 
831 -2.865946 0.172472 -0.517003 -3.617505 -0.277452 
347 -2.341797 -0.181191 -0.177562 0.451910 0.161218 
537 -0.637468 0.952183 2.067149 0.289348 -0.258842 
686 -0.376959 0.723462 1.637028 -0.274022 1.411215 
746 -1.935430 1.867011 1.013713 -2.422142 -0.752264 
788 -2.346037 2.765312 2.109238 -0.578809 1.918691 
591 -2.109409 -0.610437 -0.063974 -1.085164 -1.694121 
593 -1.685156 -1.683087 -0.120446 -0.268640 0.073702 
594 -2.345057 -0.104614 0.407912 0.660279 -0.813786 
518 -2.316712 -0.201173 -0.329590 0.313323 0.733515 
464 -0.418703 0.529963 1.246174 -0.694124 -0.235065 
808 -0.046263 0.048878 -0.034563 -0.043453 -0.075010 
1034 -2.085182 -1.181533 -0.426238 -2.033807 1.050403 
1109 0.038674 0.046909 -0.005580 0.031724 0.091584 
641 -2.225439 -2.815902 0.204097 -0.855298 -0.435652 
643 -2.155083 -1.144944 0.797512 1.232434 -0.489577 
1024 -1.024370 -1.005657 -0.102834 -1.061895 0.571303 
394 -0.531230 -0.035091 0.744722 -1.819197 0.825970 
946 -0.657596 1.314985 2.156247 -2.676085 0.899811 
1074 -0.635952 1.078263 2.750829 0.484743 2.535158 
698 -1.335076 1.852293 1.533056 -1.309356 -0.663836 
564 -1.047445 1.091161 1.073261 0.011370 -0.498936 
665 -1.062224 1.002072 1.091112 -0.773093 1.310282 
922 -2.543947 0.568172 -0.070333 -2.300003 -1.504289 
566 -0.678544 1.421848 1.954594 -1.806768 -0.492143 
1201 -3.136410 2.131331 0.288795 -1.260748 0.113473 
724 -2.058919 2.216168 1.382003 -0.751057 1.840092 
678 -1.871520 2.228431 1.274580 -0.885741 0.495041 
813 -1.480627 1.845639 2.012228 0.820247 0.104812 
258 -1.977127 -0.061970 -0.358612 -0.523440 0.029043 
860 -2.621462 -0.371349 0.676953 0.760175 -1.089335 
951 -2.317754 -1.466889 -0.228380 -0.787978 -0.942836 
268 -1.475848 -0.697281 -0.028963 0.121611 0.347271 
1195 -0.918328 -1.086621 1.220974 -1.432828 2.893032 
1113 -2.572166 2.855178 1.519404 -0.063391 1.789012 
838 -1.438671 1.359926 1.251204 -3.338817 -0.118962 
1019 -1.025372 0.626554 1.584467 -3.959224 0.049954 
1072 -0.774271 0.738046 0.747831 -1.340325 0.681646 
776 -1.507204 1.677216 2.010722 0.510554 1.285771 
1071 -1.266434 0.963987 0.704578 -2.377358 1.302962 
339 -1.105011 -0.653598 0.001674 -0.186863 -0.011727 
865 -0.078153 -0.056993 0.070201 -0.073186 0.071618 
924 0.073818 -0.066178 0.095810 0.086292 -0.040219 
979 -1.488742 -0.894568 0.136458 -2.763120 0.391743 
996 0.060521 0.089915 -0.035379 0.058538 0.063202 
1007 -1.467131 -0.931730 0.127938 -2.804054 0.387062 
1124 -2.697539 0.591353 -0.385520 -3.450078 -0.687103 
1135 -0.008862 0.039921 0.070800 0.088215 0.061949 
1136 -1.046201 0.700741 0.597172 -1.706915 -0.256066 
1155 -1.950082 0.302571 0.208995 -3.542128 0.589192 
1177 -0.519797 0.291672 1.737158 -1.755134 -1.222769 
301 -0.977504 -0.133685 0.301434 -0.178643 -0.514666 
541 -1.142591 0.666172 0.725011 -1.936490 -1.007872 
633 -0.095898 0.066419 -0.078701 -0.023298 -0.007152 
674 -3.111887 2.450082 0.681552 -1.201554 -1.034532 
677 -1.908967 2.155879 1.191850 -1.283886 -0.483808 
692 -1.375601 1.570715 2.008736 0.456682 1.428089 
705 -1.385609 1.577973 1.991371 0.468058 1.348732 
710 -3.221842 3.083057 1.518424 -0.478545 -1.192560 
716 -0.063240 0.050594 -0.066926 0.072963 0.012998 
723 -1.424505 0.989823 0.697629 -2.055022 0.600224 
727 -3.139948 2.864646 1.362516 0.246954 0.701530 
733 -1.775168 1.140472 1.107280 -0.056981 2.819097 
735 -1.570502 2.786243 3.198666 -0.968154 0.718838 
736 -1.373298 1.638167 2.012597 0.343404 1.371551 
750 -0.085439 0.357604 1.925443 -1.279215 -0.145888 
753 -1.070328 0.044054 0.365729 -1.573144 -0.948365 
754 -2.527761 2.350782 1.142724 -0.453445 0.939877 
760 -1.743715 2.017754 2.517188 0.630057 1.705424 
762 -1.441547 0.997909 0.712915 -2.130663 0.590559 
766 -1.653699 1.927487 1.579729 -1.037811 1.533299 
768 -1.412937 1.594861 2.051796 0.470724 1.369511 
769 -1.705203 2.713896 2.689020 -0.449677 0.739621 
771 -0.085736 0.087958 -0.022022 -0.095026 -0.053983 
772 -1.425761 1.639698 2.118053 0.509980 1.542758 
775 -1.380114 1.582213 1.998326 0.416749 1.333923 
777 -0.781695 1.330486 1.888542 -0.128153 1.032511 
778 -1.510137 1.676512 2.042564 0.510344 1.356606 
780 -1.310921 -0.443970 0.469670 -1.901947 -1.532564 
781 -2.430441 2.431566 1.546775 -0.441901 1.545163 
784 -2.855160 2.191396 0.586081 -1.298681 -1.047051 
785 -1.743430 1.958971 2.479244 0.517052 1.745862 
790 -2.012027 1.781808 0.655445 -0.867077 0.056882 
793 -0.061646 -0.073298 0.059983 0.002398 -0.008254 
1122 -1.649827 1.282666 0.926697 -2.586413 0.612359 
306 -1.159080 -0.411039 0.151944 -1.433806 1.295598 
312 -1.384786 -0.546598 0.037671 -0.189309 -0.559416 
351 0.064185 -0.058838 0.086896 -0.022396 0.065503 
984 -2.118656 0.419847 0.875959 0.679157 2.108416 
324 -1.169607 0.640011 0.954961 0.941909 0.345241 
1112 -1.398901 1.888453 2.127167 0.164466 1.965583 
971 -1.139694 1.226623 3.225230 0.358889 -1.576136 
893 -1.380335 -0.973227 0.038567 -0.900265 -1.071130 
972 -2.702947 -0.897187 -0.724954 -1.460798 0.130180 
974 -0.047623 0.008296 -0.090399 -0.074445 -0.007735 
1056 0.049736 0.014351 0.017769 -0.029297 0.023045 
1021 -1.084544 1.509374 2.575667 0.353182 -0.513949 
1041 -3.025025 1.550850 -0.058153 -1.579593 0.470137 
1200 -2.718204 1.605923 0.344370 -3.092204 1.383048 
899 -1.586484 -1.252356 0.054696 -1.174137 -0.955058 
810 -2.787821 -0.012097 0.887553 1.783331 -0.030865 
378 -1.265569 1.276533 0.939188 -1.518505 0.605374 
894 -1.279991 -0.158907 1.441218 0.629060 2.508084 
402 -2.348021 0.791766 0.059061 0.362980 0.030895 
411 0.024812 0.025638 -0.070292 0.083295 0.006745 
636 0.027561 0.070478 0.095282 0.070633 0.032264 
417 -2.247613 -0.031924 0.232850 0.586826 0.001959 
433 -0.347664 0.023217 0.324939 -0.134307 -0.028349 
436 -2.290469 -0.705651 -0.611652 -1.037090 -0.249844 
438 -0.027255 0.054276 0.051133 0.059359 0.055453 
815 -0.528028 0.857353 1.467801 -1.057125 0.531628 
816 -0.528807 0.267771 1.243512 -2.365687 -0.265040 
1000 -1.621203 2.105483 1.507680 -1.487067 -0.749590 
693 -0.864459 2.118028 3.173337 -1.260498 -0.761719 
625 -2.735073 1.177445 0.068370 -2.592584 -1.418946 
912 -1.437569 0.894657 0.875612 -1.752291 1.907497 
1126 -0.646774 1.503036 2.849158 -0.004259 0.714728 
1191 -0.023858 -0.059966 0.097701 -0.017293 -0.044551 
1187 -0.098609 0.053012 0.024734 -0.094877 0.062186 
994 -0.335113 -0.620719 2.128500 -2.814798 -0.711128 
1168 -1.623326 1.235939 0.897928 -2.490928 0.639120 
1100 -1.345158 -1.430113 0.565982 -2.452273 -1.161410 
522 -1.063374 -0.772650 0.030711 -0.047951 0.162086 
743 -2.075592 0.513793 -0.210783 -2.273093 -0.589103 
1078 -2.359506 1.075601 1.500831 0.305507 -1.843732 
1016 -2.567263 2.117355 0.636275 -0.293106 0.107231 
649 -0.453143 1.370342 2.915390 -0.391675 0.329529 
1077 -2.558439 1.799109 2.579790 -0.578331 -3.105234 
874 -1.233021 1.891366 2.043689 -0.896055 -0.735448 
1202 -1.046445 1.522841 2.105428 -0.699058 2.045824 
886 -0.338381 1.391159 2.996419 -0.948510 0.359817 
999 -2.677277 1.981635 0.543550 -0.372100 -0.380899 
1104 -1.992476 1.137334 0.456784 -2.970418 -0.822512 
897 -2.150392 -1.163402 -0.091901 -1.257845 -1.363912 
595 -0.077418 0.004424 0.048874 -0.021473 0.021572 
615 -0.009464 0.030619 0.097794 0.006729 0.000680 
617 -2.184132 -1.821077 0.087819 -0.547998 -1.345096 
1086 -1.505138 0.888409 0.883494 -1.802415 2.109444 
642 -2.159033 -1.067490 0.801644 1.233575 -0.548291 
1205 0.071365 0.080179 0.048233 0.094466 -0.064605 
1103 -3.203672 2.528878 1.124055 -1.183556 -1.587214 
1088 -0.639040 0.742695 1.888934 -2.770163 1.178017 
1221 -0.514304 -0.005088 0.323557 0.009287 -0.047489 
1095 -2.520904 0.779405 0.155831 -1.982962 -1.525218 
685 -0.062461 -0.021148 0.072167 0.078347 -0.035025 
1099 -0.412810 0.620930 2.165756 -1.824957 -0.992358 
862 -3.491013 1.143165 0.116361 -1.711448 -1.955565 
1106 0.083479 0.077095 -0.046676 0.091406 -0.069990 
758 0.025576 -0.081185 -0.094829 -0.050806 -0.080163 
764 -1.093276 0.650455 0.901960 -2.304507 1.325606 
770 -1.340191 1.633991 2.045954 0.450616 1.271115 
779 0.003478 -0.069325 -0.044228 0.009845 0.098803 
795 -1.445372 0.986146 0.733622 -2.182611 0.575394 
798 0.000367 0.011867 -0.058716 0.082498 0.046744 
1031 0.038818 -0.099919 -0.015204 -0.075385 0.034474 
821 -1.780764 -1.697547 -0.298565 -1.031842 -0.415540 
844 -2.103184 0.047029 0.350715 -0.013292 2.312460 
823 -1.564010 -0.017605 0.881123 0.884391 2.195419 
826 -1.414413 -2.184889 0.244410 -1.431743 0.305452 
827 -2.125781 -0.597997 0.289649 -0.709543 2.272893 
846 -0.499851 -0.110971 0.279938 -0.176683 0.223489 
852 -1.441495 -2.198397 0.274385 -1.483059 0.216921 
854 0.035064 0.079508 0.029407 0.090537 0.035982 
855 -1.401280 -2.193819 0.288510 -1.419822 0.250080 
853 -1.482060 -2.266231 0.222601 -1.438242 0.219929 
856 -2.104487 -0.516251 0.221734 -0.727028 2.203307 
859 -2.558082 -0.384331 0.632008 0.716766 -1.123605 
861 -0.034965 0.081457 0.090874 0.082169 0.019869 
889 -0.033197 0.000013 0.010477 -0.085032 -0.077993 
891 0.027581 0.095187 -0.092051 0.042728 0.034975 
895 -2.948881 0.684782 -0.307441 -0.553381 0.849034 
1033 -1.727659 -1.141443 0.172867 -0.850335 -1.320270 
902 -0.095085 0.031877 0.087691 -0.074131 0.076404 
908 -0.072377 -0.072235 -0.063033 0.005911 0.009282 
918 -0.016467 -0.009419 0.010973 -0.069421 0.091464 
928 -0.057546 -0.089271 0.059858 -0.095783 -0.058621 
929 -2.059730 -1.704273 -0.487580 -1.518846 0.000748 
1119 -1.668317 1.260121 0.823661 -2.423808 0.405898 
1211 -2.760767 1.533477 0.152219 -2.033221 1.105400 
939 -2.838785 1.870674 0.233771 -1.153825 0.108291 
948 -3.000236 0.766653 -0.299408 -0.577686 0.819160 
966 0.049031 -0.064901 0.047153 -0.092903 -0.025047 
976 -2.795048 -0.721643 -0.720753 -1.351928 -0.357424 
982 -1.781380 0.134791 1.254833 0.901985 2.273778 
990 -0.050602 0.046966 0.088438 0.089595 -0.078303 
991 -2.774057 0.780382 -0.095515 -0.356085 1.555208 
1186 -0.879872 1.164458 1.765995 -0.394505 -0.740610 
1017 -2.445335 2.100613 0.725689 -0.763117 0.628793 
1032 -1.356037 -1.663580 0.067315 -2.223485 0.374055 
1039 -3.066514 0.719149 -0.378517 -0.683098 0.833139 
1053 -2.945528 1.093573 0.058182 0.395668 0.645229 
1059 -2.760144 1.495353 0.184715 -2.043936 1.211753 
1067 -2.242702 -0.604682 0.223077 -0.840508 2.394280 
1093 -2.222053 -1.753931 0.892563 -1.707501 -2.441848 
1181 -1.140819 -1.599502 0.776831 -2.720403 1.225270 
1091 0.088249 0.032383 0.062312 0.054629 0.041411 
1115 -2.145632 1.793681 1.359671 0.131104 2.025819 
1131 0.028020 0.033952 -0.000428 -0.014658 -0.012280 
1152 -2.259425 0.403596 0.971652 0.734466 2.245524 
1162 -0.057052 -0.020782 -0.068357 0.018859 0.026098 
1171 -2.787914 1.505200 0.185369 -2.097365 1.268178 
1172 -1.804302 0.121226 0.203557 -3.181984 -0.652400 
1183 -2.742181 1.504575 0.208515 -2.104610 1.253397 
1207 -2.769637 1.749486 0.688385 1.006078 0.542795 
