1222 5
12 0.33432117 -1.0295715 -0.22876464 -0.7547898 0.1846982
304 -0.6189073 -1.3011352 0.21769711 0.7392985 0.24413392
28 -0.31441656 -0.9568636 0.4239569 -0.00026177982 0.7123494
14 0.48997477 -1.1096199 -0.092638865 -0.8429395 0.01360572
16 0.27271217 -0.96839154 -0.11878117 -0.9836122 0.3405705
94 -0.24045935 -1.1297703 -0.04338435 0.48064247 0.42889765
6 -0.30959922 -0.98410743 0.33757293 0.13094188 0.8202914
67 0.27332956 -0.92727166 0.22734177 -0.85536355 0.3158593
35 -0.35823387 -1.0157493 0.4863827 0.19714375 0.7720384
145 -0.2745503 -1.0714939 0.38778666 0.30228925 0.174858
36 -0.5308277 -1.0108808 0.2196813 0.059059046 0.8672205
21 -0.44909886 -1.0244035 0.29890782 0.1553885 0.79538673
13 0.5675147 -1.0500245 0.11278539 -0.78121686 0.13308571
31 -0.510592 -1.0759315 0.6467413 0.16956611 0.5630776
39 -0.50914127 -1.0969368 0.6743931 0.2587354 0.5781495
52 0.6852179 -1.1483792 0.008969399 -1.0169511 0.046381254
9 0.4240279 -1.044394 0.23869424 -0.89102495 0.023393935
33 -0.047746245 -0.8672971 0.09022972 -0.35358775 0.7337582
163 0.75378436 -1.1814312 0.26533112 -0.7769919 -0.22961837
18 0.67432564 -1.1504934 0.39748836 -0.9740215 -0.11145959
148 -0.58425325 -0.9633748 0.570919 -0.19484329 0.7761393
8 0.4083321 -1.0885144 -0.31260443 -1.0061204 0.20733605
73 0.38134068 -1.0969034 0.31380835 -1.085449 -0.104966596
161 0.50691414 -1.172245 0.18359521 -0.7728183 -0.32288298
160 0.36298195 -0.9134361 0.5042474 -0.88284427 0.2854057
176 0.63456804 -1.1824063 0.01964742 -0.86256564 -0.09297706
47 0.5359859 -1.1414872 0.2972251 -1.0769417 -0.07929359
32 -0.09598508 -0.8877742 0.382741 -0.21336387 0.6254771
540 -0.6018463 -1.1072346 0.8393626 0.16495194 0.39117324
48 0.7362805 -1.212568 0.39267698 -0.932382 -0.25068703
111 0.47245336 -0.98665386 0.18363237 -1.07203 0.39450538
563 -0.47936657 -1.3805459 0.48866084 0.90858173 0.15624872
64 0.48468632 -1.1470444 0.33850032 -1.1240667 -0.13558036
34 -0.4480252 -0.9655977 0.85741204 -0.14132418 0.49076402
38 -0.6087793 -1.092168 0.540385 0.14240572 0.7093441
120 -0.47352153 -1.0281867 0.50371873 0.10713878 0.71747905
119 -0.27521223 -0.95009065 -0.060002577 0.057497233 1.1273414
62 0.22409628 -0.91495055 -0.001289674 -0.6234203 0.4057763
26 -0.58826333 -1.0795832 0.28399292 0.21663122 0.8079656
4 0.7626786 -1.1164479 0.39879137 -0.8963805 0.02852725
66 0.38485992 -0.93362224 0.6950203 -0.99887854 0.2975632
7 0.2039984 -1.0450323 0.117660575 -0.7089955 -0.103050165
46 0.27939826 -1.1161526 0.34096286 -1.1291451 -0.18865278
81 0.46759585 -1.114931 0.3218706 -1.1032741 -0.056512374
451 -0.7928897 -1.1235358 0.41521695 0.14978652 0.53277856
680 -0.9462051 -1.1795166 0.53376687 0.2015374 0.48340735
454 -0.6205377 -1.088404 0.83757347 0.09551482 0.651311
27 -0.33656392 -1.2106382 0.53767675 0.6102282 0.6637976
122 -0.5461945 -1.0131278 0.48832184 0.024366291 0.97004515
149 -0.16907491 -0.8430374 0.6410622 -0.41908482 0.80028164
150 0.44707906 -1.0133796 0.6011898 -1.0312755 0.08945067
446 -0.92204845 -1.1340733 0.61029154 0.095094055 0.3832746
87 0.60659313 -1.2478005 0.31476414 -0.83929527 -0.40947294
449 -0.73408467 -1.0252882 0.47380874 -0.108649306 0.43471438
204 0.6247968 -1.1798236 0.28443652 -0.84341 -0.22671378
128 -0.064408995 -1.0256773 -0.25022927 -1.0398748 0.09436121
139 0.115406156 -1.1544366 0.07661161 -1.350826 -0.15988426
129 -0.72834104 -0.8955384 0.2415866 -0.58073306 0.53717446
53 0.637508 -0.98120046 0.33629584 -0.8157002 0.32060364
452 -0.66207546 -0.96931535 0.46599478 -0.1841209 0.61200786
15 0.5705348 -1.0908298 0.13495493 -0.9588339 0.13030265
74 0.40626806 -1.1671985 0.11200897 -1.2720557 -0.07497727
24 0.74758166 -1.1354845 0.5092544 -1.0846728 0.030494085
274 -0.36235204 -0.93863994 0.57520187 -0.14591703 0.7848042
118 -0.5806178 -0.9630083 0.49400577 -0.15506865 0.9086419
59 0.5780287 -1.1649115 0.16917701 -1.0098642 -0.11901891
123 -0.41975713 -1.047025 0.4077305 0.20709197 1.0670558
246 -0.6203993 -1.0490228 0.77217394 0.0020566133 0.71392095
57 0.45602134 -1.1940155 0.3810576 -0.8757413 -0.40167028
97 0.2727852 -1.0751007 -0.51820904 -0.0065772645 0.12533458
439 -0.81338555 -1.0230644 0.5116464 -0.13152358 0.7134359
361 -1.0880754 -1.3997161 -0.24013421 0.374973 -0.603053
206 0.2992418 -1.2515004 0.12252041 -0.9942075 -0.52415085
70 0.84584194 -1.2264521 0.5360512 -1.1291026 -0.11720576
72 0.5674579 -1.076739 0.44244015 -1.018945 0.03498128
620 0.7262311 -1.1801507 0.38410056 -1.0712647 -0.11347163
77 0.6707206 -1.2050062 0.30611512 -1.0470039 -0.19936053
60 0.81507444 -1.2120743 0.33622035 -0.8626864 -0.24344686
124 -0.416469 -1.0266869 0.2068898 0.17862281 1.1030501
244 -0.67864645 -1.0422045 -0.0014221815 0.043863077 0.90438104
543 -0.6361063 -1.0730339 0.41344953 0.11641057 0.8384108
578 -0.8431404 -1.1355003 0.5109343 0.120852 0.43746898
146 -0.7291586 -0.9459028 0.5266483 -0.43479094 0.3840798
622 -0.64205253 -1.0727241 0.60301894 0.087008126 0.6230011
335 0.68591243 -1.2651175 -0.52424645 -0.7268454 -0.0844809
40 -0.7335457 -1.1695719 0.5697112 0.28141025 0.41276023
388 -0.46629646 -0.8788471 0.65383583 -0.36555794 1.0785812
332 0.54697514 -1.0775744 0.37553877 -1.0491216 0.06451716
69 0.684744 -1.1525317 0.4750488 -1.1436402 -0.062476367
51 0.124368325 -1.1542844 -0.20544524 -1.3177742 -0.047384072
86 0.58440655 -1.1451851 0.5350939 -0.9386869 -0.17065434
5 0.76324767 -1.1880261 -0.053905874 -0.61037165 -0.16822919
479 -0.4402841 -0.9931854 0.5941117 -0.14343183 0.2527716
285 -0.50711906 -0.99676996 0.51683086 -0.012809923 0.78594315
203 -0.51965106 -1.0399541 0.96146595 0.026542455 0.4439364
127 0.6804599 -1.1436658 -0.09849599 -0.9006131 0.085834906
357 -0.44224438 -0.9496841 0.5271022 -0.10744518 0.8639015
250 -0.2926936 -0.945182 0.73354995 -0.09268654 0.46214333
880 -0.36319092 -1.0253729 0.8263997 0.15749902 0.86133
133 0.5226107 -1.0536929 -0.35149792 -1.0162863 0.46778977
19 0.8094564 -1.2282587 0.12148832 -0.83278596 -0.17583297
93 0.3308386 -1.1311656 0.06114503 -0.9565604 -0.15476814
49 0.79155815 -1.144317 0.1945595 -0.9058683 0.042853054
130 -0.6143411 -1.0740527 0.67009217 0.112371266 0.5023088
376 -0.79393035 -1.1206918 0.82357305 0.02475024 0.35533178
61 0.49014893 -1.16268 0.29518956 -1.065333 -0.20230745
252 -0.27263743 -1.0719876 0.8172721 0.3053486 0.5789281
168 0.2882147 -1.2753619 0.11940346 -0.9038137 -0.63043845
653 -0.5674531 -1.3448672 0.63534886 0.7547627 0.17270994
278 -0.22160648 -0.7985203 0.61221534 -0.60413986 0.9586333
104 0.50499594 -1.0980837 0.13604954 -1.0854973 0.046229977
98 0.36325005 -1.0889306 0.2993502 0.7143211 0.6398464
300 0.41175023 -1.2159438 0.16131599 0.8414833 0.1038702
273 -0.27344996 -0.85387886 0.9854644 -0.47955984 0.67893183
931 -0.2965479 -0.8908285 0.49617153 -0.24723656 0.8444001
396 -0.8316869 -1.1596783 0.30353066 0.24628718 0.6143337
565 -0.9331293 -1.2650985 0.5809207 0.380086 0.2913739
95 0.31367707 -1.0485408 0.47410157 -0.8817648 -0.16560876
55 0.6233187 -1.1249057 0.44008744 -1.1273819 -0.004647962
65 0.75053155 -1.1020839 0.309139 -0.8734985 0.08231852
30 -0.56056315 -1.0884725 0.9795378 0.13891229 0.4007506
78 0.5201151 -1.1063561 0.30495727 -1.1844544 0.040321015
50 0.7156707 -1.2755729 0.053314626 -1.0559719 -0.24565747
174 1.0089716 -1.207295 -0.13266857 -0.5166227 0.042951617
58 0.7748917 -1.174724 0.12905435 -0.86272144 -0.05900801
662 -0.62934923 -1.1029851 0.41103646 0.19969204 0.8644764
103 0.25694302 -1.1556768 0.24692094 -1.1982385 -0.2220093
11 -0.20204374 -1.2290533 -0.53781927 -1.4594673 -0.20034891
186 0.18976414 -0.8571215 0.6071526 -0.6904447 0.47741836
241 -0.4778291 -0.81699777 0.48083824 -0.6802368 0.8655616
690 -0.99251497 -1.265944 0.26925263 0.3230865 0.19383165
76 0.3797171 -0.96007246 0.62155753 -0.7861168 0.13355887
71 0.43847555 -1.0819778 0.32175326 -0.97476155 -0.014644526
175 0.5934178 -1.1936121 0.17203249 -1.1065452 -0.15215598
247 -0.56609756 -1.0500902 0.754725 0.04379287 0.4963465
209 -0.530121 -0.87775075 0.49613777 -0.4588064 0.9476172
201 0.5994168 -1.2472427 0.5310789 -0.673175 -0.6054317
79 0.37626815 -0.9594922 0.6611022 -1.036607 0.15184079
395 -0.4857842 -0.9653451 0.6537126 -0.09677902 1.0198236
255 0.5897743 -1.2401184 0.22146213 -0.99288213 -0.34391943
975 0.6740575 -1.3317142 -0.7848925 -0.7452202 -0.108691804
96 0.4004827 -1.1942835 -0.04567323 -1.1669139 -0.20578404
441 -0.6506182 -1.0065962 0.6120468 -0.08395456 0.7294666
387 -0.5287736 -0.9122704 0.82353276 -0.39085874 0.67781353
170 0.78780234 -1.1826464 0.14747283 -0.9754915 -0.039486762
528 -0.6087451 -1.1836915 0.9492342 0.34029618 0.3083428
56 0.56529117 -1.0994598 0.42165822 -1.1315215 0.019318786
298 -0.38421354 -0.9022939 0.63933027 -0.28482118 0.7959114
166 0.77286685 -1.0776229 0.4513643 -1.0796369 0.24516153
80 0.52338356 -1.2450161 0.31340986 -1.1961843 -0.3074802
106 0.72828215 -1.051339 0.43919381 -0.8924181 0.14249703
214 -0.1950372 -1.2291961 0.6211821 0.71705145 0.4215771
85 0.5766067 -1.0630434 0.6822222 -0.7865443 -0.14347811
126 -0.55680525 -0.9732319 0.9101541 -0.14592214 1.0101974
20 0.74786323 -1.1996349 0.44852546 -0.94174385 -0.22651875
68 0.28682432 -0.92583925 0.54141676 -0.8653272 0.25130096
142 0.09590828 -1.0921011 0.10795772 -1.3689361 -0.012943788
473 -0.37376782 -1.2041451 0.89553136 0.49305546 0.1355799
155 0.56571424 -1.1152806 0.2945529 -0.83922106 -0.0938973
43 -0.44565406 -1.0309817 0.653135 0.13347752 0.7211184
448 -0.5602107 -0.9218633 0.58704305 -0.31250244 0.76884514
458 -0.64916795 -1.2369341 1.038016 0.4099534 0.18014508
280 -0.27513814 -0.9012656 0.8234726 -0.17635517 0.99700755
211 -0.13616881 -1.2557615 0.22751004 -1.2002784 -0.738223
555 -0.44343022 -1.1051462 0.79455906 0.280396 0.63993996
135 -0.03988901 -1.084774 -0.23339897 -1.1544175 -0.021786036
284 0.42202118 -1.0771726 0.43876725 -0.90939283 -0.07140057
92 0.762721 -1.1523278 0.43992394 -0.8767681 -0.11496847
597 -0.356586 -1.2100335 0.9164664 0.57881963 0.19829719
208 -0.29129988 -1.1905955 -0.10829513 -0.89481354 -0.6519122
191 0.87777936 -1.1781076 0.18454428 -0.8325365 -0.024116885
22 0.67781776 -1.2721101 -0.021049185 -0.55526876 -0.4807522
626 -0.3409301 -0.93556076 0.32169142 -0.114473894 0.6715915
462 -0.48461765 -1.0374581 0.5608385 0.13740821 1.0499312
189 0.6827069 -1.3184838 -0.19446029 -0.7901154 -0.3619644
281 -0.7651331 -1.0307349 0.54628116 -0.14574794 0.69461566
901 0.8007618 -1.0753549 0.45075303 -0.9334914 0.1665446
654 -0.748501 -1.1273209 0.59907097 0.1489723 0.59287816
468 -0.6104062 -1.0895494 0.72416365 0.16308846 0.91180885
54 0.74932 -1.1023316 0.32865193 -0.8385675 0.07985364
101 0.51544166 -1.089688 0.47085774 -0.98838246 -0.045365024
242 -0.7493253 -1.0496856 0.4547246 -0.04335207 0.6061199
523 -0.22808535 -0.9701393 0.716999 0.026013818 0.6029079
440 -0.6263663 -1.0884258 0.8435566 0.11657598 0.5738266
305 -0.70428485 -1.1052566 0.7317469 0.057477795 0.2539153
627 -0.5878468 -1.1451612 0.37201315 0.34998712 0.65586066
283 -0.94523364 -1.072194 0.3370608 -0.14181893 0.5243174
460 -0.62802875 -1.0848535 0.7284534 0.07815115 0.33278257
172 0.5790587 -1.0878692 0.39349973 -1.1647656 0.14543685
544 -0.64049906 -1.0419074 1.0313758 -0.056336008 0.8240605
225 0.45074508 -1.1290311 0.47384128 -0.33110183 -0.43912408
37 -0.38288695 -0.8294683 0.59293085 -0.5945839 0.83711064
138 -0.13875864 -1.2061505 -0.18138516 -1.6093996 -0.15957159
88 0.7000125 -1.1481788 0.5547281 -1.0346773 -0.12144023
444 -1.060733 -1.1603292 0.8132986 0.00238367 0.44464424
212 -0.8337679 -1.0140371 0.7166607 -0.22132906 0.57670313
134 0.20699942 -1.002546 0.0407106 -1.1395947 0.22511952
17 0.93770057 -1.2136575 -0.03740311 -0.9203157 0.06136868
156 0.4389033 -1.1998535 -0.33092654 -1.0306284 -0.03386566
230 0.3718637 -1.1173902 0.16776124 -0.9137681 -0.17791173
164 0.6584446 -0.9638478 0.39273605 -0.8635805 0.39467192
1213 -0.8169861 -0.9978339 0.4846509 -0.23321979 0.8009189
185 0.4343562 -1.1893002 -0.013763451 -0.87424076 -0.277038
655 -0.3169272 -0.9030838 0.34035918 -0.19704403 0.70712316
29 -0.40052062 -0.8445948 0.38366675 -0.4206411 1.070077
105 0.3708553 -1.2502422 0.21915883 -1.2634969 -0.3307707
222 0.64932996 -1.208262 -0.120611146 -0.7813581 -0.15233654
539 -0.060373884 -1.2189274 0.3348659 0.83523643 0.9012986
152 -0.06933861 -1.194971 -0.19121364 -1.4834762 -0.22947304
315 0.5657544 -1.1540515 -0.17924994 -0.55480814 -0.1386679
932 -0.8707651 -1.092989 0.36523086 0.03324143 0.78064597
173 0.7824352 -1.025849 0.31316018 -0.9496615 0.34472162
650 -0.5508562 -0.9985077 0.5709218 -0.061846197 0.7101799
397 -0.571501 -1.1866347 0.13632533 0.47686785 0.68343997
63 0.25647306 -1.0581318 0.20772496 -1.327077 0.103259996
630 -1.0879035 -1.1669992 0.8342252 -0.04138381 0.43234658
696 -0.21766143 -1.2806661 0.50207174 0.81529653 0.13666013
567 -0.9685759 -1.1730007 0.7223158 0.06774616 0.25282064
503 -0.56268847 -1.0151663 0.48830256 -0.003190275 1.1156217
470 -0.90983623 -1.125647 0.5043206 0.0229208 0.5970296
275 -0.2742549 -0.98082954 -0.2600331 0.066359505 0.8558828
656 -0.37361807 -1.0446318 0.4506539 0.22385511 0.9446366
181 0.8511111 -1.1926446 0.11402879 -0.8940377 -0.07631623
25 0.5653671 -1.3330952 0.12984923 -0.6093359 -0.6918322
409 -0.19109423 -0.81015736 0.5265319 -0.50053465 1.1123681
391 -0.94668967 -1.1322627 0.48461756 0.08194131 0.6126299
100 0.59955955 -1.0642995 0.3037757 -0.8442396 0.07691878
652 0.30791402 -1.5313054 0.49942335 1.479509 0.22927241
487 -0.60561943 -1.1659433 0.7177522 0.3226917 0.45352465
659 -0.367601 -1.1157576 0.20604107 0.44193438 0.7010575
2 0.75268036 -1.2056168 -0.044369806 -0.56375426 -0.23211823
1216 -0.19434682 -0.8307119 0.39197356 -0.61552626 0.61205053
44 0.9542561 -1.2962552 -0.13378313 -0.70584416 -0.19152334
478 -0.48928764 -1.1270087 0.74536383 0.31596404 0.43870333
463 -0.57141024 -1.0638223 0.3319047 0.1771854 1.2779258
515 -0.69313204 -0.9981094 0.12518828 -0.09947175 0.829275
375 0.28574848 -0.9567615 0.4903475 -0.7377545 0.099731214
876 -0.21039085 -0.9468284 0.38764614 0.04592177 0.8888275
217 0.54905283 -1.3990768 -0.040833596 -0.45231116 -0.8809812
469 -0.6541993 -1.1417289 0.23001666 0.30303288 0.9556456
147 -0.65276724 -0.95376825 0.91828096 -0.39597633 0.6477138
881 -0.7617308 -1.0388777 0.6973406 -0.08047122 0.6814116
75 0.5666771 -1.2498096 0.3282143 -1.0298616 -0.40551513
475 -1.0475985 -1.2279332 0.87964 0.15738854 0.07467833
158 -0.7180993 -1.0727553 -0.016332438 0.07090123 0.5040397
314 -0.014339889 -1.3824874 -0.0040503335 -1.3028357 -0.7889882
276 -0.018509204 -1.251871 -0.12153149 -1.0786126 -0.5403974
84 0.7842041 -1.0546299 0.6990518 -0.9161741 0.12333251
647 -0.58173364 -1.0871078 0.30598715 0.19962694 0.5366118
162 0.4324769 -1.0634866 0.4914177 -1.1265657 0.014120556
288 -0.58812124 -1.2992878 0.352167 0.7246065 0.48581272
632 -0.6568656 -1.0380266 0.6799501 -0.047709055 0.6944991
386 -0.9462929 -1.0295751 0.6664062 -0.30098945 0.5196689
930 -0.2329934 -0.84112394 0.4498745 -0.683065 0.57425576
183 0.8561812 -1.3507525 -0.37101755 -0.5989293 -0.32135692
699 -0.38699576 -1.3838906 0.2734298 0.9167045 0.22935593
661 -0.5029993 -1.2222432 0.8927596 0.54053766 0.37901896
799 0.013339361 -1.2743226 0.34676865 0.92400986 0.80408865
325 0.84142923 -1.1639286 0.23369496 -1.008026 0.05785441
90 0.82076013 -1.1997826 -0.048199985 -0.8527135 -0.014961634
498 -0.65594834 -1.1235181 0.70312995 0.20123175 0.46256894
165 0.83289343 -1.3688282 -0.016989348 -0.5336368 -0.5906118
293 0.8463695 -1.2004697 0.06374164 -0.8311854 -0.017983355
461 -0.40269938 -0.9699464 0.6825878 -0.06857586 0.67518747
426 0.8081961 -1.0918123 0.39948353 -0.91702753 0.16465697
524 0.030885415 -1.267736 0.4124078 0.97794104 0.942171
239 -0.39788488 -1.1276338 -0.1891697 -1.6843891 -0.070207015
346 0.107799076 -0.95312285 0.24903601 -0.96268225 0.16125606
668 -0.5385658 -1.0105559 0.4747052 -0.021239344 0.56730783
102 0.50449145 -1.0441756 0.37358683 -0.8711376 0.031465817
220 0.8074229 -1.1142855 0.28612092 -1.0725335 0.19218294
115 -0.05298314 -1.1403744 -0.25723875 -1.2728779 -0.1423538
110 0.8544667 -1.3517601 -0.3516874 -0.17843494 -0.47137025
359 0.67513573 -1.0792117 0.41361183 -1.1487788 0.1816907
719 -0.46790773 -1.0181841 0.39671484 0.10052506 0.6628579
1132 -0.3598027 -0.9926504 0.8931699 -0.1233012 0.2146174
219 0.6396659 -1.1206136 0.37542853 -1.1046311 -0.0061764475
817 -0.69582766 -1.0553869 0.49173295 0.03676645 0.7081277
573 -0.4405721 -1.063174 0.99224365 0.15185167 0.5616476
405 -0.11505099 -0.84844446 1.0299093 -0.3539993 0.94404167
279 -0.44147983 -1.0412761 1.0389996 0.011175083 0.22041015
337 0.47686735 -1.2520288 0.16646504 -0.8473663 -0.50229895
450 -0.7939841 -1.0309128 1.059299 -0.23207684 0.5914912
1012 -0.18682924 -1.1429465 0.69155324 0.5760151 0.88913286
107 0.5928317 -1.0159866 0.25152883 -1.1148713 0.3940965
213 -0.49831116 -1.0089523 0.0042481567 0.066326626 0.9578749
42 -0.88659286 -1.0965421 0.46178368 0.012269007 0.9801689
703 -0.6933002 -1.0630914 0.41558027 0.049228463 0.71266884
718 -0.3252597 -1.1205825 0.35155514 0.4422307 0.4287931
132 -0.17756902 -1.0129648 -0.256308 -1.2209504 0.17877664
253 -0.32681602 -1.0687652 1.2747532 0.08561759 0.08519898
121 -0.6733739 -1.0773717 0.16303927 0.1374214 0.9127958
499 -0.5441685 -1.0417136 0.58877224 0.08382874 0.66989243
864 -0.37586415 -1.0919163 -0.14933018 -1.6794466 -0.0011529059
418 0.42649952 -0.97010213 0.46872488 -0.89022624 0.19861495
91 0.48729122 -1.1396781 0.4845314 -1.0775433 -0.20431882
205 0.28013888 -1.168225 0.23929523 -1.2243658 -0.22528128
913 -0.3770021 -1.186636 1.1048744 0.47283292 0.53178185
377 0.35092744 -1.1619729 -0.06480724 -1.2336997 -0.04850268
187 0.3375498 -1.4688774 -0.039978433 -0.71831125 -1.0202409
23 0.8932678 -1.1016709 0.2163149 -0.62796193 0.047935728
196 0.5477605 -1.293271 -0.044461563 -0.68438137 -0.49606848
249 -0.3914022 -1.0447438 0.24801701 0.21821697 1.0131928
157 -0.18935682 -0.9847121 -0.1412963 -1.1432749 0.15555249
829 -0.3592819 -1.1371794 1.0192645 0.39742053 0.65294933
320 0.61365485 -1.3357735 0.13587433 -0.61916405 -0.67739236
267 0.61555916 -1.232956 -0.018036064 -0.6446947 -0.37043855
41 -0.27658716 -1.217977 0.013977779 0.6816045 0.32390693
229 0.6796193 -1.0928519 0.18939388 -1.1579027 0.24794808
477 -0.9833656 -1.2471857 0.70133364 0.2718868 0.17129977
916 0.8556008 -1.1247908 0.16145587 -0.9585772 0.21510689
289 -0.23655051 -0.8256524 0.7158759 -0.54723084 0.7983396
167 0.5470812 -1.0313128 0.17102088 -0.72490853 0.16824318
282 -0.73348296 -1.1224825 -0.43726423 0.17825454 0.5490652
505 -0.9446458 -1.1778384 0.24170244 0.2053807 0.4745465
159 1.0028689 -1.1762557 0.46990058 -0.76354104 -0.06471787
349 -0.15651664 -1.0385228 0.097099856 0.2404771 0.45317775
813 -0.9563927 -1.2564744 0.45778364 0.36419213 0.64646786
228 0.09406038 -1.2071862 -0.055866893 -0.9680591 -0.44419423
466 0.44645852 -1.1172178 0.08142231 -1.2214369 0.039101355
202 0.7683864 -1.1502243 0.12563384 -1.050052 0.08891534
113 0.6912492 -1.0359344 0.10472999 -1.05199 0.37561524
3 -0.34988037 -1.0244297 0.49206918 0.10244598 0.65003484
455 -0.8359035 -1.0823897 0.83122736 -0.044162728 0.52483785
767 -0.5510096 -0.9962616 0.39405513 -0.012608662 0.84895545
336 -0.5820705 -1.1927726 0.62627804 0.35165536 0.07833656
290 -0.35418376 -1.0033582 0.76011074 0.084164634 0.9904648
464 -0.8762571 -1.1203012 0.47719178 0.07137689 0.58017933
348 -0.054521326 -1.1023477 0.46224585 0.027755188 -0.40834165
83 0.94034696 -1.4045241 -0.23376447 -0.5409625 -0.45438057
178 0.701506 -1.0538663 -0.5879105 -1.0377977 0.8051057
648 -0.4491335 -1.0771973 0.78733385 0.11904055 0.111281715
497 -0.5869034 -1.0348938 0.49621838 0.10072166 1.1302551
638 -0.26250064 -0.8943111 0.054512847 -0.4338216 0.460404
530 -0.2990676 -1.0350866 0.6711607 0.12437799 0.3650016
445 0.43744856 -0.86568767 0.7894731 -0.94113314 0.5379291
911 -0.14910825 -0.7853004 0.51155525 -0.60330313 1.1959617
390 -0.8324166 -1.0482893 0.7831317 -0.11946765 0.57806116
694 -0.48745042 -1.2506638 0.5652828 0.62281495 0.4042901
657 -0.82353663 -1.1782067 0.49908468 0.2406285 0.34940386
671 -0.28746772 -1.4025712 0.7754604 1.02089 0.32141668
393 0.6882863 -1.1824957 0.10260071 -0.7115231 -0.17147686
1011 0.003041964 -1.3007632 0.47216466 1.0366781 0.61205494
392 0.5698402 -1.1764215 0.353315 -1.2462245 -0.11019819
45 0.8639543 -1.208936 0.3044513 -0.89598495 -0.101408124
292 0.12717943 -0.89150524 0.35634997 0.03817429 1.5197601
669 -0.31127587 -1.2165804 0.20940122 0.6661481 0.5529619
574 -0.6137962 -1.0393058 0.4404934 0.051617745 0.6307608
812 -0.8794535 -1.2342069 0.20921192 0.34360427 0.37473172
701 -0.25211298 -1.3196062 0.3353264 0.8384772 -0.098269165
510 -0.090766124 -0.98852587 0.28500903 0.24778849 1.0569412
702 -0.42726323 -1.1236969 0.394907 0.4157945 0.5481849
303 -0.49760008 -0.9520474 1.0237907 -0.23909783 0.7068389
970 -0.20767064 -1.1804826 0.42832398 0.6252231 0.73454314
502 -0.5444294 -0.9949552 -0.0960153 -0.021953987 1.2709112
513 -0.7074021 -1.0571386 -0.025779711 0.11532456 0.8491863
568 -0.43212518 -1.1444262 0.7468568 0.30826333 0.1551841
231 0.6169028 -1.1690005 0.37088624 -1.1075499 -0.15656582
374 0.58542347 -1.0410113 0.6121402 -0.8469124 -0.021978445
338 0.16782913 -1.2116886 0.16210482 -1.0311297 -0.50425243
136 0.7908362 -1.0090333 -0.41949052 -1.116337 0.8883821
1 0.52637374 -1.1420516 -0.3738834 -0.6778136 0.05502789
501 -0.7299361 -1.0905998 0.12882635 0.13834494 1.026215
109 0.63174105 -1.2565216 -0.11555761 -0.83066255 -0.25169894
564 -0.59576243 -1.3136615 0.0979034 0.7527273 0.23857218
131 0.6007033 -1.113669 0.014864483 -1.0464071 0.11499447
198 0.64609796 -1.2412231 -0.023509847 -0.52880716 -0.3377813
504 -0.59700686 -1.1676012 0.39008635 0.40019387 0.7270196
384 0.60510033 -1.022893 -0.2986178 -1.2771381 0.73521876
814 -0.56563777 -1.0515549 0.15555984 0.13658024 0.95489967
207 -0.3272891 -1.3664472 -0.0027115212 -1.0533172 -1.0063615
254 -0.5870222 -1.149146 0.9246384 0.2329711 0.46021754
453 -0.68493927 -1.060623 0.36507308 0.03561419 0.49720013
299 0.34250277 -1.4228581 -0.20846814 -0.8386339 -0.8091418
112 0.631421 -1.1609491 -0.13198487 -0.68991405 -0.090626866
474 -0.44419405 -1.169545 1.1716468 0.29362833 0.06274178
693 -1.0160197 -1.4303671 0.64277047 0.6257452 -0.055865236
525 -0.37766474 -1.2696884 1.125032 0.5939825 -0.033896573
623 -0.5038215 -1.2828628 1.125134 0.58955514 0.12907194
1194 -0.7532153 -1.0628566 0.6894099 -0.0058316467 0.63764805
125 -0.67482114 -1.0043294 0.2538387 0.0016449181 1.0599121
297 0.8867342 -1.1456287 0.30548015 -1.0324358 0.10795123
398 -0.9691077 -1.1043133 0.3649793 -0.035947483 0.6689385
238 -0.7712185 -1.233424 -0.8809951 -1.4789535 -0.22809717
151 0.17412117 -1.3663357 -0.22682917 -1.1268291 -0.6994046
832 -0.36735004 -0.8625059 0.13946232 -0.57649726 0.61560225
382 -0.58965397 -1.0393579 0.27155083 -0.02260473 0.2949227
714 -0.6339796 -1.1650246 0.23106848 0.39823002 0.7805901
99 0.80323064 -1.1465877 0.21046962 -1.0468913 0.10253061
89 0.64252114 -1.2138783 0.77319443 -1.0217781 -0.4292486
1145 -0.33289015 -0.9505348 0.046524048 -0.01603039 1.0350391
1020 -0.53393644 -1.0571455 0.3221794 0.10344559 0.9713412
489 -0.3433748 -1.0846779 0.81957126 0.29219 0.62031794
177 0.29467958 -1.2538415 -0.009020909 -1.096965 -0.4633451
322 0.6442654 -1.0306964 0.12834606 -1.2357901 0.44073266
141 -0.15463792 -1.1951644 -0.35424167 -1.1601703 -0.36776742
731 -0.32535136 -1.3297826 0.5372222 0.9053139 0.57369024
634 -0.32586277 -0.9330353 0.47894138 -0.061454788 1.0746521
1083 -0.7635074 -1.0570804 0.41313806 -0.0088305 0.8066629
516 0.15569659 -1.1240796 -0.4001018 -1.3635978 0.21257025
757 -0.58515346 -1.0560246 -0.16358119 0.14489442 0.641467
243 0.3364478 -1.1177905 -0.054121286 -1.0895241 -0.029668784
227 0.60624295 -1.0925333 0.44522756 -1.0809298 -0.0010474595
192 1.002023 -1.3257037 -0.23649077 -0.7347849 -0.06489223
850 1.4613644 -1.3823967 -1.5077628 -0.01688355 1.358943
737 -0.5783922 -1.2885675 0.23097453 0.67248046 0.31040388
715 -0.48923314 -1.0890172 0.36847484 0.2618896 0.88251734
1159 -0.7249051 -1.0212393 -0.06450575 -0.103471145 0.92701876
456 -0.9494272 -1.0626174 0.7732479 -0.18990892 0.73606586
406 -0.604004 -0.94913465 1.079725 -0.32405925 0.65448606
1076 -0.7758195 -1.2677418 0.43314967 0.52641344 0.60760176
847 0.41273186 -0.8318709 0.068244316 -1.003038 1.0345006
182 1.0813361 -1.2079811 -0.24215388 -0.23391543 0.11517103
144 0.88725847 -1.1762971 0.26895565 -0.9340924 0.008368731
216 0.49894708 -1.2641244 0.5198529 -0.65354884 -0.7372182
379 -0.4058132 -1.0843762 0.79539764 0.22551553 0.66247547
896 0.6647471 -1.1931909 -0.5013531 -0.48088077 -0.0010340558
637 0.5924804 -1.0728996 0.15203492 -0.5816151 0.042453166
116 0.5292431 -0.93395185 0.10480161 -0.6155707 0.43539137
820 0.6580138 -0.9610245 -0.27933064 -0.42013338 0.60980046
294 0.11689909 -0.9907068 0.2563091 -0.8838309 0.015192835
184 0.43982252 -0.90850973 0.4031945 -0.16093826 0.44237685
1161 0.083738275 -0.9323791 0.053891283 -0.11114561 0.46039885
459 -0.660665 -1.0715215 0.5077567 0.1468664 0.9217816
472 -0.65938044 -1.1633049 0.71955836 0.24008165 0.13241613
666 -0.32048297 -1.1430601 0.8123938 0.40600032 0.25658277
318 0.7603423 -1.1875341 -0.114450105 -0.8072497 0.004769859
700 0.053214416 -1.274424 0.17034578 0.93401945 0.6910291
684 -0.18054934 -1.3153931 0.4813251 0.9274753 0.49662498
529 -1.107655 -1.2866163 0.26209557 0.2588726 -0.0030564996
677 -0.32689285 -1.4007305 0.7728188 0.9355958 -0.008342074
943 -0.22079225 -1.5063025 0.7543976 1.2462665 0.2901944
542 -0.6098111 -1.1899248 0.21565463 0.45950434 1.0879995
1010 -0.66129786 -1.1409637 0.2779225 0.33532125 0.7257652
482 -0.6415467 -1.1512582 0.84946907 0.24988167 0.39997095
169 0.5628469 -1.0568504 0.2821306 -0.70941955 -0.00490597
506 -0.91308945 -1.2278299 0.65178156 0.2676687 0.16253452
514 -1.047673 -1.1423537 0.16148011 0.05686092 0.5876649
481 -0.3429393 -1.2719073 0.3851725 0.79597706 0.7994519
547 -0.6870481 -1.1633388 0.7593804 0.21836953 0.38825688
670 -0.88988537 -1.2373097 0.39494744 0.33147842 0.24283527
1144 -1.0481224 -1.1134678 0.7418648 -0.13261564 0.7581694
640 -0.1413816 -1.1963834 -0.42967448 -1.5796388 0.006571037
507 -0.76517224 -1.1149668 1.2716333 0.012784002 0.5426632
1160 -0.3824353 -1.0721703 0.50731355 0.29779133 0.9145414
509 0.027282083 -1.1561742 0.54022264 0.75298023 0.9727028
602 0.017417893 -1.152988 0.4703295 0.64451337 0.7012158
550 -0.82100195 -1.1406107 0.7178819 0.15491192 0.6633771
171 0.544595 -1.2461845 0.22449127 -1.0571742 -0.3700356
660 -0.3260905 -1.207311 0.3821119 0.6070883 0.44471717
218 0.67457336 -1.36742 0.15970144 -0.97474307 -0.5675596
849 0.35465828 -1.1714878 -1.1320637 -0.54405236 0.36591938
329 0.68925285 -1.1680083 0.009375899 -0.6492547 -0.15383674
828 0.43406722 -0.9344318 0.015436243 -0.48003566 0.36913604
334 -0.09913454 -1.4117429 0.8699205 1.0501326 -0.11060674
1082 -0.22812927 -0.9084185 0.23727173 -0.07799352 1.579038
664 -0.22506522 -1.483598 0.51970416 1.1463094 0.059305914
721 -0.28476566 -1.217502 0.69884247 0.6501189 0.41166306
237 0.44429255 -1.1235341 -0.19394886 -0.78494346 -0.025171928
707 -0.6902093 -1.0453702 -0.0778877 -0.016042007 0.56930286
747 -0.2677872 -1.1215546 0.096339405 0.48023313 1.1394382
676 -0.3259819 -1.4720596 0.4403556 1.0932071 0.16050436
223 0.6905982 -1.2479849 0.03246426 -0.7938316 -0.28634098
1157 -0.6442536 -1.1165857 0.5068212 0.2712202 0.3979113
834 -0.5296848 -1.1829118 0.1559526 0.5122701 0.46406683
485 -0.076426804 -1.1688327 0.5131851 0.61097306 0.44107968
511 -0.443363 -1.1314389 0.6302412 0.40386295 0.6940111
82 0.86386997 -1.2366313 0.34728828 -0.61952466 -0.30456087
604 -0.08166416 -1.1855794 0.36649615 0.7211111 0.5947158
190 0.7925753 -1.2885619 0.0023038455 -0.75194746 -0.31383008
263 0.39777905 -1.2152371 -0.26589838 -1.1407136 -0.037614275
316 0.48033345 -1.1109825 -0.42463288 -0.66707486 0.14604066
870 -0.17112403 -1.1452674 0.903222 0.47514185 0.30311936
331 -0.6060983 -1.1539245 0.5551817 0.33890915 0.42430058
415 0.31834954 -1.0808772 -0.039835323 -0.6754628 -0.12983969
575 -0.18931077 -0.8823711 0.43439355 -0.24541968 0.8265182
546 -0.34582767 -1.1865667 0.37157568 0.5345114 0.27474785
535 -0.25126684 -0.9678932 0.1106113 0.072874464 1.0847038
683 -0.068277024 -1.1904733 0.18691084 0.64628494 0.16201334
599 -0.42617851 -1.0467141 0.43640143 0.18488061 1.0495591
262 0.8945894 -1.2394943 -0.8037994 -0.690542 0.34067753
570 -0.1656966 -1.0677198 0.80329776 0.34364715 0.52635497
369 0.33488515 -1.1517142 -0.5904931 -1.0605874 0.15852582
879 -0.29947862 -1.2480029 0.55651635 0.7641278 0.7443928
1179 -0.07023206 -1.0173934 0.1050598 0.38300914 1.3137574
1061 0.52451974 -1.0402416 0.17103209 -0.87912613 0.17360602
385 0.148141 -0.7934768 -0.07680239 -0.78256 1.1437477
537 -0.683742 -1.1125783 0.7202483 0.13846618 0.40685076
364 0.6421117 -1.1743075 -0.4266135 -0.6439792 -0.028097663
486 -0.25743002 -1.2866395 0.396831 0.8418596 0.51468515
713 -0.41550368 -1.0730617 0.31801552 0.31388316 0.9593794
933 -0.3088822 -1.0343184 0.9183797 0.19666365 0.8412459
180 -0.4459426 -0.9965355 0.38210115 0.07010536 1.0774045
354 -0.865371 -0.9079724 0.06254738 -0.9463524 0.3056428
1084 -0.30315918 -0.99386525 0.077754155 0.12816471 1.2415586
403 -0.36758572 -1.0159469 0.7765499 -0.12115837 -0.0025029313
197 0.75507647 -1.2523174 0.3929075 -0.5974153 -0.44188634
706 -0.47214592 -1.1679037 0.45877317 0.42627975 0.40364364
953 -0.035399474 -0.99506664 0.33762282 0.25637218 0.81225073
1166 -0.7787467 -1.0870781 0.13982089 0.11070881 0.7721671
830 -0.57034445 -1.1571543 0.8556694 0.22414784 0.23806538
490 -0.52743924 -1.1020449 0.17516358 0.28586978 0.9174956
367 -0.24701864 -1.2363396 -0.96458775 0.26544318 -0.02727775
1164 -0.16574097 -0.8114345 0.3466094 -0.4585421 1.1337575
667 -0.6915676 -1.1937314 0.46304297 0.33639827 0.32835132
365 0.72633404 -1.1998123 0.20770468 -1.0626144 -0.052336622
658 -0.07153002 -1.0856653 0.5247709 0.47022495 0.6310777
500 -0.26888207 -1.1898268 0.66558087 0.5792007 0.7187744
508 -0.21870667 -1.0883328 0.10828907 0.45313448 1.237749
1047 0.4296298 -1.0929312 0.17394139 -1.1467439 0.13846675
307 0.66366 -1.2092569 0.21706408 -0.2946509 -0.48384783
945 -0.24452016 -0.97601354 0.07585496 0.106669575 1.0728121
1139 -0.548797 -1.0058852 -0.061053764 -0.0443703 0.909219
748 -0.5380162 -1.1149076 0.16930512 0.3137188 1.2043897
887 -0.5434618 -1.0905706 0.36770236 0.19870752 0.78836817
833 -0.3248301 -0.9623413 0.42072135 0.014142788 1.077682
729 -0.32449505 -1.1826694 0.35124764 0.61182755 0.5207806
592 0.6065711 -1.1892729 -0.132449 -0.86524016 -0.05229864
1188 -0.11145627 -1.1077496 0.70469594 0.45367357 0.350677
624 -0.75274175 -1.1130996 1.1306739 0.021265637 0.41053665
400 1.1380694 -1.3506746 -1.1650774 -0.19655028 0.32877788
194 0.579046 -1.1540157 -0.6313593 -1.0855864 0.42761868
520 0.8488053 -1.2751317 -0.46762988 -0.84396684 0.06861273
534 -0.16231704 -0.9458589 1.5158663 -0.19219644 0.43496904
1189 -0.3169738 -0.9385422 0.3405621 -0.097931616 0.7375406
447 -0.14138006 -0.7844504 0.41409567 -0.57197154 1.1491572
742 -0.94688517 -1.1137531 0.16239217 0.03825914 0.4741463
493 -0.34173867 -1.2463974 0.95639634 0.65640557 0.40644354
635 -0.13216236 -1.0269793 0.11706923 0.14194134 0.23795193
878 -0.34638864 -1.3511039 0.15439619 0.9389453 0.46808833
1206 -0.610401 -1.4324297 0.30607578 0.9180124 0.18304873
236 0.70290595 -1.3253555 -0.07326089 -0.6743158 -0.5012344
589 0.21622674 -0.879016 0.016161105 -0.63491577 0.58315
1014 -0.15465981 -1.1466153 0.4954269 0.59767336 0.95972985
1129 -0.37912592 -0.9162321 0.22359572 -0.18018018 0.99664557
1037 -0.81503254 -1.0214412 0.63228065 -0.17456906 0.38739058
672 -0.030560274 -1.5300246 0.773796 1.3185449 0.09729695
521 -0.43740413 -1.1250144 -0.5139832 -1.8296521 0.15963016
695 -0.32895467 -1.2810929 0.24702409 0.80131686 0.38658425
631 -0.42755422 -1.3758883 0.18407509 0.9151357 0.693937
980 0.005937124 -0.89538443 0.13458623 -0.5235718 0.36398935
140 0.6468184 -1.2124381 0.15225953 -1.0505158 -0.207442
143 0.49942714 -1.146504 -0.47672597 -1.4715766 0.56550527
681 -0.22208002 -1.3046671 0.5416543 0.8754298 0.3848814
566 -0.16132127 -1.145879 0.80036205 0.60760915 0.7152286
321 0.4335921 -1.1654186 -0.14835595 -0.07338946 -0.29067644
682 0.20039041 -1.4951471 0.581524 1.3445457 0.1150791
663 -0.54964674 -1.2442718 0.28775972 0.5817409 0.51988184
698 -0.30572665 -1.3296338 0.7159505 0.9115945 0.47118816
678 -0.65387684 -1.5266064 0.35432118 1.0046978 -0.17602435
538 -0.112883486 -0.77015835 0.4821153 -0.6825037 1.0658137
551 -0.6192473 -1.2153682 1.2427658 0.3792391 0.33340555
910 -0.46403906 -1.0196086 1.0110375 0.0011831885 0.61505425
1214 -0.5133594 -1.0910763 0.16707094 0.2905599 0.9818624
424 0.7269544 -1.080901 0.28330567 -0.92085546 0.15741223
725 -0.42739546 -1.116519 0.6781899 0.3465879 0.4754596
796 -0.42998523 -1.0470997 0.12241889 0.1945501 1.013644
1080 -0.38188568 -1.0589062 0.011107942 0.26277763 1.0606725
839 -0.6558174 -1.0519208 0.4864726 0.09887612 1.1200144
484 -0.5963384 -1.1555789 0.42990878 0.3845014 0.47125795
512 -0.29234698 -0.98328686 0.27552664 0.12417022 0.872696
1000 -0.5276742 -1.2030528 0.12065475 0.5147322 0.36731365
794 -0.39356104 -1.3704531 0.17905574 0.96295846 0.13752924
704 -0.19339417 -1.2896963 0.683768 0.9034391 0.25415605
572 -0.74662447 -1.0790119 0.36309052 -0.0041460632 0.35204005
554 0.73759013 -1.0433943 0.29113927 -0.69755644 0.097976044
442 -0.7508537 -1.2966549 0.82173467 0.47355968 0.039079458
437 0.8021616 -1.1213523 0.2206427 -0.58851135 -0.03759991
488 -0.7318942 -1.1816741 0.8370587 0.21468778 0.46482795
559 -0.25173575 -1.1782467 0.68471235 0.58788943 0.5180808
251 -0.38727978 -1.0717827 0.5076766 0.23450872 0.72875583
341 -0.14526244 -1.1594065 0.099851966 -1.3225217 -0.25451082
1102 -0.38727912 -0.9359005 0.026816202 -0.13169289 0.84086
1176 0.35205436 -0.93867385 -0.15089966 0.14828207 0.77828187
427 0.46725208 -1.124591 0.10827659 -1.3485852 0.13828339
1073 -0.71576077 -1.1447034 1.6661748 0.06793825 0.27722955
1079 -0.9327299 -1.1261714 -0.39286447 0.10772698 1.1305438
235 0.50472826 -1.2392207 -0.08746865 -0.89567536 -0.25706834
1097 -0.48839563 -1.1567894 0.5939752 0.40359515 0.76767725
873 -0.34589782 -1.3841016 0.7004674 0.9517431 0.4040758
882 -0.25344765 -1.1677152 0.26859534 0.59998584 0.9066447
802 0.7196642 -1.1859992 -0.032490317 -0.9593459 -0.032322265
610 -0.028844666 -1.1171802 -0.35867608 -1.2057666 0.055892736
843 -0.9183821 -1.1660832 0.3139913 0.17826201 0.15504862
712 -0.05547158 -1.2929528 0.3316301 0.99195904 0.5557561
519 0.7505883 -1.2248858 -0.47834894 -0.84237313 0.11943271
240 -0.62904936 -1.3075497 -0.83471745 -1.5600085 -0.4311302
531 -0.54207444 -1.134083 0.58025116 0.32953414 0.73719126
688 -0.31155986 -1.1584885 0.69418186 0.5511577 0.4943448
1027 -0.5222801 -1.0735846 0.35811025 0.20005059 1.213011
1198 -0.35763204 -0.8302678 0.48584875 -0.55665356 1.0489687
261 1.0076913 -1.3563081 -0.36093763 -0.32976207 -0.29934627
746 -0.6141973 -1.4352304 0.85087824 0.89626175 0.10866034
675 -0.15833054 -1.2934493 0.36239478 0.89733773 0.5465395
740 -0.42408803 -1.1759537 0.38301706 0.5325628 0.5156344
944 -0.8114193 -1.3385296 0.67981476 0.50099814 -0.047696423
355 -0.39920035 -1.0678891 0.4426814 -0.23751748 -0.35510525
687 -1.0649202 -1.3103936 0.22698027 0.34909454 -0.16097057
967 0.9929955 -1.1843071 0.15175988 -0.81593657 0.11606827
342 -0.10903906 -1.5286967 0.15315843 -1.022779 -1.2738769
526 0.69786906 -1.21376 0.2611823 -0.37302455 -0.3731263
272 0.64159274 -0.9857868 0.56639004 -1.1016018 0.36306804
1013 -0.31327388 -1.2477102 0.038530827 0.78228384 0.8039939
691 -0.24011546 -1.287726 0.23272437 0.8913774 0.8062857
1081 -0.2853198 -0.90733796 0.11603562 -0.09558287 1.4280005
1015 -0.15494952 -1.0338457 0.5866899 0.30702487 1.1031102
1175 -0.45226946 -1.0183908 0.088209555 0.013438621 0.30679294
1184 -1.1574392 -1.4649663 -0.0017748823 0.41606262 -0.69166803
858 0.38990402 -1.3302556 -0.7308123 -1.0648526 -0.19910932
492 -0.5331393 -1.0723951 0.7691893 0.14965954 0.4869878
389 -0.5476417 -0.9233198 0.72538227 -0.28917074 1.1689038
964 0.4901872 -1.1032522 -0.17325702 -0.7275591 0.052218825
195 0.8319826 -1.2250031 -0.5167701 -0.5387132 0.024860244
711 0.21404845 -1.1596459 0.63885444 0.83627075 0.7305999
494 -0.37935492 -1.1769592 0.14737026 0.56116354 0.503798
734 -0.30633163 -1.2663268 -0.105307706 0.70260024 0.0034173517
644 -0.2601944 -1.0786734 0.31674787 0.085993335 -0.16744982
541 -1.0810801 -1.1570166 0.6787602 0.01302409 0.61008924
527 -0.40938076 -1.1659074 0.47393972 0.48860717 0.3097025
803 0.1393122 -1.1198283 -0.25509855 -0.5236983 -0.20202711
600 -0.24253555 -0.9426887 0.5584184 0.0083473455 1.1149442
697 -0.50217533 -1.0998241 0.5145795 0.3263645 0.9761223
344 0.17174302 -1.1938373 -0.00891226 -1.3935788 -0.15459408
874 0.031236017 -1.4464097 0.84207773 1.2399079 0.4737673
108 0.51023316 -1.0756811 0.12865941 -0.49539974 -0.114003
892 -0.17473741 -0.9925719 0.35840312 -0.59279984 -0.13120496
686 -0.9858113 -1.2298222 0.7416991 0.2769621 0.5132944
179 0.51834494 -1.1374638 -0.21957071 -1.296917 0.25259656
558 -0.19696766 -0.9929792 0.40808633 0.17788547 1.131643
1120 -0.28675565 -0.8342164 -0.12584011 -0.85302854 0.8215051
137 0.2216948 -1.1821744 -0.6851612 -1.3187652 0.12659742
328 0.332951 -1.0880601 -0.13698012 -1.0940025 0.124696866
629 -0.1578109 -1.4958224 0.45517686 1.2461648 0.35562292
872 -0.0356443 -1.2371935 0.46285823 0.84291166 0.55575204
883 -0.26462427 -1.4029222 1.3956575 0.9070915 0.07986933
1208 0.06426996 -0.87821966 0.36634356 -0.10081977 0.7332708
569 -0.72380215 -1.3012922 0.8201786 0.59666777 0.40537885
822 -0.4404111 -1.1079855 -0.6958809 -1.5871451 0.21932276
598 -1.0010396 -1.1690308 0.2702935 0.17248651 0.97248
605 0.58890945 -1.1383268 -0.23640054 -0.614838 0.029566804
404 0.42397484 -0.8560066 0.55963564 -0.9914493 0.69120324
871 -0.54829323 -1.2188109 1.226243 0.38198218 0.28404802
717 -0.37572417 -1.0697274 0.5465998 0.2970192 0.90952855
934 0.003152738 -0.99288183 -0.28054973 -1.0812999 0.27689338
483 -0.3187672 -1.116408 0.89141464 0.37228477 0.56821984
271 0.4197546 -1.1528802 -0.40516147 -0.492363 -0.069533356
234 0.6388227 -1.1788557 0.05833305 -0.7906937 -0.14921694
619 0.82771635 -1.056584 0.38450992 -1.1280711 0.27155593
587 0.59879893 -1.0620066 0.24774374 -1.1376098 0.23827823
358 0.42220607 -1.0189981 -0.8643548 -0.6732814 0.7315976
1077 -0.512252 -1.5058852 0.40874374 1.0725822 -0.10694276
722 -0.7784078 -1.3008596 0.41548103 0.52681494 0.10571415
1101 -0.3150215 -1.0901414 0.09170024 0.3012046 0.5506141
343 -0.45091936 -1.347833 -0.26960483 -1.3175653 -0.7385626
835 0.053616807 -1.0395665 -0.37717557 -1.4934547 0.3610176
906 0.5956724 -1.2011865 -0.69351816 -0.6379454 0.11924312
783 -0.12107674 -1.215042 0.73485833 0.6984468 0.5645645
327 0.75537735 -1.3786893 0.002421951 -0.89248073 -0.4883655
215 0.41521606 -1.1910841 0.0830994 -1.214289 -0.114740364
1042 0.39505935 -1.1667331 -0.519138 -1.0177429 0.11676575
553 0.3995521 -1.1617428 -0.29641768 -0.58075315 -0.12201519
1150 -1.6973143 -1.5686393 0.16261296 0.30461863 -0.36468005
10 0.73447037 -1.3451377 -1.3332101 -0.7375481 0.38238105
296 0.4969925 -1.0234102 0.14475857 -0.76436734 0.15212595
651 -0.059599463 -1.2807958 -0.05020191 0.96525437 0.66312706
571 -0.59846604 -1.0619206 1.1641107 -0.09435186 0.22779197
1072 -0.7166115 -1.1362193 0.11013367 0.25424245 1.0509452
270 0.7019493 -1.3897072 -0.35644662 -0.7227599 -0.47371006
919 0.4077123 -0.9330562 -0.11501236 -1.0585018 0.60739464
745 -0.27502963 -1.3521436 0.5897258 0.95756996 0.11151089
1032 -1.1658349 -3.068102 -2.6549249 0.7071601 -0.52573246
248 1.2357955 -1.2166191 -0.48071995 -0.3263008 0.3785299
884 -0.3462289 -1.3034282 0.5836532 0.7123027 -0.022490922
1098 -0.66348505 -1.0663737 0.122407004 0.08840771 0.69580233
1156 -0.5189426 -0.97298616 0.11452401 -0.05112134 1.5167717
1030 -0.7007212 -1.0365126 0.79322225 -0.083674006 0.7548623
927 0.14280723 -1.2543267 -0.21942247 -0.18532972 -0.6762939
370 0.52620304 -1.1389176 -0.303642 -0.7404995 0.040281024
724 -0.11582826 -1.0608197 0.5793377 0.40740654 0.67593557
708 -0.4645692 -1.0805162 0.45813864 0.26844853 0.97151047
277 0.26143828 -0.8732087 0.7454146 -0.69168687 0.3523561
286 -0.49482286 -1.0566971 0.8036352 0.09664663 0.46228015
607 0.606358 -1.329139 -0.51860124 -0.6840402 -0.24541114
226 0.65131867 -1.266779 -0.27005622 -0.709062 -0.2005777
608 0.2962947 -1.0734668 -0.21614188 -0.78189754 0.077949114
1151 -1.5155172 -1.597207 0.03956874 0.44861472 -0.52812487
628 -0.56300914 -1.2237785 0.5773721 0.46831098 0.58299595
875 -0.24994636 -1.1230599 0.08820638 0.4998134 0.866295
732 -0.67171544 -1.1987923 0.15000346 0.37844533 0.4733135
581 -0.14153776 -1.1020254 0.4064029 0.5078251 0.55750895
1022 0.29219034 -1.007594 -0.6814714 -1.1759429 0.7273418
1141 0.027843678 -1.0983329 0.10444106 0.5507967 0.6806172
383 -0.039187334 -1.0581968 -0.2562686 -0.64239585 -0.08275803
1199 -0.37416062 -0.98393637 0.74172384 -0.020169528 0.64732033
1087 -0.28860253 -1.0984291 0.16744861 0.42456654 0.797952
545 -0.64672613 -1.3038467 0.8416153 0.6121744 0.25715542
673 -0.6343532 -1.2951677 -0.052635252 0.7115125 0.690558
1112 -0.005228382 -1.1212134 0.37818202 0.51558155 0.20969167
845 0.2269215 -1.2686005 -0.6646063 -1.291881 -0.03456215
371 0.6814728 -1.2333182 -0.36116537 -0.5967824 -0.13268982
352 -0.15623963 -1.5281934 -0.10504691 -1.0126351 -1.234937
926 0.28053367 -1.1126906 -0.04770688 -0.9553034 -0.07753268
800 1.1962317 -1.0863124 0.100919336 0.5968229 0.5560777
308 0.6695157 -1.1537616 -0.6235175 -0.3641155 0.14981164
1055 0.12185917 -1.2065892 -0.5861643 -1.0124588 -0.10875844
609 -0.17286564 -1.1101749 -0.45632535 -0.81633484 -0.13229102
1008 0.9957836 -1.4080919 -0.473095 -0.0076716836 -0.45372164
326 0.85629725 -1.2537924 -0.019188017 -0.57361096 -0.20219143
381 0.73689747 -1.3533283 -0.47703314 -0.5562873 -0.31163454
679 -0.21511255 -1.2077593 0.313028 0.66650885 0.1641806
950 0.58989733 -1.1158009 0.08255188 -0.97683465 0.05928715
210 0.20986292 -1.1799406 -0.17911711 -1.4146457 -0.04663292
443 -0.9886764 -1.1489772 0.7560435 0.032818552 0.4943124
233 -0.42301676 -1.4296156 -0.75504744 -1.108178 -0.8642364
851 0.8303892 -1.3720596 -1.3982583 -0.29876837 0.5217197
971 -0.43088704 -1.3762517 0.8176243 0.8278751 -0.021888262
877 -0.18732837 -1.2702096 0.4781335 0.85815436 0.66907185
848 0.44241863 -0.99961066 -0.44769123 -0.92385846 0.6678067
420 0.0024230382 -0.9607036 0.10215786 -0.21766828 0.25529963
476 -0.34610376 -1.385151 0.28684616 1.0532994 0.39693487
818 -1.1562828 -1.2111515 0.35687032 0.027672723 0.16170955
557 0.6086191 -1.0063168 0.19533 -0.51074135 0.19865611
1040 0.6916425 -1.2126123 0.39816818 -0.7805733 -0.33688545
1075 -0.10758306 -1.5431355 0.4877603 1.3096621 0.3919546
1090 -0.4860843 -1.2454785 0.46331915 0.6140082 0.24181372
560 -0.60156316 -1.1469785 0.5294713 0.28755873 0.7006138
1114 -0.5038715 -1.1067815 0.4186891 0.28438726 1.0864605
909 -0.6703207 -1.2774405 1.0488803 0.44164428 0.32845387
1054 0.8406813 -1.0404837 0.18279353 -0.48858368 0.2835845
1118 -0.6360613 -1.219734 0.4306487 0.4750391 0.57317746
965 0.6648236 -1.0889916 -0.34040916 -0.31668618 0.20160781
353 0.21984127 -1.0530045 -0.25136533 -0.1360771 0.01244792
380 0.70779043 -1.2977526 -0.46701917 -0.8486064 -0.11911767
763 -0.30443105 -1.1253656 -0.4041297 0.3468762 0.5718962
309 1.0887656 -1.7068397 -1.1288161 -0.12759542 -0.5518688
291 0.8367692 -1.057598 0.52663517 -1.0576682 0.304585
973 0.18852663 -0.9721968 -0.40188915 -0.7458459 0.37067807
601 -0.51276416 -1.1150407 0.6214211 0.23746996 0.23987928
756 -0.43546438 -1.4768852 -0.008265929 1.090139 0.0027938446
992 0.38701922 -1.1961495 -1.0072784 -0.54418236 0.16943178
517 -0.5821755 -0.9424824 0.751995 -0.48066887 0.22849214
1143 0.08686943 -1.0627439 0.30104855 0.4230946 0.6717316
1029 0.025953809 -1.0024234 0.20638567 0.31205046 0.98247176
588 0.29518574 -1.0556202 0.3412377 -0.6140101 -0.1544356
899 -0.83850896 -2.3199415 -2.1463666 0.6548135 -0.41227275
1178 -0.6708046 -1.1226015 -0.29571202 0.24288233 0.41408247
612 -0.33512306 -0.9651411 -0.3950095 -0.7890535 0.2361707
606 0.090035506 -1.1472499 -0.14344713 -1.0715673 -0.21548899
988 1.0488019 -1.3896751 -0.4282831 -0.3021129 -0.26370373
938 0.36704004 -0.9281982 -0.1093506 -0.5891063 0.51562124
1113 -0.92157984 -1.3251262 -0.19913785 0.56938297 0.46460748
323 0.19763276 -1.096978 -0.34354874 -0.9479174 0.06701567
759 -0.76671076 -1.195548 -0.15895006 0.30675992 0.46095392
831 -0.5574811 -0.99507684 0.4128895 -0.08494634 0.61162454
350 0.57429606 -1.246252 -0.38093847 -0.4082052 -0.344151
200 1.624505 -1.4615195 -1.0835783 -0.18352112 0.46342167
1094 -0.3260337 -1.3749315 0.086389996 1.0341715 0.6594862
710 -0.2433036 -1.6792895 0.3936221 1.446941 -0.07867299
824 0.3779324 -1.1628934 -0.7346264 -0.7974222 0.12626879
457 0.33090875 -1.2187563 -0.091114536 -1.5104461 -0.07945502
841 0.2318684 -0.93638426 -0.16770378 -0.9107802 0.47009435
221 0.56420636 -1.0868564 -0.21536309 -0.7464783 0.15730152
579 -0.69163907 -1.0201977 0.6330278 -0.13153988 0.3193925
576 -0.18256882 -1.0556468 0.62498534 0.32741228 0.66129833
922 -0.5324353 -1.0672619 0.38425213 0.1949618 1.1077751
366 0.93524987 -1.1925489 -0.63597065 -0.83255553 0.3851191
117 1.3644873 -1.3823225 0.2874411 -0.38349104 -0.36712015
1169 0.07854833 -0.8549344 0.52448136 -0.27935702 0.7759643
401 0.4182114 -1.039071 0.44525135 -0.21987739 -0.17795593
807 1.1146609 -1.1036237 -0.920906 -0.6790226 1.1922858
583 0.2548617 -1.2884876 -0.261333 -0.7285906 -0.58531225
998 -0.25710592 -1.0483326 0.027750274 -0.5485133 -0.22231022
792 -0.51959014 -1.228318 0.27895474 0.5427139 0.36725852
1163 -0.68405366 -1.2946168 -0.3239469 0.61308247 0.52520335
593 0.6795954 -1.4658808 -0.452523 0.14136569 -0.791834
625 -0.5636576 -1.4127007 0.29632235 0.9293666 0.37710375
310 1.3058851 -1.8283092 -1.0045867 -0.0691191 -0.6348307
1062 0.40861675 -1.0472212 -0.16655387 -0.98229563 0.2946904
1066 0.039200697 -1.1310372 -0.31124324 -1.434455 0.026244566
1128 -0.3331571 -1.0432079 0.26389137 0.27839607 0.9467207
709 -0.7609606 -1.3497036 -0.043273885 0.6917669 0.33259502
825 0.44313428 -1.1135463 -0.057526417 -1.1815304 0.061401937
613 -0.17978783 -1.3357567 -0.9691869 -1.2815028 -0.24475308
465 -0.74249107 -1.2247556 0.748037 0.3871625 0.7006347
962 0.15960996 -1.3496559 -1.0957872 -1.2677207 0.027820978
730 -0.86996704 -1.3034483 0.25216806 0.574561 0.5342176
741 0.07271878 -1.0679691 0.11600992 0.45640182 0.4661648
232 0.5407283 -1.1488401 0.116755836 -0.8379075 -0.096283086
549 -0.61684304 -1.2369143 0.5220302 0.5261342 0.53543884
840 0.767783 -1.2099938 -0.658923 -0.37813476 0.09332788
649 -0.5015172 -1.1391026 0.32316044 0.38288227 0.30407307
804 0.46305194 -0.98643804 -0.19154897 -0.720305 0.44447678
1052 0.8556011 -1.2497103 -0.16634905 -0.529255 -0.15748487
259 0.57207644 -1.2345897 -0.35061955 -1.1504774 -0.00074191764
330 0.52737856 -1.1858952 -0.3182096 -1.0642343 0.015379622
345 -0.044516362 -1.4549009 -0.2621766 -1.5267463 -0.66391736
311 1.519421 -1.3384435 -0.9190115 -0.14698914 0.47625506
266 0.48609915 -1.2349812 -0.528025 -0.3383012 -0.23099284
791 -0.38282046 -1.056443 0.4769443 0.16536012 0.61395556
257 0.9592625 -1.2800218 0.03177064 -0.75137526 -0.20586525
1070 0.083297834 -1.3358701 0.05079226 1.1542509 0.7398671
430 0.6548427 -1.1357396 0.36585665 -1.0749171 -0.061209984
977 0.74538004 -1.1765636 -0.7199578 -0.2949684 0.2805066
1165 -0.4569796 -1.0714508 0.055996466 0.18636362 1.3104663
968 0.5937275 -1.1139064 -0.13057467 -0.984334 0.19832364
890 0.36135584 -1.1916066 -0.23997724 -1.0752457 -0.040810026
362 0.73648685 -1.3300344 -0.40072456 -0.8574159 -0.22251603
751 -0.49140027 -1.2376006 0.6939911 0.645326 0.3804416
726 -0.13159698 -1.3270862 0.021405028 1.0164175 0.44755697
888 -0.68556035 -1.3041818 0.45865387 0.5623392 0.24266587
809 -0.6281845 -1.2893856 -0.5593202 -1.685248 -0.3118757
1033 -0.95457864 -2.8189478 -2.3455455 0.54541177 -0.55440366
646 -0.26914248 -0.9808569 0.30265853 -0.44928306 -0.02485804
987 0.657611 -1.1111244 -0.09989037 -0.5368971 0.14844243
1026 0.55706406 -1.4195921 0.05611698 -0.35610813 -0.85023737
925 0.47568244 -1.0565006 0.13274638 -1.0929595 0.16207977
935 0.77542907 -1.1340563 -0.56285137 -0.862988 0.50961804
985 0.78284997 -1.1373386 -0.20215274 -0.5328386 0.19058631
811 0.6317966 -1.0203902 0.4994877 -0.8000345 0.11272391
324 0.35375118 -1.0515803 -0.07839826 -0.4567715 -0.05096677
921 1.0577028 -1.3080354 -0.5238276 -0.5393755 0.0747181
260 0.444015 -1.1259878 0.014040077 -1.038438 -0.048549216
787 -0.37482312 -1.2783269 0.62030035 0.72411114 0.14877999
295 0.45905444 -1.1457678 0.0005034146 -0.87002283 -0.13134825
419 0.8984427 -1.2835605 -0.34302273 0.13147685 -0.3646514
372 0.79217565 -1.4270046 0.32623416 -0.6579349 -0.79432124
917 0.8368274 -1.1621177 0.21720125 -1.0205634 0.1302682
333 0.43415672 -1.3098245 -0.52123517 -0.19677097 -0.54990274
603 0.80536604 -1.2350112 -0.20644411 -0.5172308 -0.24196868
1049 0.8117418 -1.2632645 -0.36785564 -0.62058824 -0.08590531
1004 -0.232725 -1.2408898 -0.673075 -1.3653529 -0.15386732
689 -0.61746305 -1.2458538 0.024556348 0.55471456 0.41285902
429 0.13712804 -1.2615504 -0.14123057 -0.3012958 -0.66488284
1209 0.15007313 -1.3733639 0.12915264 1.1789842 0.57023144
1107 -0.70602876 -1.4083244 0.027755743 0.7800323 -0.021462819
1048 0.22713107 -1.0657552 -0.3823729 -0.16653822 0.10071242
434 0.521488 -1.0221479 0.0326677 -0.82621884 0.18925694
1044 0.74456733 -1.1120858 0.020579578 -0.82867366 0.1562628
1185 -0.5224232 -1.122466 0.25809053 0.3388461 0.85162055
363 0.06252615 -0.9881226 -0.162447 -0.8802901 0.2615474
1092 -0.62328607 -1.1414572 -0.31620067 0.39878795 1.5424364
399 1.3492265 -1.4207953 -1.1483345 -0.2984255 0.57432353
1074 -0.65465105 -1.1035528 -0.41121498 0.18024254 0.8444322
1137 -0.4396951 -1.2084876 0.30603394 0.60741585 0.5068299
900 0.18392672 -1.2285987 -0.47846422 -0.8399451 -0.2911989
317 -0.37368897 -1.0412118 -0.03205307 -0.24366258 -0.11424244
1001 -0.9423037 -1.0879327 0.57763153 -0.16181487 0.34377423
1167 0.26108056 -1.2877733 0.28598988 1.0265816 0.46438456
784 -0.70436656 -1.4062377 -0.067583546 0.7560596 -0.23684356
805 0.6420521 -1.2080629 0.083472654 -0.038772393 -0.37821394
735 -0.6330758 -1.3233668 0.41614753 0.72400045 0.20443836
1130 -0.5514408 -1.2620568 0.23082782 0.65694565 0.5003686
993 0.47078606 -1.2023997 -0.77663696 -0.64141566 0.100555144
301 -0.25365007 -1.0612217 -0.40166682 -0.086500905 0.052683216
1060 0.22252989 -1.136887 -0.7993825 -0.43855146 0.08266239
885 -0.1733566 -1.485272 0.45320663 1.2007769 0.47582632
942 0.62185174 -1.170735 0.052700676 -0.77339214 -0.06428795
774 -0.5339901 -1.2334534 0.6305245 0.532004 0.4737616
720 -0.30293068 -1.318397 0.5191933 0.877781 0.516589
356 0.45520425 -1.1367397 0.5197609 -1.0981522 -0.18668213
914 0.9326702 -1.0987837 -0.42998177 -0.08673094 0.5017413
412 0.83922285 -1.2608131 0.063078955 -1.0587597 -0.103348486
801 0.6675696 -1.30926 -0.33922204 -1.0177481 -0.17194164
1103 0.17114359 -1.4946733 0.2436328 1.3752218 0.347671
1153 0.6355089 -0.9872745 0.16797237 -0.37043425 0.38424188
728 -0.23598588 -1.2708945 0.278507 0.87233645 0.48959258
596 0.6188758 -1.296135 0.3218925 -0.8244294 -0.57942414
920 0.76849174 -1.3742859 -0.4388238 -0.7227652 -0.28870827
1177 -0.3862623 -1.4133586 0.10371686 0.96270025 0.05839669
1193 -0.4632806 -1.1513959 -0.08683557 0.44412175 1.0808898
969 0.66067 -1.2201666 -0.22440642 -1.1582023 0.04849532
1202 0.5650244 -1.3260752 -0.10861866 1.1804521 0.36497825
616 0.37592193 -1.1012491 -0.8140253 0.06515327 0.32088685
1085 -0.19701217 -1.0201277 -0.4066657 0.046987005 0.42782545
1046 0.44755405 -1.0586832 -0.53297716 -0.6528486 0.42062026
674 -0.61809546 -1.4360801 0.2693891 0.9716807 0.04371216
749 -0.44320378 -1.2862351 0.37703723 0.71190774 0.3596738
407 0.37637198 -0.9264802 0.6151405 -0.79020214 0.34874016
954 -0.39219913 -1.0188458 0.30911884 0.14323667 0.74736917
1124 0.29763135 -1.4857397 0.135956 1.3133337 0.21039341
1108 -0.17484316 -0.9928946 0.4144685 0.21334526 0.851578
1204 -0.35411942 -1.3020324 -0.19226171 0.6260318 -0.031336993
471 -0.23955676 -0.97759676 0.4827531 -0.18662451 0.11355683
1183 -1.0550499 -1.526358 -0.2466089 0.6359284 -0.56836194
1002 0.116477445 -0.96642005 0.11948203 -0.2075059 0.104866326
1019 -0.89755195 -1.1447064 -0.17435241 -0.08677963 -0.082224496
1006 0.047950618 -0.76782554 0.30392623 -0.840578 1.1686994
1215 -0.79088897 -1.3752441 -0.050745502 0.5948682 -0.020546742
491 -0.55977845 -1.2292298 0.62642676 0.5632733 0.494844
1111 -0.07572313 -1.3114105 0.42741024 1.0253181 0.3894355
1016 -0.16573586 -1.4164108 0.32755652 1.1345286 0.7394354
414 0.8962276 -1.3282175 -0.511743 -0.76062894 -0.20375367
422 0.39677957 -1.0210769 0.1842627 0.13166595 0.3103341
1115 -1.0778968 -2.9557517 -2.2660546 0.40330815 -0.5478616
907 0.7528013 -1.1632705 -0.2849217 -1.1381426 0.17693701
1024 -0.6835299 -1.2022693 -0.8940621 -0.99935365 -0.25591096
1021 -0.69998497 -1.3816072 0.16779347 0.6061164 -0.2241042
912 -0.7366231 -1.0274854 0.8534231 -0.19588019 0.4471595
886 -0.75519764 -1.4333444 0.4705124 0.78756624 0.3696238
898 0.50954455 -1.2965475 -0.61078125 -0.47092462 -0.33481595
1171 0.10812643 -1.0513735 -0.53800637 -0.02427884 0.03867528
923 0.77803993 -1.3137994 -0.66790336 -0.56126696 -0.09686194
360 0.8282044 -1.3996836 -0.5057421 -0.6964622 -0.27676585
768 -0.8823739 -1.4458686 0.35078138 0.5968984 -0.31399676
1078 -0.28373018 -1.2377253 1.4754599 0.5524063 0.21941318
1035 0.42753902 -1.3506908 -0.24013714 -0.8156386 -0.54647845
1068 -0.25986493 -1.0327157 -0.16045079 -0.29428488 -0.1030961
1017 -0.078384675 -1.2902755 0.46570185 0.9204386 0.4656246
591 0.06351613 -1.1588644 0.21813174 -0.067127384 -0.51387906
744 -0.35899207 -1.1685388 0.17928557 0.47926626 0.63993657
1125 -0.39591044 -1.0418808 0.6626486 -0.23254223 -0.25049964
952 0.15855746 -0.949037 -0.32349432 -0.22530821 0.5033406
339 0.8934877 -1.4222351 -0.06759761 0.5413713 -0.57687527
978 -0.4370248 -1.180905 0.6920339 0.47296298 0.44025356
1127 0.19756705 -0.9144205 0.4770377 -0.027453266 0.46718508
1038 -0.502453 -1.2450315 0.4014046 0.6031459 0.2825212
946 -0.4162376 -1.0639591 0.2892939 0.2700991 0.7766133
752 -0.8127285 -1.384135 0.23399274 0.7436245 0.13980618
1182 -0.6977797 -0.9520448 0.6095131 -0.36467236 0.7504008
582 -0.5682928 -0.9231345 0.053720713 -1.1752876 0.2873221
193 1.1627365 -1.3942893 -0.29533276 -0.73666525 -0.05600863
997 0.03225161 -1.3707056 -0.53554094 -1.7489184 -0.16632767
806 0.4230761 -1.0750167 -0.030168116 -0.33001205 -0.05333207
425 0.29954797 -1.2230433 -0.102419436 -0.94897884 -0.33822834
1053 0.46828744 -1.033051 0.3505232 -0.2613524 -0.032980025
617 0.6933529 -1.2376248 -1.0458264 -0.2248453 0.2406797
837 0.8714037 -1.536434 -0.7731025 -0.66201174 -0.4152945
780 -0.9160385 -1.2164307 -0.24067672 0.40218887 0.776119
1109 -1.0977211 -1.3611089 -0.7791506 -0.5380502 -0.8735069
368 0.2552837 -1.4304476 -0.61708987 -1.1816336 -0.5279672
416 0.5258276 -1.0922524 0.23231946 -0.42766586 -0.14797692
319 0.6394734 -1.1302896 -0.073913686 -0.13811272 -0.16134211
1104 -0.101826936 -1.4652336 0.60926193 1.1543562 0.39440373
1093 -0.79762506 -1.4995956 -0.6274147 1.0966767 1.6045358
777 -0.47555172 -1.3080254 0.326952 0.75911057 0.31490868
1036 0.20329897 -0.98564386 0.040191595 -0.5216852 0.06429994
1100 -1.0766538 -1.2714765 -0.31233492 0.26393434 0.95453924
533 -0.018858448 -1.003555 0.3137466 0.0941253 0.37599412
562 0.43210864 -1.1289228 0.008593525 -0.8555618 -0.14055528
739 -0.3937365 -1.3331054 0.4807267 0.8467951 0.38322222
750 -0.5423705 -1.1775526 0.5281673 0.43316647 0.6873191
815 -1.0100105 -1.1532464 0.32217973 -0.0053815222 0.55642164
1116 -0.072510146 -1.1380192 0.09872656 0.58730483 0.9175432
1218 -0.42995334 -1.2741816 0.45833126 0.7252194 0.9699594
621 -0.095621176 -1.036446 0.16512229 0.116349205 0.17896746
1134 0.31151897 -1.0752131 -0.13038236 0.38833544 0.23562971
1121 -0.2834558 -1.191998 0.20848623 0.5946208 0.56418705
1203 -0.4386155 -0.9940374 0.58068717 0.04007981 0.9750319
552 -0.11652833 -0.9419336 0.45989224 -0.08703203 0.4857083
1168 0.47463197 -0.96987695 -0.40317497 0.07347017 0.73276854
857 0.7525174 -1.2755946 -0.5248386 -0.5771457 -0.0511917
1064 0.2635283 -1.3625104 -0.35566157 -1.1722316 -0.3955341
738 -0.5759693 -1.3190402 0.44844136 0.75585043 0.6328681
410 0.82069016 -1.3179222 -0.002748502 -0.4949075 -0.47674045
1220 -0.19119115 -0.98438454 0.36758274 0.14081602 0.65973026
862 0.2248974 -1.6362339 0.13415608 1.580678 0.040891185
1152 -1.6399798 -1.708156 0.059326753 0.52270746 -0.48079532
269 0.93122816 -1.5731328 -0.59438425 -0.49188203 -0.6185041
417 0.9108148 -1.3897032 -0.8306293 -0.4760348 -0.110818766
347 0.0709239 -1.5432674 -0.4202483 -1.4984516 -0.77589047
1201 -0.84305304 -1.1456918 0.3568694 0.08140932 0.37809289
776 -0.51488847 -1.3910328 0.36539558 0.87457323 0.35938942
265 0.96624815 -1.3701115 -0.14921436 -1.141858 -0.07846972
705 -0.34224948 -1.2694075 0.033422798 0.8264718 0.3733832
999 -0.4866815 -1.4390888 0.36408588 0.9807061 0.13137989
764 -0.87920487 -1.4147736 -0.07663993 0.6610114 -0.3562712
1071 -0.08879151 -1.0901718 0.13183977 0.4428401 1.1778027
826 1.0056503 -1.3620409 -0.6896762 0.82938415 0.53204125
743 -0.65494454 -1.307549 0.3152401 0.6681964 0.17022768
641 -0.47451368 -1.2069461 -0.2343968 -1.7704145 -0.03581928
1170 0.53874266 -1.2157048 0.1720795 -1.1033329 -0.21413355
982 -0.12788701 -1.2719 -0.5904541 -1.4366555 -0.27438354
536 1.0304201 -1.2574159 -1.1274694 -0.120818295 0.9228079
797 -0.5013091 -1.3577282 0.47253934 0.8607057 0.48275164
974 0.6406773 -1.5100342 -0.8767324 -0.78359073 -0.3150659
1086 -0.8864165 -1.140167 0.49415198 0.106139824 0.8409025
810 0.53277445 -1.0244287 0.38441864 -0.8441234 0.08396518
893 0.55107874 -1.2526423 -0.4173708 -0.63248414 -0.23124778
302 -0.22867392 -1.0592728 -0.33491743 0.14764267 0.21338148
665 -0.52175146 -1.2435689 0.53361523 0.5449365 0.4378947
1142 -0.24758741 -1.0708745 -0.055014443 0.35521472 0.96138746
580 -0.010335483 -1.0698937 0.3289506 0.12087369 -0.09872354
1045 0.50105435 -1.296794 -0.016163144 0.9794904 0.30581588
816 -0.9914836 -1.2126356 0.42929316 0.12841468 0.6965961
373 0.69033635 -1.2965254 0.36396715 -0.68091714 -0.53385425
908 0.7913352 -1.1469412 -0.20878118 -1.2208668 0.08330058
1200 -0.82994545 -1.3150281 -0.17039938 0.5253884 -0.05367181
636 1.0678638 -1.4964269 -0.6848238 -0.5799103 -0.36766955
1197 -0.2730393 -1.0552658 0.21349083 0.3096852 0.5466436
736 -0.42010042 -1.2869233 0.53574544 0.7149727 0.19427694
821 0.8652705 -1.1130831 -0.42020965 -0.57655525 0.24567758
480 -0.5712158 -1.4352701 0.67318964 0.89216566 0.38153017
1095 -0.638356 -1.2083184 0.17036079 0.50435764 0.6640936
421 0.73047215 -1.2137268 0.4696215 -1.1323766 -0.19026011
1205 0.09471776 -1.2817484 0.44002184 0.96309644 0.43982258
957 0.64364165 -1.0877784 -0.18020473 -0.8914141 0.32785416
312 0.9383589 -1.5152173 -0.7452889 -0.22887163 -0.36569092
258 0.92738444 -1.0834433 -0.10114448 -0.16403814 0.23426412
769 -0.57924277 -1.3200048 0.40425006 0.7113973 0.30177626
986 0.055789486 -0.8832086 0.048634887 -0.8028635 0.6874983
770 -0.58394367 -1.1961142 0.40742132 0.51289994 0.46474707
844 0.8098458 -1.0702834 -0.17178941 -0.8068735 0.21950513
1217 -0.12789929 -1.0884261 -0.16862124 0.37388933 0.661661
433 0.7290653 -1.1952112 -0.102972165 -0.96205163 -0.16500667
1140 -0.90344983 -1.2911811 -0.09971408 0.35484433 0.04989214
1158 -0.33846468 -1.1307601 0.061739396 0.5025637 0.75480837
256 0.42624125 -1.0708477 -0.041411716 -0.9079717 0.102300026
949 1.0294303 -1.4466578 -0.1899247 -0.41130018 -0.44326168
762 -0.4428504 -1.4527111 0.33582318 1.0333124 0.13445246
765 -0.40958926 -1.1056005 0.2391006 0.38296098 0.48014635
976 0.7372468 -1.44008 -0.77475166 -0.7926963 -0.22556669
1122 -0.4709837 -1.5405687 0.38810816 1.2286484 0.24400367
1149 -0.51358837 -1.2095762 0.227341 0.5538067 0.8010517
753 -0.27605373 -1.2375258 0.37251884 0.80361265 0.62321734
959 0.5046767 -1.1281421 -0.15108705 -0.72428846 0.045937877
785 -0.7113219 -1.4349546 -0.008517368 0.7527914 -0.19808367
1173 -0.29597026 -1.0667471 0.16825187 0.27010405 0.4688137
939 1.1032882 -1.7608908 -0.9766252 -0.24498594 -0.498083
1023 0.2683385 -0.99244857 -0.056020424 -0.8355096 0.27385274
496 -0.60499537 -1.2871076 0.46502647 0.62666243 0.42072073
1034 -0.6217453 -0.98821473 -0.25174332 -1.031171 0.19085453
1065 0.67130774 -1.1940134 -0.15245268 -1.0237653 -0.18899766
905 0.55104303 -1.0877727 -0.02204407 -1.0538229 0.2386467
408 -0.03094779 -1.1169087 -0.36477512 -1.1416242 0.0225719
438 -0.12936248 -1.0091513 0.088110924 -0.41707888 0.07808402
287 0.5245326 -1.0497854 0.33032522 -0.700069 0.030384062
755 -0.36059183 -1.1285791 0.34526116 0.46293148 0.38211414
1162 -0.714981 -1.0038223 0.48595786 -0.24881819 0.7856515
1211 -0.24102211 -1.0489914 0.8574145 0.23950008 0.5536753
1138 -0.6429232 -1.1951975 0.4266742 0.34753138 0.68230337
413 0.6367027 -1.155147 -0.031028068 -0.97944045 -0.07614931
633 -0.7657416 -1.2930075 0.679784 0.54019535 0.55358326
642 -0.4048848 -1.1692564 -0.33323145 -1.5182794 -0.14181574
1028 -0.57036215 -1.1539061 0.32276794 0.38759896 0.65130115
532 -0.31900215 -1.0297511 0.4905158 0.13155165 0.5492602
548 -0.5046109 -1.1687101 0.7298304 0.37449545 0.3438265
838 -0.71961665 -1.3611895 0.44853073 0.6473799 0.26772684
1187 -0.587842 -1.2634629 0.8559497 0.5634328 0.41730478
643 -0.034941938 -1.2506065 -0.31340066 -1.3416889 -0.24303581
1136 0.2132653 -1.3732805 0.19224817 0.9955739 -0.07686737
1089 -0.36014265 -1.0691344 0.5196742 0.3280515 0.7172193
984 0.09557965 -1.0484768 0.077754855 -0.012721123 -0.038410295
645 0.46019384 -1.0653565 -0.18503536 -0.9299693 0.2268319
995 0.45239583 -1.0522819 0.033045754 -0.60866666 0.013037816
423 0.9275365 -1.3607084 -0.05404948 -0.44814092 -0.50037694
1186 -0.3485906 -1.2486049 -0.115149245 0.7019198 0.58053696
224 0.68845415 -1.2838719 0.010513337 -0.44082642 -0.47224537
1181 -0.8162747 -1.458336 -0.38844392 1.2026916 1.25777
727 -0.341847 -1.5306982 0.5619575 1.2640823 0.2586824
467 -0.5843381 -1.0712653 0.65603465 0.11629744 0.7235532
956 -0.5898496 -1.222072 0.60492015 0.38567993 0.96186614
639 0.6929311 -1.1595464 -0.29394108 -0.7415011 0.08303416
411 0.77296686 -1.1742857 0.16423963 -0.77664465 -0.062492456
153 0.3074445 -1.2228192 -0.33183542 -1.1800724 -0.28213853
891 0.9080143 -1.066303 -0.11154447 0.27509865 0.4211829
852 1.3439876 -1.4879751 -1.2027094 -0.05885623 0.75345665
340 0.72911227 -1.4250337 -0.33088833 -0.8681272 -0.5261928
771 -0.352135 -1.2273406 0.35613933 0.7124725 0.3679592
723 -0.5410019 -1.335798 0.29657173 0.8013362 0.3949333
188 0.74318194 -1.1978687 -0.0329846 -0.9304456 -0.02400607
855 1.290748 -1.4242866 -1.1219966 -0.11794465 0.7580338
861 0.031554054 -1.5205045 0.2023404 1.4176301 0.044447638
856 1.2203597 -1.3888477 -1.049284 -0.06023478 0.74829644
394 -0.5654369 -1.128662 0.08978465 0.22795144 0.7851445
897 0.74481064 -1.4047556 -0.68539596 -0.637678 -0.27732536
1117 -0.1546929 -1.3691728 0.3352469 1.046562 0.466574
863 0.17096977 -1.0477979 -0.26678094 -0.8670828 0.2405888
1180 -0.25513718 -1.1806275 0.016087882 0.54741806 0.51621616
889 -0.54004025 -1.427565 0.54406357 0.8945937 0.45518392
778 -0.32658148 -1.2716146 0.212631 0.8212445 0.3433005
584 0.3197858 -1.0820632 -0.19190103 -0.566636 -0.089568906
966 0.42778665 -1.1226026 -0.4141695 -0.08025595 0.23427303
989 0.3873774 -1.036773 -0.08077427 -0.6616101 0.16002066
827 -0.25506523 -1.4241408 -0.7988048 -1.358201 -0.26965243
561 0.36953604 -1.312175 -0.15522963 -1.0861014 -0.34793675
854 1.1338404 -1.4049737 -1.0925839 -0.14132808 0.71376634
1191 -0.64361 -1.1453413 0.45024854 0.2698727 1.079807
1041 -0.9344975 -1.4173474 0.054318435 0.4807089 -0.22138955
761 -0.5220221 -1.2450995 0.3661975 0.67303276 0.34071785
1119 -0.813619 -1.1278874 0.6312612 0.15578979 0.84568894
716 -0.4764527 -1.1703259 0.3770453 0.64577764 0.49263936
1067 0.3494092 -1.1350206 0.25905812 -0.5366362 -0.2875356
522 0.3827648 -1.1799629 -0.28939956 -1.2156805 0.014208549
685 -0.49901766 -1.2789352 0.3574332 0.76610976 0.27753198
586 0.71594054 -1.2508446 -0.04378805 -0.9921656 0.010096217
937 0.40932345 -1.0409251 0.01087135 -0.8309609 0.15391035
793 -0.4629639 -1.2768627 0.30493814 0.7206831 0.29867628
990 -0.5788384 -1.1013691 0.5117296 0.08305846 0.6791909
1154 -0.36364093 -1.095503 0.06634639 0.2674957 0.32815468
894 0.99761015 -1.4221982 -0.839243 -0.42907408 -0.05019842
760 -0.46306744 -1.2405837 0.4293944 0.6207818 0.28236637
823 -0.24685124 -1.0799332 -0.41997412 -1.3019857 0.07593608
611 0.764987 -1.3493567 0.01671084 -1.021214 -0.30506116
1131 -0.8598601 -1.3995824 -0.23980954 0.5658158 -0.09902049
789 -0.6150883 -1.2504145 0.41535828 0.56316626 0.41513726
754 -0.45665023 -1.2765582 0.39246285 0.77213705 0.22552688
1192 -0.0983579 -1.0377144 0.123474054 0.17518812 0.35161376
692 -0.5631039 -1.1766638 0.36897746 0.5353389 0.49281633
1106 -0.32391506 -1.440081 0.2711659 1.0580318 0.17513481
766 -0.5636949 -1.2063329 0.37788263 0.5117268 0.34731162
428 0.70231754 -1.2321161 0.08337339 -0.7982961 -0.23976925
958 0.6559152 -1.2217783 -0.0763867 -0.66436285 -0.09230592
590 1.2856034 -1.4573902 -0.91311705 -0.2502793 0.23852907
902 0.2257685 -1.178687 0.0842149 0.46924806 0.10749425
948 0.5274603 -1.2943947 -0.24349236 -0.6091673 -0.40516552
378 0.68296367 -1.2865678 0.14683323 -0.7782453 -0.3100992
1088 -0.60553825 -1.1991758 0.24153063 0.41328582 0.9675915
1148 -0.8097951 -1.1109158 0.6046998 -0.014386177 0.3897748
313 0.76200557 -1.2696456 -0.25850382 -0.40141642 -0.20934795
733 -0.56810063 -1.2291393 0.4007391 0.6340129 0.43171415
853 1.1112314 -1.4299634 -1.1428875 -0.09698439 0.7536485
941 -0.115008354 -0.90606815 0.15699261 -0.24344623 0.6604236
1059 -0.16996133 -1.2541099 -0.66164774 -1.0820798 -0.22319184
1135 0.22287655 -1.2663368 0.1567492 0.6988633 0.030182369
614 0.5341562 -1.2909248 -0.090370774 -0.7376493 -0.50328
615 0.6991994 -1.3710693 -0.27526027 0.25586638 -0.52644926
1146 -0.38696823 -1.0885341 0.41467816 0.30504462 0.78308725
1221 -0.19706438 -1.4282817 0.38460475 1.1341522 0.43161726
1096 -0.60992295 -1.2916907 0.4047059 0.6951692 0.649339
1091 -0.4745143 -1.1095778 0.70226866 0.31249738 0.64665776
981 0.039328054 -1.1928363 -0.49766117 -1.2137595 -0.28833506
846 0.47645858 -0.9453749 -0.011335523 -0.90166885 0.65627795
1039 0.74672663 -1.3145978 -0.20180547 -0.78120756 -0.24609129
869 -0.42279443 -1.2765112 0.29168898 0.6981046 0.283147
1069 0.8383326 -1.3295882 -0.20611031 -0.6807291 -0.30996636
1063 0.18815567 -1.2309242 -0.40905923 -1.3747952 -0.07032355
904 0.84760624 -1.2793223 -0.29382795 -0.6285739 -0.07057259
435 0.61938375 -1.1377741 0.0834294 -0.73336285 -0.21001159
940 -0.51458806 -1.410826 0.33080605 0.88796914 0.2264798
1009 0.6690636 -1.2669153 -0.4219154 -0.29747394 -0.22043768
867 0.5082781 -1.104755 -0.090240486 -0.9294288 0.016025934
994 -0.8250881 -1.2512707 0.6609216 0.35391086 0.34058338
983 0.45324287 -1.0129544 0.18387501 -0.7003047 0.23120476
1190 -0.37196094 -0.8924161 0.29442748 -0.46252427 0.60295093
979 0.6682066 -1.168615 -0.12756293 -0.34721765 0.04851282
929 0.22820608 -1.1814772 -0.21114926 -0.15244466 -0.43629837
781 -0.44744706 -1.1922116 0.3980436 0.5927236 0.395181
860 0.73086894 -1.3342377 -0.41817153 -0.5196882 -0.33839124
114 0.7166563 -1.2430238 -0.05293616 -0.859828 -0.254333
154 0.1639123 -1.2671014 -0.39384785 -1.289646 -0.1141301
865 0.19971623 -1.1801907 0.14522493 0.44831246 0.05841715
788 -0.43442386 -1.1417464 0.38422364 0.42829454 0.46680123
1174 -0.37819043 -1.1529884 0.36399263 0.42578372 0.6200494
1172 0.03898468 -1.0152183 -0.29056603 -0.012167685 0.07646473
1210 -0.3001339 -1.1156739 0.29292688 0.48656198 0.50290555
960 0.7581976 -1.1780145 -0.10565384 -0.57278067 0.036117554
1105 -0.1179666 -1.0849779 0.17694157 0.4377891 0.6167335
859 0.47205874 -1.0591239 -0.059569743 -0.67912537 0.16702473
495 -0.50021136 -1.0845606 0.7265827 0.22821108 0.61551887
402 0.11049379 -0.9588762 0.29783115 -0.27324066 0.08558497
795 -0.6707906 -1.3061274 0.06375154 0.5316603 -0.066930026
1133 0.3787474 -1.1491084 0.090584755 0.5762908 0.2269196
518 0.6567181 -1.2296664 -0.24692544 -0.8466199 -0.06352743
1007 0.31828234 -1.2015532 -0.03140569 0.45112187 0.027690984
1003 0.61690515 -1.1259671 0.17669068 -0.7078393 0.0016356759
1018 0.18077819 -1.2845974 -0.4704963 -1.3558801 -0.0727081
991 0.3436549 -1.0447388 0.13881955 -0.67502666 0.0022089113
436 0.69376075 -1.3056527 -0.22953963 -0.86710185 -0.23413417
808 0.44124177 -1.2231451 -0.06974425 -0.9862028 -0.17890738
775 -0.38201573 -1.1285378 0.29650444 0.45186102 0.2529229
306 0.6338247 -1.234375 -0.26507187 -0.46960914 -0.16933033
842 -0.2754344 -0.89603996 0.5744076 -0.14361538 0.9229316
431 0.4983734 -1.1806875 -0.019815117 -0.8226637 -0.15422814
1025 0.5836487 -1.3797619 -0.2434404 -0.69651514 -0.5402166
1058 0.5288438 -1.2117401 -0.28870282 -0.80684865 -0.10634966
798 -0.45013872 -1.2351226 0.43503505 0.7283199 0.4698488
1123 -0.436679 -1.0638018 0.40817553 0.17804374 0.7504056
1212 -0.31324244 -1.0935217 0.0115408525 0.24550696 0.3442217
1099 -0.54678047 -1.3219625 0.18157129 0.73505706 0.2821431
866 0.77085966 -1.2075547 -0.4352933 -0.6813259 -0.04249353
1222 -0.43637607 -1.3687248 0.16200025 0.8585078 0.3515221
963 0.80639327 -1.1814723 0.093442455 -0.9138435 -0.0282953
585 0.66499895 -1.2141361 -0.024343148 -0.8461446 -0.12583119
595 0.4207686 -1.3090752 -0.08069635 -0.5538829 -0.57867646
903 -0.32595792 -1.1141174 0.10774257 0.32648492 0.4764788
758 -0.33532688 -1.1777275 0.17326327 0.53520614 0.204146
618 0.117423415 -1.0786306 -0.024776323 -1.1037079 0.046736274
245 0.5113716 -0.9879164 0.086700045 -0.3994745 0.266209
972 0.6313797 -1.2642769 -0.24494602 -0.64849675 -0.14782964
786 -0.4636909 -1.1193506 0.48858088 0.45553005 0.5758585
351 0.4064825 -1.1326656 -0.048923463 -0.7894818 -0.015217299
1207 -0.57736576 -1.3402007 0.12032383 0.7420891 0.22270578
1110 -0.2528175 -1.0376934 0.17273939 0.3428437 0.5642746
432 0.46283612 -1.133628 0.079593934 -0.8550521 -0.09545085
1196 -0.4178617 -1.1759032 0.21428765 0.5545129 0.5279567
779 -0.4905042 -1.081008 0.41269156 0.32401118 0.75130236
895 -0.24769524 -1.0383466 0.20375375 0.18273517 0.40668812
199 0.6928621 -1.2312319 -0.18905573 -0.77356166 -0.21323961
1147 -0.5682886 -1.0758594 0.46406463 0.19459744 0.6769314
836 0.3589148 -1.126226 -0.25533104 -1.1839688 0.13638934
961 0.43258142 -1.0065566 -0.03223305 -0.6838887 0.3214525
264 0.6593575 -1.1600336 0.0083887195 -0.80120283 -0.10578981
268 0.4929719 -1.2065402 -0.08522878 -0.8233125 -0.17360047
1126 -0.5104058 -1.1632617 0.39758474 0.4725067 0.3175473
1155 0.0642862 -1.139867 0.11727513 0.4311997 0.30185157
936 0.28645876 -0.97281134 -0.005073627 -0.47588497 0.26084894
1043 0.10932214 -1.194152 -0.28392258 -1.2777491 -0.14377435
577 0.5583298 -1.1244149 -0.3982227 -0.48301482 0.1668718
1050 0.74117106 -1.1788391 0.010215284 -0.6793309 0.04499147
951 0.50903183 -1.133964 -0.20639731 -0.7363974 0.04051368
924 0.13692679 -1.1651589 0.15000327 0.42002746 0.17922701
1005 0.49919987 -1.070846 0.029795296 -0.8178966 0.07782032
819 0.46733913 -1.1592634 -0.30600712 -0.55260676 -0.20264368
915 0.041409425 -0.6936693 -0.019377695 -0.2824004 0.047562357
594 0.14808239 -0.85367465 -0.029372327 -0.1539102 -0.13181016
556 0.00092828355 -0.7996644 0.08463186 -0.2142475 0.1165733
1056 0.009126432 -0.8144184 0.091668844 -0.021872416 0.20867543
1057 0.11664909 -0.7909638 0.013251737 -0.34088588 0.11414667
1195 -0.112424605 -0.7576489 0.15089396 0.009539347 0.39275298
790 -0.13351153 -0.840726 0.15331787 -0.064966954 0.10917208
947 -0.16082142 -0.83356196 0.22418135 0.07307407 0.17894721
928 -0.0033000053 -0.8042883 -0.020917263 -0.0070055616 0.14508033
996 -0.0044578426 -0.8187239 0.05703946 0.0689831 0.1546147
868 0.22337104 -0.8341966 0.048628863 -0.2895936 0.07449799
782 -0.1132142 -0.78318816 0.17862666 -0.09643235 0.21802305
1051 -0.15103862 -0.81571645 0.21443835 0.055981476 0.23696454
773 -0.20033023 -0.7807662 0.21936704 0.059505098 0.26336154
772 -0.07651479 -0.81887466 0.20589352 -0.012753232 0.16793941
918 0.15503837 -0.7696955 0.053373452 -0.41890076 0.16221783
1031 -0.12690523 -0.85611665 0.18375579 0.10304278 0.26104483
955 -0.1570551 -0.7993826 0.21165617 0.05627953 0.24105924
1219 -0.08185384 -0.78954786 0.20552298 -0.038260616 0.21171087
