1222 5
548 2.975495 -0.9657417 -0.31322125 -3.0914462 1.757643
435 3.3921754 0.83755684 -1.1184893 -2.8211303 -0.9846656
428 3.464217 0.8197156 -0.9885421 -2.818358 -0.9494714
431 3.4993057 0.79667914 -1.1017734 -2.9187658 -0.97173375
480 3.665324 -1.5251544 -1.0940137 -4.40011 1.2176478
495 3.7873368 -1.5634941 -0.9888555 -4.2812357 1.2960403
432 3.4361303 0.7934982 -1.0743728 -2.8353958 -0.98374605
313 3.258246 1.8784547 -2.235137 -3.371564 -1.1739742
154 3.4670231 1.3303884 -2.2588127 -3.144501 -1.6762662
306 3.0480614 1.9342326 -2.1497543 -3.2418258 -1.0701205
287 2.7947772 -0.75438684 -0.45067522 -3.147192 1.387042
522 2.2801564 1.5091064 -1.397798 -2.5432994 -0.46888444
245 2.5434697 -1.4727341 -1.5931776 -4.068555 2.1148837
518 2.8851926 1.8074918 -1.2929468 -2.3952532 -0.7709258
410 4.815513 -3.0601478 0.40044156 0.6061377 2.408925
413 3.4126909 -2.3853924 -1.4504268 -4.3183913 2.1565483
265 3.608008 -1.3698812 -0.5574399 -3.6607637 1.6969242
584 3.267566 0.28421673 -1.6980784 -3.399223 -1.1059697
421 4.6083612 -2.240075 0.30193752 1.0105512 0.90102637
436 4.6594357 -2.4308512 0.2522627 1.0873996 0.85021394
264 3.887202 -1.3315523 -0.61182564 -4.028865 1.8080288
532 4.675874 -2.2326386 0.42733896 0.5786147 0.9141909
425 4.550317 -2.4390285 0.25572258 0.98092216 0.9797275
394 3.1653006 1.2917252 -1.0940174 -2.4349234 -0.9502708
728 1.3712364 1.1418842 -2.3210423 -1.7155026 5.9195404
402 2.425496 0.8383812 -1.4803462 -3.0503023 -0.5189592
199 2.478633 1.5272735 -1.228254 -2.3608074 -0.6060292
411 2.9749858 -0.82293063 -0.5634904 -3.3616762 1.279467
585 3.7683673 1.9745481 -1.5415077 -3.083826 -1.0454787
735 1.3598386 0.9739762 -2.4085114 -1.6809086 6.0311956
586 3.8556225 2.0225835 -1.5121722 -3.024063 -1.125282
351 2.7789187 1.8762269 -1.584115 -2.5554726 -0.7952072
153 4.3766193 -2.7695858 0.41935837 0.6707472 2.2849183
562 4.8556275 -2.3583343 0.37781638 0.5654829 0.7522096
577 2.402386 -1.4207841 -1.4702845 -3.7698927 1.653968
330 2.9656892 -0.7959471 -1.017697 3.1502738 0.6717341
433 3.4136918 -2.4427867 -1.3994688 -4.225703 2.1365597
340 2.4123166 -1.5287886 -1.3995533 -3.721589 1.88573
224 5.0919943 -3.151948 0.47494614 0.52935576 2.717879
353 3.7222342 -1.1059943 -1.2038976 3.650812 0.6808134
491 4.886121 -2.3343372 0.4125169 0.5573884 0.8878834
422 4.0575075 -2.30036 0.20840369 0.995583 0.9787719
467 3.020118 -1.280965 -0.8193408 -3.5377429 1.2121825
260 1.2323495 2.919643 -4.9288373 0.79705703 -0.8427656
268 2.8710186 1.8438952 -1.4906994 -2.8134515 -0.683361
561 2.615173 1.3624401 -1.1734126 -2.2086558 -0.7811021
514 3.527792 2.546472 -0.36549768 2.666835 1.8608503
323 3.0803056 -1.1434114 -1.1310153 3.110366 0.5632999
295 1.2262461 3.0266218 -4.624549 0.7250382 -0.77182335
533 0.60185194 -0.14446662 -2.5629058 -0.6854342 5.198506
487 -0.365153 0.25370464 -5.1184163 -1.1351613 2.8065577
750 1.2932835 3.2560856 -4.1640573 1.2007803 -0.37430158
1084 2.167186 3.9082537 -1.6506532 0.89412975 2.1140265
296 1.4233296 1.6930307 -5.6187644 -2.252963 -1.2228957
726 1.1484215 3.0727947 -4.290209 1.3638695 -0.22256842
77 1.9001572 -3.650289 -1.8599081 -0.0010122712 2.2078483
484 1.0656734 2.717851 -4.2875504 -3.419943 1.5391158
81 3.5739887 -3.3961883 -1.5360373 -1.1135211 -0.26555088
438 2.3100967 -1.4098866 -1.2189274 -3.4565845 1.7055202
58 2.3232663 -2.008326 -4.2596016 -0.6373215 -2.1316833
155 0.92555726 -2.1930745 -5.790242 -2.3818228 0.23898445
103 2.123361 -1.8110455 -3.7988632 -0.8253976 -1.9656124
501 0.119134516 -1.3278954 -4.1108985 1.6589371 1.2058544
558 4.5712943 3.7030346 -2.8588564 0.4253604 -2.2574399
935 3.16092 4.1640716 -1.7418298 -2.5044007 2.1583033
556 2.5152407 1.604221 -1.3977278 -2.4013407 -0.75081486
232 1.1743169 2.8400621 -4.463721 0.7433857 -0.7512041
347 2.2663417 -1.198526 -1.179092 -3.5847409 1.8854729
519 4.920402 0.9966205 0.9791598 1.8266581 2.5195117
378 2.3107567 1.2389827 -1.1241299 -2.0956767 -0.712437
610 1.4279484 1.9451156 -5.6258125 -2.1952043 -1.1472727
104 3.3816683 -0.8064027 -2.7708611 1.2692363 -2.4888752
290 0.084847 -1.3231581 -4.276116 1.6159524 1.3591803
845 5.1586056 0.99333906 1.055088 1.9862013 2.7165465
774 0.9462741 0.65092206 -1.9997578 -1.2351669 4.9390626
493 3.396262 1.7834504 0.6065488 -0.8441947 2.4406302
176 3.9592047 -3.2434554 -1.6522979 -1.2225772 -0.7836284
767 0.58831537 -0.6957489 -4.0698447 2.939444 1.4779494
739 0.83195126 0.47542378 -1.9733262 -1.1564221 4.5404205
833 0.56399536 -2.160893 -3.7137818 2.2122977 3.7720017
588 2.9781039 -1.0005051 -1.241735 3.2675822 0.66254896
709 0.9815408 2.6897361 -3.8317363 0.94373244 -0.39971337
72 2.1434228 -3.936927 -1.8805075 0.19919758 2.7473414
280 1.905806 -3.1413913 -4.4837575 -1.1949801 -0.991458
399 0.6941655 0.40949616 -2.5510976 -1.0673989 5.1044354
366 2.899593 -0.6285161 -0.9006174 3.001791 0.8277314
876 -0.28524905 1.3411564 -3.3706932 0.12574162 1.8607337
57 2.0819385 -3.2002997 -1.385699 -0.8245863 1.5694118
24 1.9265423 -3.5643005 -1.811214 -0.3436577 2.0227249
258 2.7025237 -1.8622999 -1.1490473 -3.4843874 1.7391839
221 3.0583684 -1.0131756 -0.90700847 2.9057803 0.5669594
643 4.1084037 -2.5095296 0.29059482 1.4307439 2.3942418
339 5.000007 -3.1842442 0.44405323 0.5876771 2.5028672
370 4.6798224 -0.57962245 -1.3107532 2.8305175 -1.5204972
1141 5.115194 0.8219947 1.0497847 2.152122 2.8605337
1179 5.4251785 2.0871723 1.1196855 -0.46208438 2.8421037
390 1.4422752 2.0446804 -2.3135517 2.8957353 2.4792097
42 0.837872 1.3424644 -2.1140008 2.080691 2.8881698
131 1.6840779 -0.42012715 -0.40310177 0.23381793 3.9684157
20 2.247375 -2.0121045 -4.3968244 -0.74309444 -2.0829093
660 2.353121 -0.018449929 0.15078223 0.17336194 3.93075
613 3.039596 -1.0779415 -0.9745676 3.0020022 0.6111257
794 0.6285671 -2.2249625 -3.8133397 2.219379 3.7153904
777 0.6398595 0.3663148 -2.365426 -0.71096367 4.9911
657 0.24854389 -1.0875276 -4.136924 2.299508 1.4254361
1022 3.5495725 4.591484 -1.8865805 -2.6783543 2.389989
646 3.0255556 -1.1719507 -1.3448796 3.2207725 0.55973077
1114 4.037263 -2.9321074 -2.5207908 1.5589435 -1.7739744
617 4.4868307 -2.7138798 0.3816744 1.4643348 2.6826768
681 0.75473315 -2.497038 -3.952354 2.327087 3.8464868
350 2.6942656 -0.82813233 -0.9332355 2.828899 0.6400169
359 0.21828629 1.4096545 -3.1766856 1.4293358 3.694694
175 2.3057432 -2.1314023 -4.523978 -0.83817863 -2.1214268
602 3.60784 2.7158754 -0.3808891 2.761781 2.0847144
1004 4.5231757 -1.4047216 -1.519547 4.3037257 0.6700537
6 4.03035 -1.5539026 -1.5725769 -0.90281206 -1.9369942
669 1.2854772 1.8654066 -2.191773 2.7123237 2.6023455
544 -0.30922127 0.2976942 -4.811783 -1.1606789 2.493385
377 0.118093744 1.3655645 -3.1414363 1.1898063 3.3717196
457 3.8654883 -0.20746955 -0.7277499 3.7380466 1.3609186
1012 1.2582682 1.8694333 -2.1771817 2.5898836 2.647751
784 0.62212026 0.13426726 -2.5370643 -0.8067564 5.2124715
444 -0.40610257 0.45689246 -4.8494782 -0.98058784 2.638815
496 2.201735 -0.8047618 -0.6093381 -2.8838515 1.2997437
456 2.4172509 0.16993748 0.36169133 0.5429455 3.299894
663 3.9119647 3.2686005 -0.8080576 2.4157612 0.8647415
53 2.1027396 -3.531818 -1.6024439 -0.42379594 2.0926971
86 2.4330015 -4.2495737 -2.0485504 0.41795883 2.7601573
414 4.6433806 -2.9378812 0.411521 0.5861401 2.2648964
254 0.1814228 -1.5018793 -4.674308 1.6780386 1.1805859
737 3.0793664 2.0694518 -0.02372755 2.2171972 2.3460412
471 2.9125278 -1.2076647 -1.1528553 3.0017507 0.4693939
611 3.1610422 2.19228 -1.4875757 -2.6812377 -0.7355527
100 -0.16649154 -0.23832734 -4.349258 -1.1739115 1.2637047
702 0.2385026 -1.09068 -2.180293 0.5676706 3.1781032
178 -0.111448936 -1.4202701 -4.1485844 0.9845914 1.6375252
173 -0.06702027 -0.11296593 -5.2882977 -1.4271795 0.9719031
273 2.9796715 0.43522623 -2.8130002 0.89574665 -2.5010705
614 2.8700328 2.013569 -1.7219577 -3.197171 -0.47289076
1214 1.9515138 3.920598 -1.927267 0.80111575 2.052583
711 4.9289613 0.8284258 1.0380569 2.0138886 2.648725
913 1.2735531 1.8156 -2.205947 2.6915529 2.504234
713 2.2101543 4.036018 -1.7065809 0.8834726 2.1843605
278 3.1371434 0.24595919 -3.0886142 0.97992504 -2.6908581
331 2.703705 3.3966267 -0.958168 1.2068939 1.1230088
747 2.8369737 1.6938702 0.33592686 -1.0499201 2.6921854
188 2.4357135 1.1605684 -1.1137521 -2.2349765 -0.709849
985 2.9732282 3.9029734 -1.4861029 -2.1634736 2.0253882
684 2.64189 -0.58087426 0.19487076 0.311818 4.04984
549 1.0261594 2.5697293 -4.0711007 1.0739793 -0.6300778
552 0.710601 0.3865717 -2.0373595 -0.9870554 4.573063
498 1.1650105 1.6627243 -2.0620184 2.573975 2.5935493
66 2.7577057 -3.1530228 -1.3227711 -1.3182253 0.4896527
873 1.0381118 2.988325 -4.3527727 -3.2512312 1.5881002
192 1.8424798 -0.12411362 -0.17414638 0.24344093 3.865312
441 1.8413281 -3.1145754 -4.2535496 -1.0928261 -0.90807444
1170 2.7299628 -1.5165994 -1.594776 -4.209384 1.863815
494 4.9948854 0.7887243 1.020502 2.098773 2.7071884
631 3.5796843 3.5460865 -0.6986771 1.1640978 0.6704511
463 -0.13744374 1.8234041 -4.318999 -1.166827 3.1794775
243 1.5170026 -0.4398674 -0.25653005 0.3970802 3.2869759
1083 -0.0057788985 -1.2705227 -2.586318 0.5475028 2.675316
137 2.4277496 1.5232096 -0.467387 0.7244137 -0.67738426
61 2.9885755 -0.37169686 -2.3917851 1.1076236 -2.2553985
1 1.7981416 -0.12790431 -0.093333334 0.25684503 3.640259
901 0.835174 -1.9580314 -5.663402 -2.3446631 0.25441238
965 3.3006136 4.129276 -1.3987807 -2.1073828 1.943027
536 2.1919482 -0.8471598 -0.69625187 -2.9441018 1.2623445
73 3.776441 -3.06123 -1.4883517 -1.3482044 -0.6428212
125 0.012814783 -1.2999378 -4.072575 1.2762177 1.2711978
712 4.5074472 -0.36663014 -1.3874207 2.9384797 -1.3976442
599 5.5335474 2.0213547 1.1593989 -0.46511188 2.737252
879 5.373751 1.9424812 1.1041337 -0.4746962 2.6609008
955 4.055384 1.6305869 -1.1892091 -2.6627564 -1.215294
472 3.5132754 2.8765976 -0.5833843 2.373344 1.1499224
215 3.4325986 -1.2189054 -1.2450881 2.014703 -1.3188539
622 2.2585003 -3.642549 -1.6583006 1.0617846 2.0978637
1123 3.7798784 0.23949388 -2.065752 -3.8942425 -1.3618557
398 -0.0630692 -1.362041 -3.0090053 0.59850675 2.875925
35 3.9940085 -1.6303864 -1.4778725 -0.65921324 -1.9036806
756 2.2919717 0.07466369 -4.906294 3.955735 -1.1383795
256 3.965703 -2.344629 0.421433 0.60876495 2.0556545
634 2.4588938 0.100993335 0.35586825 0.45300603 3.5117157
742 3.202379 1.807495 0.40408182 -1.1421132 2.8828118
673 2.3546846 -0.14689407 -5.2044563 4.0947475 -1.0833743
640 2.364261 3.5027523 -0.91248125 0.50924784 2.2154293
1213 0.464534 -1.0293449 -5.492715 -1.5960447 0.14755203
14 3.6923628 -1.3352321 -1.1111567 -0.66440785 -1.6398259
988 3.165547 4.057164 -1.6187329 -2.443496 2.0509348
604 3.4709027 3.3051734 -0.5891314 1.1747607 0.56829077
325 -0.19195157 1.6215217 -3.0605602 0.14767377 2.185428
1015 1.2439529 1.8574842 -5.029305 -2.1218085 -1.0157804
417 4.393864 -2.872165 0.4048575 0.5252653 2.2903368
606 3.1929536 4.1909766 -1.6847501 -2.2987847 1.9857892
198 0.05418624 -1.2555754 -3.9692662 1.3495339 1.172343
293 0.13775204 1.4813865 -2.7879374 0.95880854 2.8816943
391 -0.37148497 0.6679786 -3.6099231 -0.45926943 2.3859575
124 2.1872427 -3.2669923 -1.5255302 1.1250981 1.5880942
575 5.939779 2.0525064 1.2103893 -0.38068894 2.5398123
730 2.4851046 3.3032289 -1.2364098 -1.7932023 1.6943734
434 1.0573273 0.56941736 -2.0607603 -1.3131715 5.3346534
916 0.65831596 0.39535582 -3.1288073 2.7240343 1.3540341
298 1.8595054 -3.007081 -4.434787 -0.8081876 -1.1004901
213 -0.19524235 1.356571 -2.9949982 0.07129814 1.7024655
430 0.9930864 2.1848478 -3.8668292 0.769986 -0.83926487
177 2.3076437 -0.15639664 0.22190392 0.32938483 3.6713936
1040 4.491635 -0.46021822 -1.1674703 2.6336303 -1.4572761
55 3.7443974 -0.74330884 -3.1112983 1.3631331 -2.790174
824 2.0721335 0.49611014 -4.574117 3.7399726 -0.9072396
48 3.4721036 -3.090623 -1.4919084 -1.2832146 -0.5229471
40 2.1721973 -3.3915691 -1.5805495 1.0113093 1.851058
619 1.1631616 1.6102477 -4.7701693 -1.9787407 -0.9449105
708 4.159182 -3.1018057 -2.5766888 1.6749567 -1.7975159
554 1.1292517 1.535964 -4.561919 -2.032891 -0.9124955
416 3.0821211 -1.1852703 -1.2429582 3.211912 0.5326923
963 2.771055 -1.6833748 -1.7165898 -4.329349 2.266719
150 2.1302264 -2.8934493 -1.3197203 -1.1580122 0.86390483
608 3.687305 -2.161464 -1.9913086 1.8464937 -1.6316514
706 3.3850667 3.3952832 -0.66326356 1.183726 0.6140956
600 0.82974786 -2.550354 -3.8350155 2.332966 3.729839
557 4.516531 0.89192766 0.8873158 1.7327908 2.3917243
550 3.5008214 2.9170692 -0.65044445 2.2761276 0.89878446
812 0.22554131 -1.1318115 -2.158187 0.5160274 3.2415307
683 3.4852684 3.0165117 -0.8661754 2.1932807 0.66926295
1081 4.2092752 3.5505836 -2.7044349 0.28467184 -2.0697374
36 3.8350055 -1.6707056 -1.4002311 -0.5391156 -1.7650976
219 -0.119897455 1.5884532 -3.268603 0.34861338 2.8700588
476 4.5442944 -0.40762007 -1.2635622 2.8756177 -1.3431864
839 3.9271553 3.1688044 -2.5980473 0.43730715 -2.0807374
389 0.95258844 2.5879126 -4.1222973 -3.2717395 1.574697
47 4.0420475 -3.451169 -1.6082295 -1.2496237 -0.635803
719 -0.22516564 1.5312797 -3.34327 -0.020252256 1.7336258
703 0.827625 0.046470027 -3.1651897 2.9983075 1.4375923
583 2.8305354 -0.9663709 -0.9000512 2.7729 0.57542634
383 2.037881 0.1422641 -4.679934 3.8590205 -0.7488283
573 1.3754506 1.8107755 -2.2571254 2.871504 2.3920803
535 5.9023952 2.0520394 1.1673039 -0.29737186 2.563737
1199 3.6902728 -2.698697 -2.297255 1.6830589 -1.5814472
1013 0.99755234 2.557472 -4.0020347 -3.250483 1.475913
439 2.2098482 -3.6758811 -1.7777933 0.9341186 2.3089778
194 4.8521624 1.7055061 0.98837864 -0.64934427 2.2442672
136 -0.07626841 -1.3012271 -3.9230745 1.0293812 1.352851
621 1.0443565 0.37180483 -2.511198 -1.2165855 5.706881
46 2.8258414 -3.2487907 -1.3600458 -1.0002148 0.42127824
720 0.8505216 0.30296725 -1.8689806 -1.0180718 4.6269984
858 1.1256808 1.5910876 -4.9012055 -2.042352 -0.947503
249 1.1021173 1.5225626 -2.1834996 2.5420873 2.7038383
1194 -0.104182474 -1.1825272 -2.6823366 0.59537 2.4841676
686 3.666635 2.9521394 -2.4146805 0.26471397 -1.9420042
8 3.4111574 -2.4917145 -1.1261861 -1.0712912 -0.75826806
647 -0.2116711 1.4245722 -3.0924373 0.17549554 1.7518338
363 2.772033 -1.1441606 -1.3019115 3.1207738 0.67146987
318 2.0989935 -0.23616812 0.06861679 0.2963982 3.6394255
748 0.93972045 -2.700309 -3.8531778 2.4764216 3.739275
490 3.3070714 2.910022 -0.6022664 1.8234324 0.7403275
627 0.7188489 -1.3548018 -5.266738 -1.7127508 -0.1960499
193 1.2587597 2.5439937 -3.9604826 0.97144455 -0.9492158
691 3.9403777 3.0475404 -2.5089338 0.34460515 -2.1410346
1020 0.42004618 -0.7494534 -4.0561714 2.665384 1.4995574
106 1.878104 -1.6067207 -3.401613 -0.54305536 -1.7672791
203 2.0489426 -0.3823562 -1.4084977 0.7455148 -1.4815547
316 3.1125133 2.4498563 -0.44814909 1.874099 0.7876227
1166 2.8124802 1.7734051 0.24960235 -1.0960532 2.9878879
934 3.5610495 2.838825 -2.400718 0.3213421 -1.9267555
836 2.8386955 0.8020866 -1.7562273 -3.6915212 -0.5303384
164 -0.14145415 -0.2833186 -4.721249 -1.2524166 1.1219745
649 0.9344399 2.419114 -3.6508257 0.7774603 -0.5832051
45 0.58430487 0.19668193 -3.1315763 2.6038206 1.35977
717 0.9124404 2.4199858 -3.8455098 -3.1035438 1.4150692
197 3.2695863 2.4448845 -0.33652386 1.888306 1.0217241
455 -0.034745734 -1.3363919 -3.6590984 1.1846218 1.6010569
695 5.0820246 1.7744775 1.0913105 -0.47300658 2.500372
334 2.8713136 3.0909626 -0.8281663 1.3803414 0.7010929
151 1.7484155 -0.33762106 -0.24677761 0.18844986 3.7942407
1055 2.0176704 0.25550437 -4.2952275 3.5532725 -0.8642039
1082 3.7017856 3.025079 -0.7463025 2.2622561 0.7110767
3 0.8208608 0.25327045 -2.9074268 2.8434358 1.3441825
69 1.5927743 -3.357112 -1.9295571 -0.03517164 1.788868
964 0.92312014 2.8768303 -4.356478 -3.013482 1.3206228
447 0.61880916 -2.1827617 -3.5848055 2.1136897 3.607699
171 2.053355 2.792786 -0.41710114 0.1564555 2.2370427
180 0.5845656 -2.1429539 -3.7250946 2.1738997 3.7290285
499 1.4026889 2.019021 -2.337756 2.9149423 2.5642338
751 0.88411474 2.3660703 -3.4330845 0.8949084 -0.43878606
195 3.4195116 2.580643 -1.89881 0.40912494 -1.6867992
312 1.8535511 -0.89062834 -0.84449637 -2.7503874 1.3868176
729 2.0753965 3.801883 -1.6069049 0.7642948 2.116317
483 4.215758 -0.53787285 -1.152328 2.7221181 -1.2579521
341 0.77984524 -2.3511198 -3.3368933 2.0561457 3.3379881
90 -0.066778064 1.7661394 -2.9943564 0.11775133 2.2850516
740 0.9886596 2.3298266 -4.1343055 -3.442988 1.413365
134 0.9531493 -2.2948678 -5.047846 -2.0129626 0.045447182
25 -0.091725715 -0.27400944 -5.0474277 -1.2408092 0.9440051
792 2.0951397 0.2489185 -4.1294575 3.587199 -0.9226586
122 2.1581836 -3.0952203 -1.5919778 -1.3734449 1.1183226
504 0.17572944 -1.0245582 -3.6477294 1.7845427 1.1757836
294 3.0025795 1.6972953 0.11218066 2.1045387 2.3402803
37 0.014139335 -0.68946344 -3.7917728 -1.3233856 0.85511446
582 0.6962195 1.0598015 -1.8797882 -1.0167885 4.1722846
734 0.5476131 -2.1551828 -3.6605318 2.0026255 3.655941
1098 3.540021 -2.703618 -2.2840874 1.4803286 -1.5624462
54 0.90394944 -2.2794795 -4.423192 -1.6018243 -0.032298397
911 0.100256324 -1.1939442 -4.1866775 1.682175 1.2123193
307 1.7510818 2.1345534 -0.30842376 0.32027525 2.241365
403 2.0488696 3.1993375 -1.0796876 1.012216 1.795166
381 1.8910933 0.19210385 -4.2544913 3.4261227 -0.82668346
890 3.0330887 3.8409152 -1.4001101 -2.160227 1.8611143
670 3.4643838 2.9162345 -0.7062316 2.2159064 0.78749496
115 -0.012070364 1.721612 -2.6213357 0.03996339 2.1602185
553 4.7177734 0.081000805 -1.2012887 2.602967 -1.5488528
832 2.0843022 -0.21268196 0.13269901 0.31020015 3.452411
503 -0.33158684 0.26953468 -4.534413 -0.99876726 2.5214927
466 1.1456116 1.7015802 -2.0253558 2.4514267 2.219698
84 -0.35352004 0.19705017 -3.6932828 -0.7876893 2.303268
513 0.019796986 -1.1748117 -4.002171 1.568622 1.327187
12 4.0925283 -1.3004248 -1.1197221 -0.80613506 -1.7234322
257 2.4409862 -0.9894882 -0.9923415 2.620128 0.50345147
465 2.363848 -1.160129 -1.4510982 3.0259652 1.0424126
591 3.426445 -2.2087984 0.2960266 0.860589 1.723533
279 0.801255 1.2787536 -1.9333258 2.0341997 2.2461696
408 3.9295108 -2.236942 0.4229686 0.87429774 1.7357429
796 4.968794 1.8068494 1.0662031 -0.5256373 2.4744
654 0.066973254 -0.5876038 -3.9031448 -1.2015935 0.5639749
992 4.6309004 -0.34277543 -0.46158266 3.8808436 1.2978569
372 1.158981 2.3105483 -3.7529566 0.819001 -0.9457666
220 1.2421681 1.7917539 -2.1187665 2.5884776 2.017261
489 0.4629975 -0.7179315 -1.3890237 0.42160034 3.0947652
477 1.1187562 1.5233397 -2.1253211 2.5350418 1.9180182
109 -0.042406935 -1.3938841 -3.8575554 1.093579 1.3921139
397 -0.3847857 0.47844502 -3.9067388 -0.47434533 2.6785033
189 1.0550026 -2.207409 -4.1669793 -1.6446407 -0.20310262
19 2.5478644 -0.43526822 -1.7461712 0.9373668 -1.8121289
308 2.0282116 0.3182899 -4.226963 3.574633 -0.8697658
1080 1.9222172 3.5967865 -1.5748767 1.0196133 1.9469135
274 1.7065853 -3.3869452 -1.9250675 -0.36509147 2.5181715
859 3.4145923 0.20630406 -1.7401105 -3.5038292 -1.1428995
1043 3.846479 1.6737298 -2.6595516 -3.3519611 -1.9983629
630 -0.37652728 0.39470905 -4.4742575 -0.88990146 2.460209
1018 3.4979486 1.5435503 -2.3167436 -3.100792 -1.746231
906 1.1279155 1.465513 -5.08586 -2.1127179 -0.88214487
317 0.7072019 0.37175363 -2.3026705 -0.8619984 4.858686
166 1.9293841 -1.7667276 -3.7455933 -0.74087 -1.8000151
407 0.9087878 2.2793639 -3.7169318 0.84982 -0.6268793
373 2.1254625 -0.9451991 -0.64532214 -2.7930102 1.2739525
881 -0.1563216 1.4791721 -2.865207 -0.00948403 1.7819254
114 3.2965257 -1.8539126 0.26222646 0.67042744 0.869747
763 3.1386764 3.83947 -1.2406085 -1.9711373 1.888023
152 -0.29059777 0.17362164 -3.4764664 -0.91789854 1.8568358
527 3.2283688 2.6515808 -2.1452382 0.40495285 -1.7220169
799 -0.11032225 1.8317053 -4.2896004 -1.2777086 3.3350077
204 2.2577431 -2.993959 -1.4213514 -1.1067231 0.83430654
938 3.774654 -2.1837835 -1.9164797 1.9421487 -1.6039475
267 0.6372602 0.781727 -2.4621818 2.396311 1.3523219
987 0.9949122 2.7536025 -4.311426 0.6732123 -0.5903104
1127 1.2942652 0.28414214 -2.2844079 -1.3528441 5.860996
524 0.8090755 1.373609 -2.338928 2.2103171 3.2106898
409 -0.379966 0.22066885 -4.0092297 -0.8432747 2.6144042
368 3.4711945 -2.12285 0.3223743 0.7047936 1.4266274
870 3.4515598 2.594975 -0.51755995 2.1473117 0.83091635
1075 2.8735535 3.770143 -1.3879546 -2.009322 2.0063317
85 1.0649381 -2.3216279 -4.222126 -1.4522588 -0.3363806
459 2.1513646 0.5794348 0.39354298 0.8252689 2.6941433
596 0.656804 0.7545361 -1.7767308 -0.89325047 4.0362906
1042 4.7305703 0.14655402 -1.235263 2.6618686 -1.5952206
694 -0.043565676 -1.1914636 -3.7889316 1.2443411 1.3622932
579 3.3326366 -2.464848 -2.2347639 1.6368601 -1.4643077
259 3.1981654 3.6135871 -0.79464984 -1.5494555 1.5900027
376 2.0791223 -0.33296445 -1.9300505 0.53925097 -1.7763243
560 2.1274822 0.1562752 -4.4946184 3.6656241 -0.9965596
191 1.1611546 -2.2554638 -4.458715 -1.7472532 -0.36259463
675 3.821126 3.0141346 -2.4893944 0.29203096 -2.0237265
321 1.8549098 1.7543125 0.05957629 0.0025052791 2.2330709
223 2.518748 3.2518566 -0.6466862 0.865965 1.7062792
884 1.8165234 0.36382398 -4.119747 3.3626187 -0.78628486
289 0.15984266 -1.0537155 -4.130045 2.0313778 1.36468
285 2.3882806 -0.30431286 -1.9472185 0.7443592 -1.8766289
1027 0.95028764 2.493191 -3.8154135 -3.1694984 1.6621417
609 3.204437 3.8345368 -1.1927218 -1.8907938 1.7354867
506 2.9915462 2.0700953 -0.13824198 2.2484949 1.9005404
1063 3.6169362 1.5336103 -2.600811 -3.294966 -1.893379
235 0.82679707 -2.6179547 -3.7040985 2.1310086 3.670358
135 1.0833569 -2.36985 -4.4580235 -1.5688783 -0.31469792
78 3.4292123 -0.7071872 -2.8176875 1.2474611 -2.5188155
995 5.1433096 -2.5426188 0.3424951 0.64746654 0.7758028
165 0.09200103 1.7767167 -2.5503948 -0.007510448 2.1998763
802 4.783011 2.1145303 0.831457 -0.8670828 2.5209496
528 1.7736413 -2.8496032 -4.280941 -1.1456712 -0.95052564
1014 0.72835433 -2.35536 -3.7071984 2.1758082 3.635446
555 1.699885 -2.6089685 -3.911518 -0.96112716 -1.0075649
237 3.1555 2.7536068 -0.57047826 1.8118566 0.6411615
542 0.63453674 -0.74312586 -1.3099597 0.45803165 3.373957
139 1.683047 -3.211256 -1.7769847 -0.5408667 1.7500253
872 0.9663829 2.4972765 -3.9223876 -3.1049864 1.3424077
227 2.0935316 0.27728346 0.27851218 0.70002645 2.923463
811 3.0154278 -0.9994331 -1.2533195 3.159423 0.4929107
133 1.0558833 -0.9362384 -0.8906523 0.695241 -0.57742053
700 3.24524 2.6893528 -0.5558179 2.0617168 0.8665941
269 3.6288648 -2.2954535 0.3005889 1.0420315 1.8901578
921 3.1903293 -1.1723484 -0.973486 3.0755987 0.6918955
385 5.338107 2.0073195 1.0288337 -0.44864488 2.3243012
505 0.79521984 1.1335324 -1.7298669 1.9896853 2.4915946
482 3.022834 2.1461463 -0.16581912 2.295699 1.8698591
473 1.2045286 -2.3667 -4.1180015 -1.3279891 -0.5321418
612 2.693006 -0.58892465 -0.8236386 2.8562515 0.77765024
281 0.9886126 -2.1429865 -4.548862 -1.8343571 -0.14521855
161 3.1807911 -2.7789855 -1.319664 -1.1051325 -0.47135487
871 0.82836133 -2.5051003 -3.853465 2.3930945 3.6515484
470 -0.28741848 0.30613267 -4.179943 -1.1011035 1.8179278
616 0.46125484 -0.08513765 -1.881071 -0.6292374 3.9246008
179 0.9110817 1.4492818 -3.5536814 -1.7045974 -0.6235217
808 3.391148 2.3341231 -1.8991907 -3.3483593 -0.77643317
926 2.1666934 0.3530136 -4.504735 3.7419016 -1.0688896
252 1.2947178 -0.78756887 -1.0090867 0.78368837 -0.7333295
893 0.6862325 0.37690756 -2.5878077 -1.067834 5.2612333
841 2.447544 3.2412095 -1.1807305 -1.695435 1.6236826
572 1.2118118 1.7440826 -4.5799747 -2.1006234 -0.8949731
531 0.5443469 -1.9093705 -3.2554631 2.0129044 3.146079
452 1.3572133 -2.7396924 -1.709618 -0.72527874 1.8877658
658 3.723745 3.2575264 -0.9195768 2.266621 0.6447192
1010 3.0712693 2.22158 -0.2582442 2.1203735 1.2495314
967 1.1219225 1.5455977 -4.5839615 -2.026996 -0.9034243
211 0.98975164 -2.0400553 -4.3501244 -1.6467363 -0.20287943
63 -0.18285991 -0.27454448 -4.356242 -1.2192723 1.3975855
718 0.44732296 -0.44171098 -3.2869136 2.4868557 1.2723851
132 0.28627485 1.1486247 -2.1948383 1.3368905 2.7074432
507 2.0184267 3.6210988 -1.5661712 1.141237 2.19533
288 0.4593621 0.8950981 -1.6625662 1.3673904 2.4015245
592 2.420349 1.7991722 0.1939011 -0.66850793 2.5886016
443 3.986919 -0.46790567 -1.1456239 2.5666184 -1.2497019
512 0.5711019 -2.057533 -3.5274453 2.0511966 3.3993573
628 1.9895116 0.053690378 -4.42207 3.468032 -0.9962703
396 2.5491781 -0.12010274 -2.1319368 0.9004249 -2.0159936
71 1.5486659 -1.883335 -3.4432578 -0.25060332 -1.3653908
34 2.668856 -2.7254078 -1.236579 -1.2802399 0.041965544
458 2.1739233 -1.750689 -3.7586005 -0.9387383 -1.9325562
587 3.5944588 2.9342198 -2.3974457 0.23113039 -1.9471406
418 1.5307405 2.237812 -2.7654562 3.266024 2.4695673
70 1.6725028 -3.2576969 -1.7261153 0.38685352 1.9050331
546 2.8520105 1.7717924 0.319924 -1.0450324 2.6463842
251 0.64570034 -2.2148242 -3.6652112 2.1715791 3.5734017
322 0.074575864 -1.3152478 -3.8668742 1.3214047 1.0915629
1024 4.5593653 -2.7495415 0.36271814 1.7241442 2.7806337
468 0.27555695 -0.920096 -4.398784 -1.5524142 0.45920742
475 0.49717292 1.1469023 -2.0869856 1.2851933 3.1952238
469 -0.43152133 0.64816624 -4.1447644 -0.41267678 2.8097115
783 3.6638434 -2.5490649 -2.4393468 1.4797997 -1.819509
877 4.09902 -0.030102212 -1.340178 2.7492905 -1.3684578
2 -0.030540703 -0.27172598 -4.668535 -1.208387 0.6381175
111 2.880464 -2.4992344 -1.1061757 -1.0359102 -0.33436713
915 2.8973908 1.8660904 -1.2854898 -2.6921377 -0.57612455
1182 4.7999196 -2.5235016 0.17925383 1.4167775 0.9711964
207 1.5071777 -0.5140658 -0.24557033 0.19873387 3.3452947
209 1.9457397 -2.2174354 -4.1334634 -0.34632108 -1.7754263
543 2.12651 -3.2859342 -1.6854825 1.0806667 1.61566
387 1.8109607 -2.1900856 -3.8936481 -0.4012179 -1.5431825
725 0.83302206 -2.3792725 -3.4974396 2.2652454 3.4286869
1008 2.517116 0.38859776 -4.3998575 4.337664 -0.57550526
352 4.297255 -0.19047424 -1.1403866 2.5945508 -1.3694372
429 1.044263 2.3164883 -3.7359114 0.73241884 -0.81083536
1048 0.56680137 -0.18677536 -2.6078663 -0.58951944 5.118967
64 2.8207676 -2.9058743 -1.2322824 -1.110079 0.08586268
648 1.4804581 2.297553 -2.4369578 2.962839 2.4014924
665 4.419762 -2.2376914 0.38536996 0.5615271 0.9033841
848 3.6224957 -2.1090503 -1.9188493 1.7818044 -1.6091224
559 4.3550944 1.6003678 0.95598716 -0.4424204 2.3728755
977 2.2410843 2.9066033 -0.99335647 -1.4189845 1.700432
1120 4.36014 0.7980654 0.91128063 1.6663519 2.4771655
804 3.1569972 3.9708195 -1.3601702 -2.0878186 1.9398403
1188 2.779207 1.6538059 0.37845856 -1.0337871 2.580352
635 1.8834449 2.9618535 -1.0096587 0.99623984 2.1415865
354 3.0373502 2.76961 -0.68778425 1.7735656 0.54527503
342 3.2991586 2.7642183 -2.3012886 0.37623638 -1.7964693
664 2.7151585 2.723893 -0.70198464 1.3907183 0.57894725
406 1.8475986 -0.20009468 0.08041563 0.29285002 3.1897354
650 0.13571246 -0.82315826 -3.8930893 -1.2914753 0.5638812
692 2.9196956 -1.0837954 -0.2698432 -2.9310222 1.7343587
785 2.855564 -1.007363 -0.29723603 -2.9451685 1.5976306
1215 5.5191774 -2.563167 0.39819133 0.6439825 0.8174401
116 2.798733 1.6720757 0.064593546 2.0296974 2.3927855
344 0.7825775 2.2305074 -3.5927875 -2.8314707 1.3151997
741 0.79277086 2.3528926 -4.1179433 0.7949314 -0.51206595
326 3.809045 -0.6436061 -0.89940906 2.3565123 -1.0360607
365 2.980921 2.9929538 -0.6167816 1.1888843 0.659588
500 2.7773466 1.761479 0.2773085 -1.011858 2.6209638
537 2.0508146 3.6533425 -1.5720098 1.1583631 2.2593124
1176 4.457065 0.77887714 0.9393618 1.8457183 2.4506166
395 1.8985566 -2.792346 -3.972715 -1.1113874 -0.99665177
7 2.8323574 -2.7710261 -1.2050298 -1.2129629 -0.06957764
950 4.0213943 -1.1907616 -1.2421478 2.2924216 -1.4005271
545 2.392353 3.3273773 -1.2057492 -1.6635036 1.7343359
362 1.9121844 0.52816314 -3.9769561 3.3360999 -0.8453509
1198 3.113977 1.9752092 0.17349999 -1.4026047 3.4322188
49 2.5791087 -0.31987813 -1.9751533 0.7876043 -1.9330277
93 2.6302886 -0.063708544 -2.0292988 0.8937048 -2.02573
82 2.7360427 1.6713315 0.0022994147 2.0406349 2.2620773
1046 1.2718347 0.56973773 -2.2006967 -1.4632596 5.651852
121 0.84254897 1.1276404 -2.0274422 2.3498776 1.6300381
129 1.493622 -2.9437225 -1.7700474 -0.7824921 1.9641124
724 3.0937402 -2.1816118 -2.3732338 1.5308689 -1.5307162
1102 2.986756 3.31439 -0.8888121 1.3023854 0.6414722
9 3.3147323 -2.369435 -1.1575896 -0.86316425 -0.8516832
210 3.2527974 3.6579463 -0.8569821 -1.5927446 1.3334122
446 1.8969239 -3.0540917 -1.4793104 -0.9538446 1.6352034
337 0.6964507 1.234889 -2.0174215 1.969348 2.6326842
795 2.7797287 -0.9163 -0.26908687 -2.8339915 1.5112247
1132 0.3850442 0.9946279 -1.9982415 1.5113491 2.6391897
190 3.181707 2.799401 -0.5255912 1.5688592 0.6466404
1145 2.30497 -0.17846397 0.26518318 0.12567888 3.4391475
67 3.3197625 -1.5200342 -1.0483878 -0.75155705 -1.341424
764 2.747323 -1.0355877 -0.25881422 -2.7672405 1.5585594
1039 2.7724686 1.6480793 -1.1489884 -2.4224243 -0.65701747
346 1.683652 2.4474888 -2.5844913 3.2085958 2.4765866
453 0.07772531 -1.1012415 -3.9278347 1.8432416 1.3163234
651 2.9114044 -2.165767 -2.1564865 1.5556624 -1.3127635
206 1.777031 -3.4374774 -1.8184199 -0.24772823 2.1663005
65 2.092613 -0.54032874 -1.4730557 0.86482954 -1.4769061
80 1.9287986 -1.6677963 -3.9189718 -0.79204524 -1.8695022
521 0.49463528 -1.8840474 -3.2349823 1.9082626 3.1767018
91 0.26815554 1.0563712 -1.9831986 1.2440442 2.4338384
814 0.5297681 -0.7234468 -1.2907604 0.44140548 3.0365133
515 -0.13694835 1.3854791 -2.8689914 -0.27632338 1.9362098
16 3.6602411 -1.323332 -1.1823614 -0.7492415 -1.682007
120 2.550188 -3.2238677 -1.8806959 -1.803093 0.44419298
60 2.0934627 -3.5549712 -1.7818236 0.8163295 1.8496469
968 2.9874918 -0.5041263 -0.9716479 3.2383387 0.92305523
426 0.24061847 1.4054091 -3.0137248 1.4604207 3.5369213
715 2.2890193 -0.03897279 0.34519508 0.22469285 3.3866656
445 0.76477367 0.14286035 -2.8829808 2.749991 1.390854
818 2.8019168 3.5511637 -1.1981022 -1.8101659 1.6987342
327 4.010471 -0.6473784 -1.2832339 2.755423 -1.2050897
76 1.9728831 -1.5169497 -3.1603563 -0.21455432 -1.8606795
961 5.2919774 -2.7608256 0.31280372 0.6227569 0.7892556
969 2.9186618 -0.66004515 -0.9307279 3.0964851 0.8353744
1050 2.8175917 1.7265356 -1.489315 -2.721608 -0.67386353
1052 3.2156668 -1.2708154 -1.0786799 3.170203 0.64506537
688 0.87620753 2.5911815 -3.8420463 -2.969055 1.4997668
138 -0.21795797 -0.031526674 -3.6443825 -0.9635609 1.3613217
492 1.1066175 1.4990706 -4.3517404 -1.9871652 -0.7989723
23 0.03677312 1.8091143 -2.7308424 -0.11200765 2.2648702
241 2.1909187 -0.6077674 -2.4923866 0.17970131 -2.049858
328 3.536435 2.9750552 -2.591478 0.44001797 -2.0127165
1189 5.0475545 1.7058511 1.0579405 -0.4313176 2.2044277
569 4.109646 -0.24697194 -1.2232403 2.5603194 -1.3653687
108 0.81076014 2.2445574 -3.7265239 -2.861443 1.3556944
392 1.2229902 1.8246864 -2.0265932 2.5204144 1.9013411
17 -0.081042 -0.10627188 -4.2073636 -1.1805823 0.7466529
201 1.8826661 -0.8177015 -2.4358723 0.36614445 -1.7648326
412 2.8546727 -0.38160074 -0.63674015 2.8339899 0.9547341
112 -0.1322861 -1.0535666 -2.9589868 0.86390615 1.4633853
272 0.77542704 2.645302 -4.1474547 -2.9195676 1.3921441
932 -0.26395008 0.86625767 -3.125058 -0.25330785 2.295
541 0.956197 1.3655471 -3.4922175 -2.0527108 -0.56971794
442 3.1455772 2.6778207 -2.0434225 0.37397712 -1.6019639
242 0.67381614 -1.5496068 -4.294136 -1.6445085 -0.055736415
779 2.8347244 -0.9191166 -0.26333392 -2.839269 1.6245712
149 2.2969549 -2.8379796 -1.4140252 -1.3078892 0.3532811
283 0.72376746 -1.5050724 -4.561912 -1.505238 -0.25020167
118 1.6123278 -3.0565774 -1.7448356 -0.4819402 2.6904733
144 2.4603949 1.149295 0.26779535 1.4387596 2.6699026
481 3.0756721 2.2071314 -0.19965413 2.0473986 1.2777297
668 0.5331419 0.9507059 -1.8858479 1.5342988 2.876037
597 1.0344627 -1.9819696 -3.8059487 -1.2832146 -0.43307126
448 1.548565 -2.7683122 -3.9507718 -1.0346957 -0.7288242
38 2.7008085 -2.9160357 -1.4275244 -1.2392203 -0.0070460197
99 1.5993696 -0.19034699 -0.20479168 0.2626647 3.4982717
142 2.0302474 -2.279832 -4.2584476 -2.1300733 -1.3952478
687 3.4265723 2.812493 -2.2355127 0.31118357 -1.7621584
567 -0.36069894 0.28691363 -3.8278255 -0.81598055 2.179821
1037 0.8322427 2.2123983 -3.4008238 -2.8575144 1.3382897
565 1.980138 -1.3342874 -3.11461 -0.6983651 -1.8767027
603 1.238903 2.5435588 -4.0445 1.0632577 -0.93356496
375 -0.24943794 -0.018842295 -3.5572822 -0.9577501 1.6358882
15 1.8199499 -2.7020366 -1.4876567 -1.1594471 0.8333878
388 1.8747509 -3.1261435 -1.452366 0.8025434 1.8738425
1126 2.2767286 -1.3887419 -1.3893483 -3.5187716 1.5376005
423 0.5157669 0.41595048 -1.600264 -0.81808156 3.5228956
297 -0.13790348 -1.1262738 -2.9832616 0.837743 1.763307
233 2.4842856 0.4227261 -3.8992586 3.983616 -0.84034604
930 -0.16837724 1.2160692 -2.6809428 0.4668483 2.2132173
371 2.8231483 -2.003139 -1.9182254 1.3384529 -1.3547143
566 1.0467252 1.5337938 -3.745334 -2.2399774 -0.5050328
226 3.757744 0.7554308 0.7460481 1.4397192 1.9039307
345 1.2339045 2.4386384 -4.024965 0.9640897 -0.96780574
271 3.1667142 -0.9732632 -1.2061015 1.9404562 -1.3189394
333 0.6239113 0.49930814 -1.5832399 -0.89443225 3.7142553
1150 2.3498678 0.45001233 -4.2530417 4.201084 -0.4271193
159 1.0466727 1.5800508 -2.239064 2.5461965 1.8039768
589 3.334476 2.0608091 0.14303075 -1.5387219 3.7046545
44 -0.31443372 0.45326033 -3.3287492 -0.75821507 2.211951
885 0.8717881 0.6953958 -1.7998071 -1.0664808 4.547019
667 4.1301455 1.6128839 0.8963427 -0.42735758 2.1514509
834 3.0694377 2.542439 -0.46718204 2.2568698 1.3001597
162 -0.22737266 0.6653961 -2.7370238 -0.2819287 2.239968
1072 3.9646864 -0.029298626 -1.3288046 2.7061176 -1.3388182
335 2.1031463 -3.3122854 -1.6400442 1.0897187 1.6233152
944 0.7920021 2.2527459 -3.8307426 -3.0014935 1.3586068
320 1.0982878 1.7796826 -2.1455064 2.5221384 2.202291
666 1.9297297 0.11984975 0.20870423 0.5830115 2.904585
123 2.0323915 -3.4577577 -1.4352154 0.03750249 2.5848799
570 3.148288 2.5553744 -0.59855413 2.1831207 0.89417654
5 1.7090323 -2.669195 -1.2543046 0.7142499 1.1359278
343 4.314508 0.6879007 0.88208467 1.8142478 2.661319
656 -0.32979986 0.14220454 -3.6958702 -0.871174 2.003442
315 -0.15385127 0.16782905 -3.5826871 -1.1905311 1.1891588
216 2.7267456 1.7470889 -0.043844134 2.0244524 2.0557466
286 3.9893713 -0.2977537 -1.0568732 2.4859533 -1.1932342
823 2.4789026 1.1540948 -1.4833088 -3.049962 -0.4433848
94 3.6591156 -1.511847 -1.1079555 -0.76669693 -1.5112544
510 0.37254855 -0.6640035 -1.1560458 0.45705214 2.330089
404 1.0464976 1.4206553 -4.2157774 -1.8472394 -0.857676
172 0.7623303 -1.7567538 -4.1909113 -1.6250442 -0.12050354
119 2.621653 -2.8899128 -1.5729021 -1.5619762 0.12976317
629 3.0630472 2.5108218 -2.1755996 0.33243653 -1.7487248
170 2.0293539 -2.1904905 -4.680288 -1.9698925 -1.5598526
208 0.8614821 -2.0284235 -4.2795377 -1.6346694 -0.045104813
126 1.5472913 -2.2212262 -3.583333 -0.65978295 -1.1945258
920 0.7462362 0.30760324 -1.9452089 -1.005992 4.546135
571 3.5269928 2.892685 -2.3323762 0.25819308 -1.8799695
147 -0.19114424 1.4289247 -2.956081 -0.3447481 1.7100556
79 1.8396305 -1.0420476 -2.7098982 0.09176218 -1.7881529
540 2.371669 -2.4255314 -1.0846174 -0.95088816 -0.10241806
305 0.7180792 -1.666724 -4.24509 -1.8571365 0.062457435
1034 2.084965 -0.76599723 -0.6404366 -2.7900918 1.3239139
1161 2.0580554 -0.12980579 0.19568919 0.14129691 3.3241465
958 2.588977 -0.71620077 -0.48327118 -3.0081537 1.340476
598 3.7040017 0.83097273 0.7255416 1.5538161 1.9440706
33 3.0916996 -1.6702887 -0.98347616 -0.81776375 -1.0967734
130 1.607497 -2.8873024 -1.435868 0.02094887 2.1543114
244 1.9601336 -3.3561234 -1.4623923 0.068016246 2.5822937
74 1.6321338 -3.1000423 -1.592382 -0.43867138 1.8749202
364 1.812701 2.998823 -1.0070257 0.5678227 1.9183301
678 3.141772 2.641517 -2.2771266 0.3233316 -1.7855198
1156 4.065681 -0.22766748 -1.2302823 2.5965064 -1.3991061
302 1.980038 -1.0806128 -0.75593793 -2.696422 1.2679051
1163 0.91168165 2.4376385 -3.8672698 0.98094517 -0.52390033
488 0.6503528 1.0755731 -3.0825727 -1.490895 -0.43694016
746 0.8186266 2.299214 -3.6460516 -2.9652152 1.5111825
11 2.0971239 -1.2652348 -3.4568782 -0.6031335 -2.0249567
18 3.0308287 -2.4574304 -1.1666071 -1.0112271 -0.6062907
697 1.061837 1.4569638 -4.2363844 -1.9581296 -0.8667477
874 3.4662018 2.76588 -2.3407526 0.2187886 -1.8969358
460 -0.15634207 0.09352249 -3.6960447 -1.1255486 1.1923876
1087 4.38285 0.72349733 0.96620256 1.7284615 2.4159527
174 1.7107905 -0.7026194 -2.4081008 0.3923379 -1.6620209
184 1.880789 -0.13074252 -0.034078073 0.83771765 3.3260708
882 3.614337 2.8616104 -2.3055747 0.35006952 -1.8628168
1019 0.65017223 -0.08552132 -2.39798 -0.6978451 5.0052905
127 2.4351392 -0.32568464 -1.8385563 0.9428854 -1.7962716
360 0.61007035 0.7159163 -1.6935291 -0.8617902 3.9310124
52 3.0520525 -2.0498464 -1.0354632 -0.8471486 -0.9237343
228 0.6600589 0.9837805 -2.1637013 2.227539 1.333592
857 0.6577412 0.39201182 -2.05064 -0.9834332 4.4552803
95 2.3284364 -0.28340814 -1.6074713 0.7935201 -1.7137684
707 2.811579 2.849268 -0.5926225 0.96538204 0.58935565
355 4.006415 0.8761308 0.8326122 1.6179311 2.4135456
314 0.047752958 1.8090442 -2.8082771 -0.28078958 2.1195073
169 2.7376099 1.5439931 0.18126932 1.8510085 2.1369069
266 2.5415053 3.1183283 -0.9082837 -1.4798495 1.2570645
107 0.008016963 1.3972797 -2.6042156 0.6611369 2.5248857
625 2.2278578 3.1270025 -1.1417303 -1.5292093 1.4944878
975 2.2343872 -1.3225186 -3.6074314 -0.9773773 -2.1219447
538 0.46584314 -1.662601 -2.8035793 1.7197713 2.7600482
986 4.015524 -2.216104 0.2472367 0.9582049 0.86126137
847 2.7228687 1.9026077 -0.07545017 1.9427384 1.9206933
721 2.882226 2.9921281 -0.79849863 1.46064 0.6043602
1061 3.2738588 2.5691826 -0.5122839 2.038615 0.8342918
21 3.2426598 -1.6313072 -1.0719612 -0.6522609 -1.3117528
846 2.3753946 1.5913922 -1.3524648 -2.5409658 -0.5888401
817 0.6325066 1.1893555 -1.9219807 1.8649769 2.4855342
276 -0.1551124 1.3780478 -2.739275 -0.31021026 1.6382241
102 0.2749937 0.9816069 -2.172147 1.293165 2.7417476
1178 1.9735653 0.18364643 -4.3661404 3.4309247 -0.9855244
379 2.2216232 0.7619845 0.3224752 1.1637145 2.4917338
250 2.3249514 -0.056545604 -1.9138495 0.84411985 -1.8106568
263 2.5117908 1.5667388 0.08020108 1.7317511 2.094863
770 2.6129122 -0.9826817 -0.33688253 -2.677636 1.5184624
485 1.4583923 2.8553615 -1.3101796 0.7064093 1.4394591
907 4.349916 -2.3657653 0.564091 0.63115764 2.2536778
851 2.201556 2.9879258 -1.0152227 -1.5294763 1.5465584
680 1.8035866 -2.9311278 -1.6666396 -1.3439208 1.2659743
1000 0.7216293 2.0253835 -3.4378774 -2.67006 1.4384105
451 1.6040881 -2.7563572 -1.5221733 -1.14535 1.2575917
1221 2.1927671 1.4810691 -1.4281808 -2.5072277 -0.47063738
358 3.0957372 2.6029794 -2.0319793 0.30412787 -1.6126177
214 1.9153025 -1.2844257 -3.1128635 -0.74070126 -1.7867762
1003 2.6170418 1.6705757 -1.1689346 -2.2389708 -0.6864202
424 3.2615829 1.7158637 0.46873888 -1.206744 2.5857892
309 2.6729913 0.19835807 -3.934682 3.9807224 -0.9046661
336 0.045296416 -0.61568546 -3.5325348 1.5979714 1.0221953
820 2.0912256 0.09311702 0.02154777 1.0235384 3.3944578
1160 3.3645658 3.0071 -0.8617417 2.1451788 0.77556056
196 0.57673514 0.9279681 -1.7105987 1.6006478 2.33376
32 2.8198419 -2.54002 -1.1452188 -0.87610346 -0.39373174
143 0.6153564 -2.1032362 -2.9345338 1.7670413 3.0083427
943 2.8601415 1.624824 -0.004269055 2.120956 2.109644
828 3.0698643 2.643631 -0.7422085 1.9606307 0.5927538
973 1.984109 0.04162664 -4.088886 3.6323242 -0.6665502
324 1.0200094 2.0890992 -3.3549397 0.94069284 -0.8107371
576 3.6889305 -0.124486834 -1.1983303 2.5173733 -1.1702106
348 0.14704464 -0.72997165 -3.7038474 1.8757727 1.1257503
526 2.9107409 1.0416138 0.38840422 0.91857475 0.4595138
384 -0.11196718 -1.102077 -2.5767028 0.5948636 1.8470497
236 3.6853702 1.4808124 0.7603875 -0.43009025 2.0956032
1001 0.70650595 1.0372231 -1.9171638 -0.75380176 4.3079667
202 0.5258274 -0.29276815 -3.025847 2.487874 1.1501118
990 3.0413558 -1.3781049 -0.7756016 -3.4292552 1.3788824
1164 0.46805727 -1.835817 -2.9434743 1.6925306 2.9878795
578 1.9241687 -3.1467934 -1.3682102 0.76647246 2.0455043
167 0.7218418 1.0259681 -1.5216177 1.6417645 2.4965708
875 3.3712547 2.7756453 -2.166946 0.267812 -1.8109564
530 0.62763965 -0.56224555 -0.8702016 0.3927672 2.5251248
68 1.4988805 -1.9690943 -3.292269 -0.34244213 -1.259425
568 -0.060711052 -0.78296953 -2.001661 0.61815715 1.4465119
239 0.05408425 1.9440608 -2.8780262 0.04847037 2.5592794
405 0.25830308 1.0070441 -1.8191736 0.903784 2.2498713
13 3.1119568 -1.9340822 -0.96747184 -0.78932816 -0.9598481
356 0.86741054 2.0406082 -3.3594391 0.6312518 -0.7491823
1148 2.2649188 -1.436997 -1.301033 -3.5632448 1.5113734
842 2.4714565 1.6744055 -1.2766819 -2.422795 -0.55755895
1193 0.70971054 0.5098893 -1.7527558 -0.98577565 4.152511
626 1.8088921 -2.0054746 -3.5661874 -0.52667683 -1.5810158
10 1.7855983 0.42044872 -3.5743122 3.1699445 -0.7513629
661 0.33470833 1.1419998 -1.681934 0.8272202 2.2219121
160 2.9786541 -2.440515 -1.0872605 -0.9299703 -0.5376095
803 3.0144875 0.785426 0.5415252 0.6666563 0.69575495
303 1.1759672 -0.4681903 -0.3632646 0.2555664 3.1008773
1030 4.0173693 0.8378671 0.757031 1.7374179 2.1176372
43 1.5090444 -1.9109026 -3.1329548 -0.78937936 -1.3000491
738 4.290205 -2.1872678 0.37991786 0.5915241 0.81207186
745 1.6066651 0.350001 -3.7286708 2.9905586 -0.8114256
1187 3.954635 -2.2572365 0.3980888 0.8698041 1.6657565
948 2.576742 1.3683549 -1.4033493 -2.4555058 -0.88284916
942 1.0464926 2.0529435 -3.6206148 0.6463525 -0.92020494
141 1.8908918 0.060557175 0.16435172 0.26801974 3.189736
1139 1.8836943 3.1767251 -1.0854226 0.5219335 1.8101895
450 0.037888713 1.1322926 -2.0672848 0.6364171 1.9535302
1047 0.67680377 -2.248956 -3.1698856 1.813974 3.0826952
805 0.5132818 0.09207188 -1.7946125 -0.6331163 3.9677217
698 3.9405167 1.4827493 0.87202644 -0.53135175 2.0602884
998 2.798748 -1.2341137 -1.2059869 2.9327834 0.4148243
486 1.5498564 2.9137385 -1.289122 0.7907335 1.7214074
182 1.6306098 -0.21912083 -0.16259457 0.37003887 3.3721745
696 -0.24913321 1.0382434 -2.9439135 -0.47303247 2.2300181
922 2.5154123 -1.1360283 -1.8272595 3.5157967 1.4998754
369 2.9563167 2.4725425 -0.534268 2.0516434 0.9830433
574 -0.08860935 -0.9710587 -3.2987926 1.1954972 1.3358319
632 0.10874845 1.2395602 -2.2854006 0.9041884 2.6114106
461 -0.14875191 1.1810154 -2.7007887 0.46593538 2.0319061
462 0.25711545 -0.7802311 -3.6080644 -1.173331 0.14304969
679 2.6993926 -2.032655 -2.0797505 1.5583103 -1.2614743
677 2.5184 2.6647973 -0.65814304 1.1900551 0.54584044
1112 2.123699 3.016432 -1.1113319 -1.3503116 1.7140224
1129 0.3932187 -1.7724806 -3.064862 1.7218595 3.046222
437 0.7945625 1.1920437 -3.5446541 -1.7006794 -0.5600161
659 -0.12395075 1.2736641 -2.8972108 -0.38075835 2.1769826
382 0.0073046377 -0.764447 -1.8982234 0.63684016 1.9946172
478 -0.36134726 0.16137426 -3.4865935 -0.6560239 2.121112
229 0.55187273 0.22684722 -2.6509788 2.3265686 1.0786114
644 2.9208784 2.3685176 -1.9367924 0.29082003 -1.571208
148 2.6242006 -2.2078636 -0.97492915 -0.8864203 -0.43682045
26 2.4696074 -2.5974343 -1.1331078 -0.94877535 -0.032608982
849 2.5701766 2.5473387 -0.56968683 1.1620553 0.50992346
883 3.466438 -0.13059637 -1.0520087 2.2855082 -1.105894
520 0.57637763 -1.8896978 -2.8567107 1.7696092 2.764671
892 0.716545 2.0050862 -3.0758352 -2.5199943 1.2861564
357 2.489121 -0.17486243 -1.8716013 0.7826186 -1.9017681
840 2.6264827 -0.62447554 -0.8701515 2.8238761 0.84776634
449 1.4623015 -2.6473618 -1.6726555 -1.1746002 1.3027343
247 1.5914611 -1.2913271 -2.601023 -0.39098483 -1.5057034
205 0.26331517 -0.38869065 -2.9388268 1.8581835 1.0251741
1090 2.8381758 -2.057929 -1.9584022 1.3038027 -1.421228
1097 0.86469597 2.148788 -3.445342 -2.7434855 1.2069688
420 3.008604 -1.8376267 -1.8154364 1.472183 -1.4422393
539 0.07494839 -0.36937776 -3.8577437 -1.0553628 0.5612838
1159 2.4411297 1.0603625 0.21450908 1.5001761 2.7197516
1067 2.7479305 1.741944 -1.6326916 -2.7642434 -0.7334515
1089 2.5963242 -1.0781876 -0.48303437 -2.8151674 1.0980417
829 0.61110324 1.2545942 -1.9445137 1.8051299 2.4501116
994 2.3164093 1.4043864 -1.1591486 -2.2555475 -0.6195228
380 3.1081033 -1.7468221 -1.5686827 1.5176526 -1.4373204
502 0.5414098 0.6292583 -2.2326014 2.1413949 1.302574
909 1.6034336 0.16162314 -3.5306733 2.8490865 -0.8032839
27 1.5288057 -2.6609905 -1.6436049 -1.1484398 1.043565
29 -0.35687202 0.089962475 -3.6427171 -0.7648147 1.9133406
790 2.4129565 -0.93628216 -0.3100369 -2.598095 1.3864666
655 0.17785738 -0.8338202 -3.5443108 -1.3756983 0.4736929
367 0.74656 1.2364498 -3.3669653 -1.429143 -0.54176766
788 2.2799575 -0.9416608 -0.42969465 -2.6631987 1.2310908
163 3.1395793 -2.1222825 -1.0594345 -0.9470475 -0.95606
918 2.3594499 0.91007197 -1.4463562 -2.9865863 -0.43449843
62 2.500935 -1.8696555 -0.97024363 -0.9882632 -0.63050085
638 0.23403992 -0.35304728 -3.312674 1.990753 1.2298145
1064 3.5396852 -2.0151289 0.31815782 0.6967443 0.9388708
1011 0.032756094 -0.7717328 -3.329826 1.4831623 1.0455937
234 3.2604175 2.5535707 -2.0496902 0.1401171 -1.7562512
1197 3.982151 -2.0423338 0.3728378 0.45601353 0.8844333
146 1.4225434 -2.8145502 -1.5530251 -0.29318607 2.1236422
1085 3.531173 -2.1771302 0.41751108 0.5794668 1.6808932
218 2.6888182 1.7754791 -0.16259937 2.0201533 1.5299295
168 2.1422951 -0.3953432 -1.4803735 0.7455257 -1.5327823
899 3.7657166 -2.3676527 0.25914147 1.3923763 2.254038
671 -0.08575116 -0.9850814 -2.8637435 0.9005524 1.1673709
59 1.6233096 -2.8947837 -1.6996506 -1.1480318 1.5169249
1167 0.80660295 0.30956486 -1.6836447 -0.963277 4.299108
1204 4.11903 -2.1836443 0.32427457 0.5149114 0.77023214
590 2.3489265 0.95203316 -1.3857969 -2.8473701 -0.4505844
1068 0.72659034 2.403572 -4.300231 1.0034016 -0.378365
642 1.9689813 -0.8561825 -0.9968799 -3.0523922 1.6627694
332 1.4830796 -3.309115 -1.93988 -0.16076793 2.0391898
87 1.7002269 -2.8414276 -1.2551023 -0.43062472 1.7111964
128 1.4357102 -2.6464298 -1.4508362 -0.87986356 1.4016464
1105 4.008565 -2.0805688 0.27237114 0.9428153 0.83690333
704 0.7884133 2.264633 -3.2530773 -2.5491529 1.4149878
1219 2.7644954 1.0347227 -0.9245268 -2.1108723 -0.9221533
1100 3.6614892 -2.2651014 0.29171154 1.2650485 2.0464752
282 0.28448135 -0.14379396 -2.5088654 1.7692201 0.8203949
284 1.2232244 -2.2166066 -3.453801 -0.8838243 -0.7034274
605 3.6926348 0.6597789 0.7993294 1.3640711 1.8695322
714 2.501514 1.6595522 0.0003196476 1.7560946 1.7143705
497 0.60460263 0.2114913 -2.6164327 2.3250325 1.1630563
440 0.9656283 -1.7873198 -3.4001646 -1.3264861 -0.368746
1051 2.5092793 1.302188 -1.0613978 -2.2230802 -0.7616205
618 2.6151845 1.7285285 -1.2464988 -2.3274467 -0.6858336
797 2.2029994 -0.860605 -0.32288903 -2.4649777 1.3604258
185 -0.13735679 0.17060684 -3.768735 -1.3955506 1.5575289
831 2.152259 -0.99138695 -1.3022907 2.8584719 1.2212323
837 3.5604012 -2.0002298 0.24969734 0.8318066 0.87439054
1106 2.4035552 1.471641 -1.1231922 -2.3700979 -0.5786011
807 0.7825217 2.582043 -3.6631756 0.9227915 -0.20820178
301 0.49935699 0.07237779 -1.7039523 -0.7003728 3.6863256
277 2.7109993 2.250969 -1.7034296 0.42339712 -1.3860649
523 0.675648 -1.6123426 -3.930073 -1.5271314 0.010801633
945 2.9615629 2.8345408 -0.50003505 1.0443017 0.51722205
22 0.49201474 -0.86723155 -4.275451 -1.2876191 -0.20180121
401 2.380341 -0.44412148 -0.6492088 2.5234487 0.8224362
825 2.8308163 -0.91613054 -0.905311 2.8615305 0.6211549
970 0.111548856 -1.009258 -3.48908 1.2992535 0.7141268
1211 2.0043666 -1.1913546 -0.96646804 -2.9222841 1.383045
212 -0.072004154 -0.20000833 -3.3825984 -0.90899104 0.75444067
1094 1.7189609 0.37041405 -3.7683728 2.945355 -0.9634182
50 1.6898763 -1.6821616 -3.2848 -0.77252895 -1.5394905
1209 0.84309626 0.45783615 -1.453288 -1.0413839 3.9761665
275 -0.24640736 0.8049379 -2.9582791 -0.41986614 2.1060739
393 0.004654974 -1.0370064 -3.4096272 1.2107648 0.90479165
601 1.5225847 0.41271204 -3.2730458 2.8648129 -0.5251122
1130 0.7937287 2.3380363 -3.6158564 1.0434806 -0.27922377
516 2.5265331 1.6398864 -0.009879262 1.726263 1.5137637
693 1.7894701 -0.119681604 0.122154884 0.17900036 3.0795937
997 3.6278148 -2.3184414 0.27974546 1.0599297 1.9644243
311 0.94544905 2.195341 -3.2110944 0.91428316 -0.5620225
787 2.4509614 -0.99404186 -1.0333495 2.64206 0.5217494
156 0.15121655 -0.4775129 -3.9301128 -1.2521805 0.26436797
117 2.0068705 0.3618392 -3.3687623 3.2807066 -0.69867855
607 0.6221412 1.1450272 -3.423984 -1.5873188 -0.4459166
299 1.7332036 -0.1637129 0.01909773 0.5158459 3.1081731
31 2.953336 -1.3645505 -0.7636715 -0.5290851 -1.079848
949 1.9856937 -1.1541463 -0.8790117 -2.919215 1.3196969
415 2.5669453 2.8125777 -0.49617225 0.80130893 0.84861356
953 0.44032297 -1.799555 -2.7594345 1.6312994 2.7511046
338 0.2550459 -0.52212495 -0.895841 0.21701339 2.015616
92 0.7716179 -1.8486935 -3.3766818 -1.0937557 -0.16840543
1190 2.7852013 1.222759 -1.148435 -2.3501418 -0.9824633
595 2.5416446 1.2933649 -1.277355 -2.1783361 -0.97582793
690 1.6443974 -0.9254035 -2.6807172 -0.46123886 -1.629063
222 -0.069832 -0.18736358 -3.7716143 -1.0729614 0.67659676
547 2.8351197 2.072901 -0.28924036 1.9671925 1.1780396
319 1.0139176 2.107811 -3.2625756 0.8952542 -0.8167418
1107 0.7904177 2.3097 -3.6049361 1.0294868 -0.3439374
878 3.8645763 1.5082996 0.8543823 -0.4373924 1.9648385
1073 0.79048055 1.2213285 -3.078364 -1.7571034 -0.42043406
113 0.0971161 -0.78136986 -3.015183 1.3937688 0.92050326
1025 2.5261 1.4198277 -1.3549894 -2.309376 -0.88818043
732 3.4661 -0.289174 -1.0296519 2.2244449 -1.1891354
914 0.661767 0.9388646 -1.6948591 -0.76487154 3.9568698
1016 3.4356847 -2.116753 0.23425388 1.1702547 1.8921235
253 0.7388749 1.0012674 -2.0065122 2.138225 1.4261378
653 2.3292038 -0.23538598 -1.5391663 0.8517161 -1.6447666
427 0.6529124 1.0893747 -3.0678804 -1.4231086 -0.49529272
1184 2.7312627 -1.8595164 -2.142185 1.4603409 -1.3764737
158 0.0007760548 1.4002458 -2.173705 -0.05540051 1.7440712
633 2.4513645 -0.9668488 -0.32228845 -2.6384826 1.3461823
620 1.5405055 -2.8091366 -1.3184199 0.3734724 1.7702277
624 0.5034901 -1.8428203 -2.892804 1.7885218 2.8494706
993 0.38104174 0.07310541 -1.9413906 -0.513818 3.890572
868 2.874399 1.3965514 -1.0127931 -2.3774903 -0.8477062
801 2.6865666 -1.2151457 -1.0006927 2.7359393 0.45174858
145 3.1753242 -1.3532312 -0.7812823 -0.32668957 -1.2377968
509 1.4121112 2.4588778 -1.0135348 0.7403625 1.2944293
1144 3.132493 2.1285174 -0.3131806 1.9933898 0.7778915
98 1.7140974 -0.5008836 -1.09318 0.7186527 -1.182961
563 2.0806315 -2.2400732 -1.1804451 -1.1598805 -0.036376543
806 0.7778161 0.3512819 -1.6093718 -1.1407547 3.971855
1066 2.372139 -0.4725206 -0.76002806 2.581925 0.81285495
270 2.739286 -0.3638931 -1.0109298 1.892352 -1.0265868
105 -0.2510641 0.12521832 -3.406079 -0.85542005 1.5296587
641 1.8227903 -0.8362207 -0.9417573 -2.853782 1.4735762
96 1.2965306 -1.8782605 -3.384251 -0.84165424 -0.98052573
768 3.9826202 -2.0166733 0.35284427 0.58881813 0.7340892
580 2.270567 -0.8853475 -0.43533596 -2.5351338 1.0096736
637 2.3623035 1.4447623 0.07384681 1.7461679 1.8882585
923 0.69635004 0.2699441 -1.5318042 -1.0332842 3.8384197
419 2.1682324 -0.595207 -0.71310735 2.383307 0.71501434
830 2.0572627 1.3784493 0.20024955 -0.7324544 2.1730783
1128 0.88076913 2.630767 -3.5483742 0.8885317 -0.31424704
1153 0.7983634 0.35659215 -1.7594259 -1.0681933 4.243017
594 2.4308953 1.3112336 -1.2946059 -2.2304919 -0.8640617
910 2.1221201 1.4829887 0.21825932 -0.8661027 2.1925857
157 0.5064566 1.0950925 -1.8152748 1.5428028 2.43831
310 0.4696711 0.091552995 -1.399486 -0.8019206 3.117449
835 0.67370546 2.1312337 -3.1177435 -2.3406136 1.2336649
952 0.76605016 0.5278768 -1.68648 -1.0124141 4.0969667
1217 2.2247534 -0.841363 -0.3983508 -2.5367126 1.1322777
769 3.7594657 -1.9935195 0.35904518 0.5115219 0.7639113
474 -0.10694606 -0.7385048 -2.2062519 0.6997344 1.3503041
1054 2.064493 2.7947924 -0.9963566 -1.3621798 1.5352414
1195 2.161988 -0.8728711 -0.44071984 -2.5213048 1.0827614
1196 2.2863696 -0.86234736 -0.33858022 -2.510652 1.1730767
937 4.1325517 -2.091782 0.37169203 0.5283551 0.8120662
101 0.39085412 -1.3163717 -3.6930954 -1.4887145 0.36168283
896 1.6643417 0.082743175 0.1027419 0.6648297 2.7697694
898 3.209163 -2.1490927 0.329508 0.7064035 1.6274943
261 0.3922903 -1.4635501 -2.6163785 1.6307136 2.3896573
1070 0.9376748 2.6947289 -3.7390351 1.0386916 -0.38972476
304 2.8726234 -1.3039382 -0.9678633 -0.80054986 -1.207046
1062 0.76914954 2.1239939 -3.4339285 0.74141276 -0.49981865
1138 2.4556057 -1.0856191 -0.72652394 -2.9735267 0.9264301
1134 3.381487 -1.9653854 0.3752177 0.4623697 1.5349689
551 0.8573872 1.2334327 -3.0352364 -1.7881519 -0.49216634
246 1.2494799 -2.6664906 -1.444035 -0.078234196 1.8535546
925 2.4922097 -0.94454426 -0.8933338 2.663527 0.6184654
183 -0.08875231 1.3771532 -2.7702487 -0.8043495 2.0805902
880 1.5199955 -2.8447409 -1.3936267 0.43002206 1.9420707
759 2.3986566 -1.0896492 -0.89614224 2.5456448 0.6165311
1149 2.2514617 -0.7528805 -0.4836985 -2.6948342 1.2301883
966 2.406991 0.8629098 -1.1161201 -2.2346697 -0.89510995
217 -0.22584401 0.41764435 -2.7066593 -0.5820196 1.8638283
56 1.308884 -1.6386311 -2.68842 -0.31927288 -1.0550212
1125 3.434461 -1.9832449 0.37361768 0.7629043 1.5960556
843 3.0249069 1.2174519 0.6953948 -0.37853453 2.0205886
1119 2.3072364 1.357567 -1.0057282 -1.986348 -0.6274327
1201 0.76465607 0.2918145 -1.4484538 -0.9471841 3.8654375
187 0.35321394 -0.3354734 -2.828516 2.0498123 1.1186388
1088 2.5326595 1.4490092 -0.97108763 -2.2089775 -0.648008
329 2.500901 2.191524 -0.48841137 1.6579819 0.67377484
722 3.0288298 0.89318055 0.5365291 0.8878935 0.6751761
731 1.9865146 0.18880971 0.25127932 0.60095334 2.9858198
1116 0.5054993 0.2733536 -1.4783729 -0.7263991 3.522521
1069 2.1977675 1.3756957 -1.1440214 -2.0229151 -0.7594985
826 2.0367308 -0.979868 -0.6678677 -2.730459 1.2642797
454 1.7298177 -2.5012155 -1.3429528 -1.2898171 0.81569463
886 3.4610193 -1.8719023 0.3349884 0.6166899 0.8240279
75 -0.07795745 1.388591 -2.476168 -0.2856276 1.5448343
517 1.9136341 -0.80094934 -0.85513115 2.147565 0.5555454
917 0.9170756 2.0415123 -3.2262905 0.681394 -0.7371976
300 1.8389195 -0.67743766 -2.1616116 0.5633449 -1.6582389
776 2.1504283 -0.7638462 -0.32412654 -2.4146652 1.1968882
88 -0.18087257 -0.20575559 -3.273032 -0.9500594 0.87991476
1029 2.2323687 2.9359603 -0.9572941 -1.522751 1.4663248
1113 2.198405 2.83715 -0.89095056 -1.4934851 1.528413
230 0.67595947 -1.6971639 -3.4413857 -1.2509315 -0.0982563
1053 3.1786692 -1.599721 0.3116041 0.7097181 0.71700746
1057 2.4888248 0.86727864 -0.9857997 -2.2480474 -0.84027344
1118 2.27371 2.9638858 -0.9880095 -1.6247754 1.4898027
89 0.39822754 -0.2206536 -2.6726677 2.0341387 0.92757535
83 0.17208807 -0.49480805 -2.7947857 1.5569283 0.95863444
581 2.3681092 -1.5587349 -1.6697788 1.2144626 -1.2678227
662 1.4606104 -1.3038235 -2.5546374 -0.46607292 -1.4127051
51 0.92760056 -1.0117661 -0.8113292 0.62836295 -0.26916867
534 0.7078373 1.8251941 -2.9384425 -2.4146252 1.185547
140 3.2340846 1.2696401 0.7604693 -0.35497797 1.8044027
1200 2.2073352 -0.81607217 -0.2961504 -2.4139156 1.0990093
593 1.9862884 -0.5375511 -0.6897691 2.2210026 0.7312987
30 1.6063259 -0.81708604 -2.256849 -0.26952744 -1.6485158
28 2.9034355 -1.2284828 -0.804041 -0.4524734 -1.1807697
1028 2.242998 -0.9772726 -0.5018836 -2.6522107 0.92300284
1136 3.0792558 -2.0773063 0.23061843 0.8101999 1.538692
991 2.4386165 0.91366833 -0.8192773 -2.1424026 -0.67602557
676 1.8567415 1.6558154 0.12738174 -0.47063008 2.080217
1076 2.0326552 0.817344 0.20126267 1.3656996 2.0455673
225 -0.2647625 0.27339002 -2.801182 -0.58488935 1.8283393
292 -0.065630786 -0.7743957 -2.2267008 0.6856142 1.0516844
1041 2.1785285 0.95416856 -0.9846495 -2.0933278 -0.74052864
1103 0.62296075 0.6810387 -1.4554853 -0.85732055 3.4502199
674 2.3629458 -0.83525306 -0.8546238 2.5554984 0.6683807
1157 2.6836252 2.5520172 -0.5284924 0.97244006 0.30667955
1121 0.7682719 2.0059192 -3.090895 0.7630816 -0.5069004
110 0.6868034 1.0346378 -1.6605113 1.6129463 2.361625
1205 2.3291354 -1.107452 -0.6352002 -2.7914796 1.1773251
1202 3.000847 -1.9651006 0.21295777 0.84385896 1.4685769
810 1.9777048 -0.68952566 -0.5233935 -2.434458 1.1650845
813 0.2360279 -0.5310259 -2.9753296 1.7721792 1.1999032
1007 2.3808134 0.9774166 -0.99255013 -2.0510688 -0.81724054
1220 1.9881493 -0.9149587 -0.39533705 -2.2551029 1.085856
863 2.2818925 -0.96318716 -0.32046813 -2.4658844 1.2063649
960 2.311901 1.2577847 -1.0701711 -1.8219539 -0.9148157
936 2.4085772 0.70876753 -0.9575411 -2.083171 -0.8979056
1109 1.8553513 -0.8417219 -0.6256623 -2.5792487 1.3071753
525 1.6361808 -0.11282865 0.09032247 0.2727683 2.9075077
39 2.800303 -1.4337763 -0.7751091 -0.56048685 -1.0080804
904 2.395557 1.1010724 -1.0990112 -1.8973397 -0.92423445
1005 2.380855 0.511602 -1.116805 -2.384584 -0.8156216
1101 0.7748849 1.9652281 -2.7911713 -2.4073 1.259742
1091 1.7995526 -1.0647196 -0.84523314 -2.6853306 1.3410385
983 2.3190796 1.0113975 -0.96554863 -2.0078285 -0.840947
508 2.4388762 2.4443731 -0.5955116 1.0567725 0.347574
464 0.43587962 1.0516956 -1.6879843 1.4039226 2.121374
1216 -0.21883836 0.70090663 -2.3725917 -0.41247728 1.6889609
912 2.830416 -1.5623122 0.25803438 0.58821446 0.83224297
1137 0.78847015 2.3570852 -3.4052665 0.950788 -0.2996774
864 0.6958039 1.0113775 -1.4018577 1.5831643 2.1497273
1158 1.8964658 -0.9932069 -0.7227159 -2.6578062 1.2674745
255 1.3750942 -0.9066098 -2.1450958 -0.30938283 -1.3725051
4 2.0565362 -2.1904757 -0.9645905 -0.84380627 0.09807141
984 2.126803 -0.85373163 -0.41494432 -2.4038472 1.1062962
1208 0.83503413 1.1418788 -3.4887617 -1.5684017 -0.72370654
1185 0.6483683 0.43309662 -1.4410014 -0.9833985 3.5126457
1180 2.411002 0.8326422 -0.8998396 -2.203828 -0.6974657
636 1.773 -0.9064041 -0.63277704 -2.3845055 1.1898373
941 2.3326333 0.80819124 -0.8321081 -1.9687458 -0.8137893
689 2.3899446 -0.7982301 -0.7132077 2.4050279 0.5904371
749 2.3314419 -0.9163188 -0.8886594 2.452724 0.5002098
976 1.9412872 -0.8480815 -0.38708133 -2.39605 1.2640103
652 -0.11357696 1.0518539 -2.4358997 -0.7013835 1.9721066
1169 2.2697845 2.9378707 -1.0126756 -1.5794553 1.4229991
1079 0.3917582 -1.5177499 -2.286408 1.293392 2.2895937
1071 2.052627 -0.8043137 -0.42502478 -2.4278502 1.104268
980 0.4445482 -1.6945561 -2.4288049 1.4654874 2.41833
97 1.1094773 -2.284773 -1.2739333 -0.2839895 1.6435477
1056 1.96985 1.2818046 -1.0358226 -1.987188 -0.5640295
400 0.4431628 -1.5181972 -2.2407813 1.4168532 2.1721315
1133 2.3743515 1.0925604 -0.9545583 -1.9796114 -0.8497632
1110 2.0872917 -0.8667563 -0.42016688 -2.4625652 1.0527388
1044 2.2538466 -0.96184987 -0.7553159 2.3136506 0.5020333
1147 2.2378845 0.65098417 -0.9505273 -2.213017 -0.72842324
1212 2.1697855 0.8186187 -0.8377803 -1.9713625 -0.68648225
897 1.6976564 -0.8884121 -0.73859644 -2.4976666 1.3444403
262 2.3397496 1.1125244 0.5198479 -0.53421175 1.5596267
757 2.048345 0.9122642 0.19859926 1.399099 2.0595763
819 2.210781 1.2949663 -1.1715058 -1.8513299 -0.7952799
743 1.9133193 -0.83477116 -0.41920447 -2.3474371 1.2315251
639 2.1911929 -0.90885866 -0.29068705 -2.3189595 0.9969406
900 0.31437063 -0.022008963 -1.7246192 -0.36337033 3.4015388
1095 2.2134395 -0.8549999 -0.30016828 -2.2468762 0.8822293
1154 2.2013602 -0.8883773 -0.37123483 -2.3976848 0.96072024
1186 1.8390657 -0.9651501 -0.84540457 -2.5768344 1.2267052
869 2.3219142 -0.99978244 -0.33360848 -2.438693 0.9095819
1175 0.86333436 1.0358375 -3.4478579 -1.4160656 -0.85851777
682 2.0984972 1.3099651 0.2984886 -0.7170924 2.1289167
1002 0.72439015 1.9985212 -2.9756954 0.83455175 -0.48157582
971 1.7673491 2.3746119 -0.7602742 -1.2261974 1.1280293
361 1.8200599 -0.25449148 -1.1765004 0.56753683 -1.2362044
386 -0.07087597 1.1808758 -2.0253327 0.35961142 1.736971
41 0.75925255 1.0644075 -1.5376925 1.9000832 1.4924225
1096 2.068988 1.478024 -1.1502715 -2.1520193 -0.36953223
773 2.2979624 0.7027387 -0.834529 -1.9686334 -0.7801822
954 2.2748773 -0.83864117 -0.8363888 2.476701 0.68862563
1021 2.9651315 -1.7052593 0.30268922 0.54335296 0.87283576
1035 0.45333093 0.29110664 -1.3489327 -0.6786971 2.985625
1207 2.0969708 1.0416183 -0.94881624 -2.188502 -0.58462626
1060 0.6493221 0.19716613 -1.308348 -0.8982595 3.3121548
349 0.7659424 1.004442 -1.5295522 1.8587655 2.011936
1172 2.020528 0.77413005 -1.0677873 -2.278038 -0.59521276
240 2.1273613 1.7599128 -1.4468513 0.18931241 -1.1401238
974 2.0660143 -0.9244245 -0.41607854 -2.4388223 0.8821214
1122 1.8612894 -1.0981344 -0.66359586 -2.4529908 1.1074969
889 2.339873 1.0630041 -0.9956363 -1.9484321 -0.8795924
1210 2.3048728 0.77306944 -0.770354 -1.8263859 -0.8404407
672 1.0479524 2.2277687 -1.1061623 0.6132491 1.1742553
1031 2.1102517 1.2337502 -0.9276381 -1.8369117 -0.62942904
753 2.796863 -1.6181985 0.35684806 0.4670471 0.77122587
815 2.1051445 -0.9393483 -0.5553681 -2.5614057 0.9180233
1191 1.9932996 1.1461703 -0.95281214 -1.8665138 -0.5874032
1140 2.8855577 -1.6584008 0.2437028 0.5926162 0.7404095
1038 2.98689 -1.7095737 0.24208088 0.42282745 0.7044763
762 1.9896002 -0.9056686 -0.32796872 -2.221893 0.93648
754 2.2781196 0.64575505 -0.7647307 -1.8736398 -0.70585287
956 1.9537097 -0.72076607 -0.43576303 -2.3531966 0.97366005
1117 2.9881577 -1.8481627 0.27063814 0.43278024 0.8302379
374 -0.005915722 -0.99341446 -2.7037814 0.84607923 0.8221614
1065 1.956851 -1.1101002 -0.60051507 -2.4850786 1.161648
291 2.783795 0.7463192 0.5680793 1.1041524 1.3305249
902 2.1038814 1.0368218 -0.9452673 -1.8139071 -0.7789607
933 2.085823 1.1425312 0.3139941 -0.792122 1.8709338
1177 0.552302 0.17852098 -1.237055 -0.8201986 2.892476
978 2.8670652 -1.6633469 0.27796668 0.38674855 0.8454576
186 1.350445 -1.529662 -2.8485043 -0.5217977 -1.2731835
888 0.6619781 1.7559764 -3.0584939 0.72689885 -0.59718204
1222 1.9397528 1.1888683 -1.0047389 -1.7979455 -0.59340566
789 2.2206912 0.7515286 -0.86744004 -2.1402473 -0.71710765
1086 1.8234426 -0.8686888 -0.700064 -2.6155107 1.2821481
1092 0.46112743 0.14804089 -1.3654808 -0.78221214 3.0448637
827 2.0528831 1.14135 -1.0388137 -1.8905108 -0.7364553
727 1.8368506 -0.7864732 -0.36811858 -2.2365649 1.0690905
479 1.1624522 -2.396205 -1.228775 0.1131482 1.666365
1218 2.741195 -1.6239525 0.2911926 0.531448 0.8127228
685 2.0267892 0.66355246 -0.76552725 -1.8691016 -0.74543995
931 1.4842339 -0.98322034 -2.1524515 -0.12346667 -1.4027619
822 2.8726733 -0.019517936 -0.732737 1.8079845 -0.909176
1131 2.1854606 0.9131888 -0.8296765 -1.8133036 -0.7618815
511 1.9213793 1.3972971 0.14054221 -0.7733478 1.945739
972 1.8903857 -0.8362848 -0.33814177 -2.1962154 1.0292466
1049 0.6016357 1.9035579 -2.963139 0.67429036 -0.33045694
699 0.34798247 0.13757423 -2.0404236 1.7335958 1.0739396
996 2.0424728 0.9319312 -0.9737224 -1.8217044 -0.7796327
529 2.3310535 1.8687401 -0.43710855 1.7128317 0.6720311
736 2.9836419 -1.6301236 0.28024894 0.38651162 0.60181755
765 3.1480362 -1.6507146 0.36076322 0.3441834 0.7309431
957 1.978978 -0.7516166 -0.3078032 -2.1883352 0.8663705
723 2.0178478 0.78743094 -0.8634003 -1.8353972 -0.68230015
905 1.8241717 -0.7813755 -0.4067669 -2.2159128 1.0389626
645 1.9032928 -0.8473213 -0.29069722 -2.0582383 1.0252802
744 2.0757961 -1.0255975 -0.8928478 2.2058024 0.41372952
615 1.8711461 0.7036705 -1.0056683 -2.2130537 -0.38595134
248 2.1475601 0.751273 0.35611933 0.73478764 0.545938
979 1.8621582 -0.6523929 -0.44316337 -2.282395 1.030464
1142 1.9593325 -0.96477485 -0.2740777 -2.181416 1.0444146
1146 2.2543488 0.8092372 -0.7990195 -1.9549524 -0.73307836
924 2.0022297 0.94878215 -0.9572863 -1.7602006 -0.80631894
1165 0.6574689 1.6275587 -2.792254 0.6077342 -0.61115026
1162 1.7395961 -0.78866607 -0.50540173 -2.2731223 0.9277709
894 1.8844049 1.1290913 -0.90283215 -1.9234729 -0.4771135
895 2.1726563 0.8376697 -0.84961337 -2.014437 -0.62848264
951 1.659997 -0.94956183 -0.8310355 -2.5691059 1.1594714
1017 2.5455203 -1.3758487 0.2713783 0.5772026 0.7073983
1192 1.9570125 -0.6970467 -0.22600327 -2.072269 0.95225215
1135 2.2162921 0.95182306 -0.9503113 -1.9787886 -0.765691
181 -0.12787554 0.81685233 -2.0051107 -0.32837057 1.4092526
867 2.1243236 0.5624537 -0.7739669 -1.9001162 -0.6117655
1045 1.8534025 -0.7889756 -0.3723063 -2.2153323 0.92018276
929 1.8265004 1.0595833 -0.9061157 -1.952148 -0.4230702
781 2.113362 0.7977731 -0.77396923 -1.706228 -0.7332125
1174 2.194346 0.7740716 -0.7855376 -1.8481964 -0.81249076
962 1.8863654 -0.738575 -0.7455774 2.1852803 0.7914701
1108 2.5686612 -1.588113 0.19753581 0.47100788 0.7460093
891 1.9197515 0.9535276 -0.9409465 -2.015576 -0.42971587
760 1.9965137 0.7393082 -0.7150699 -1.643643 -0.596527
1155 2.0575721 1.1070677 -0.7861427 -1.7963347 -0.64133406
989 2.1675494 0.6883478 -0.77171576 -1.8429044 -0.7437157
856 1.7381681 0.90735584 -0.868626 -1.8280904 -0.54307425
852 1.722842 1.0426604 -1.0045311 -1.8190206 -0.48793608
238 1.9140402 1.1271871 0.07326953 1.4284197 1.4594419
947 2.151384 0.9835901 -0.714709 -1.7919092 -0.6039553
1009 1.7252959 1.0572844 -0.9059811 -1.9362627 -0.3252493
1006 2.5210063 -1.563747 0.25505567 0.38046974 0.95501083
865 2.104128 0.9357227 -0.7388533 -1.7622173 -0.62809896
1143 1.9551039 -1.0118976 -0.9111239 2.1814058 0.52086574
786 2.0243871 0.8130292 -0.6767535 -1.7231468 -0.65480447
800 1.7459296 -0.4247352 -0.52189505 2.030646 0.929429
821 1.541884 -0.8994394 -0.6264043 -2.1411967 0.9252875
758 2.0596097 0.7825608 -0.79686135 -1.8862623 -0.6759927
1181 1.8029766 0.8338159 -0.9123777 -2.0547438 -0.4454607
1206 1.510318 1.1466047 0.11063683 -0.487026 1.5863016
1111 2.7319458 -1.6876887 0.23936996 0.58897656 0.93910664
1124 2.6470108 -1.4815676 0.26806542 0.7177638 0.7047342
231 -0.045468498 -0.95642394 -2.469726 0.74370384 0.9954091
1171 2.5249312 -1.6077874 0.2990328 0.36029452 1.1813576
940 1.8468914 1.234001 -1.0692104 -1.7958846 -0.49196538
705 1.7104479 -0.80881953 -0.31866157 -2.0201683 0.95963186
778 1.9811335 0.7889868 -0.76202244 -1.7114669 -0.67973787
928 1.556966 0.86808807 -1.0133036 -1.9052979 -0.39691138
838 1.909499 -0.78439736 -0.51648784 -2.264969 0.66366905
939 1.6961102 0.8690528 -0.8403927 -1.9008934 -0.37738338
1104 2.6096444 -1.828573 0.20760223 0.66441256 1.1972164
981 1.6238319 0.8046402 -0.9265674 -1.862325 -0.36656284
771 1.9300574 0.77590567 -0.6916656 -1.704567 -0.6204185
853 1.7857012 1.0683599 -1.0439863 -1.946518 -0.49800256
1203 2.7805452 -1.510229 0.23502031 0.40732577 0.57375747
866 1.4393481 -0.8069758 -0.5477283 -1.9940212 0.98075545
200 1.4805596 2.1376345 -0.7186816 -0.8977224 0.9262728
999 2.4462452 -1.3205067 0.30144405 0.59773576 0.7628043
1168 2.3463132 -1.5609792 0.2385489 0.42354012 0.8920832
861 1.6901056 0.71427965 -0.81714964 -1.8538786 -0.4020539
860 1.6652873 1.0493733 -0.8816764 -1.8424765 -0.3401139
1173 1.5783988 -0.7542247 -0.37531295 -1.964693 0.8675018
982 1.6393926 -1.0295624 -0.6445681 -2.2910473 1.1631303
564 0.68417364 -0.26665673 -0.44028676 0.12751418 2.1963193
701 0.0140613085 -1.0317947 -2.4524918 0.60379136 0.7604554
903 1.869926 0.6507125 -0.7925838 -1.7986239 -0.6481452
854 1.6899513 0.87138426 -0.80986005 -1.7318922 -0.5013125
946 0.20128007 0.011345525 -1.4119865 -0.258185 2.8644981
793 2.1388974 0.9136544 -0.626654 -1.5810293 -0.6632036
908 1.4859031 -0.8091262 -0.5808093 -2.0679 0.86913794
761 1.9754707 0.5573695 -0.7489324 -1.8026167 -0.63394463
766 2.0800552 0.64691526 -0.7581081 -1.8296514 -0.6100003
1033 1.420634 -0.7180381 -0.5114831 -1.9766836 0.9469992
1078 2.3581946 -1.6362474 0.19815902 0.5944828 1.0460423
1077 2.448703 0.7704565 0.46961316 0.9457451 0.93851835
1093 1.4254086 -0.7133203 -0.5072207 -1.9388363 0.928459
1099 1.4448336 -0.8112208 -0.63165087 -2.0809145 0.92339563
775 1.8750583 0.6248443 -0.66470945 -1.7379525 -0.6338491
919 2.033223 1.716595 -1.5180669 0.120932005 -1.2165735
1151 1.5951968 2.0660527 -0.6322895 -0.8614695 0.78043616
1115 1.5759467 0.7414339 -0.9507589 -1.8643454 -0.43083146
816 2.3189082 -1.326792 0.2316879 0.49313706 0.7566177
1059 1.7264386 1.0038457 -0.8728331 -1.7514923 -0.46315098
798 1.8772031 0.8675411 -0.745696 -1.6331253 -0.63962877
782 1.7530667 0.638796 -0.64870596 -1.6132537 -0.54763764
809 1.6232344 -0.66016424 -0.6669588 1.9001946 0.55305856
1074 0.31252754 0.25442478 -1.2352512 -0.62119544 2.6269276
755 1.7011566 -0.687886 -0.25385004 -1.8888205 0.86978453
1023 1.7034513 -0.7354103 -0.3058779 -1.9492692 0.9549373
1183 2.3781111 -1.5716115 0.28940383 0.44214138 0.9858584
850 1.0485387 1.7718056 -0.55370146 0.3383684 1.1036726
844 1.5050346 -0.8195128 -0.52924037 -2.101343 0.92851
1058 1.5515031 -0.73678046 -0.3733425 -1.9645115 0.8965135
1152 1.4690665 -0.75746095 -0.450694 -1.9662384 0.87990665
772 1.8637985 0.87046325 -0.86231995 -1.6644744 -0.6077716
855 1.7452164 1.1624777 -1.0278202 -1.7511277 -0.4533409
927 1.7192775 -1.055599 -1.1957418 0.8370883 -0.966728
716 1.9334855 0.6891449 -0.56937367 -1.5687472 -0.6635855
623 0.7757729 -0.30598733 -0.32577363 0.06282529 2.2841177
862 1.3632432 -0.783283 -0.44890717 -1.897095 0.8757277
1032 2.2463453 -1.5043435 0.23217453 0.46961978 0.93393856
733 1.6551541 0.66834605 -0.6949432 -1.6801796 -0.48182324
959 1.7086762 -0.75447774 -0.21081936 -1.7625935 0.7436777
710 1.5234334 -0.43446773 -0.5182323 1.8137804 0.6256981
791 1.657199 -0.57717794 -0.6073507 1.8549169 0.480724
887 1.161308 1.9281136 -0.6108722 0.351359 1.1479449
780 2.0922127 -1.256432 0.19550873 0.39448196 0.6510377
752 2.266181 -1.2883072 0.16995431 0.31002015 0.51911694
1026 1.4817605 -0.45506978 -0.48369867 1.5972385 0.55541545
1036 0.5031534 1.4800935 -2.1076918 0.6415721 -0.12998919
