332 5
118 0.4306576 -0.23739246 -0.7989107 -0.8133887 0.006598885
261 0.06688417 -0.041205246 -1.1790274 -0.6371033 -0.010584994
182 0.009641042 -0.1410914 -0.917756 -0.65340173 -0.18059434
152 0.07844653 -0.046393245 -0.7574819 -1.111652 0.088207304
255 -0.021740213 0.08984514 -0.8933065 -1.0133543 -0.07271404
230 -0.08994849 0.10793571 -0.94208884 -1.0696281 0.042912383
166 0.24819662 -0.42864835 -1.1301051 -0.45185053 0.2597876
112 0.2575238 -0.2782537 -0.59489155 -0.94647545 0.0031929528
67 0.30591983 -0.28542703 -1.0497478 -0.67727447 0.26388776
147 -0.28815547 -0.17828804 -0.73946154 -1.098931 0.28306124
201 -0.21192664 -0.802009 -0.7338212 -0.3551677 0.04756137
162 -0.09763353 -0.08520894 -0.8254425 -1.1559461 0.32324994
258 -0.055500817 -0.33255112 -1.1284766 -0.44342113 0.05553405
293 0.08864055 -0.09866636 -1.0836432 -0.66498756 -0.0038666138
176 -0.02065187 -0.15095831 -0.82362515 -0.9800435 0.2280461
248 -0.07991891 -0.5420753 -0.81076676 -0.44604507 -0.02931646
47 0.21021633 -1.1180216 -0.6132285 -0.32877287 0.2238492
299 -0.17772517 -0.14491034 -0.7846151 -1.0598857 0.23361202
217 0.12565899 0.059609383 -1.0148646 -0.8949131 0.026562639
174 -0.043218955 -0.09253142 -0.7113049 -1.1428287 0.19848032
144 0.58507544 -0.70022005 -1.1295393 -0.29658616 0.25309524
109 -0.13507827 -0.14197972 -0.74251777 -1.0380783 0.19132602
146 -0.1615919 0.112443596 -0.9254274 -1.2498294 0.2832036
221 -0.23776007 -0.027451046 -0.6828473 -1.4009285 0.36903793
131 -0.079668395 -0.055632718 -0.8825154 -0.9794876 0.1454098
177 -0.010883058 -0.2046587 -0.69492763 -1.1086235 0.30172464
219 0.03123203 -0.30751404 -1.02912 -0.595444 0.12383626
311 -0.18375632 -0.13149118 -0.86359876 -1.0405291 0.36633638
150 -0.19614533 -0.24893443 -0.72639436 -1.0257188 0.31777486
232 0.06502193 -0.0169359 -1.0374882 -0.7347127 -0.094947025
179 -0.0006130813 -0.033552542 -0.74759316 -1.2041162 0.23286496
65 -0.035026573 -1.269928 -0.59351575 -0.50477386 0.6221332
301 -0.037312128 0.0003755801 -0.8441106 -1.1182368 0.23018005
167 0.15572053 -0.17403358 -0.7323752 -1.0042857 0.076592855
8 0.3963211 -1.5904084 -0.32588252 -0.29022095 -1.5226367
13 -0.6374948 -2.012703 0.07772722 -1.9459529 -2.266716
263 -0.012858305 -0.46780527 -1.0543123 -0.43967122 0.16893098
172 0.15038152 -0.15360026 -0.9625055 -0.76176023 0.08028732
94 0.20100798 -0.12077039 -0.8105921 -0.95976686 0.08202988
310 -0.18855684 -0.12369618 -0.76561415 -1.0238873 0.12732364
161 0.22744973 0.08375521 -0.6287668 -1.3042343 -0.073689066
292 0.08724975 -0.16543533 -0.8957817 -0.8134866 0.09866091
159 0.00058442494 -0.23976168 -0.74431276 -0.8859038 0.12688245
203 0.14146423 -0.54934025 -1.0322089 -0.4353712 0.24590963
307 -0.106424436 -0.023855342 -0.9264706 -1.054793 0.27357376
313 -0.78876626 -0.65236026 -1.0017142 -0.09465113 -0.59701324
306 -0.055545043 -0.00070631865 -0.80494916 -1.1391776 0.14273311
119 -0.07715552 -0.059864968 -0.7853974 -1.1372405 0.24768205
296 0.28220385 -0.11470331 -1.1827878 -0.48674047 -0.17392021
123 -0.009111646 -0.16354133 -0.73326737 -0.96833867 0.06046869
253 0.024290549 -0.569437 -1.0007703 -0.39157784 0.13881665
183 -0.05933455 -0.62097955 -1.050936 -0.35226038 0.27697605
95 -0.07748343 -0.044220112 -0.80458534 -1.18956 0.32796186
246 -0.09141112 -0.5261301 -1.1772947 -0.21550618 0.046086237
233 0.3892624 -0.059234995 -1.5717658 -0.3396643 0.011404853
202 -0.057793416 -0.08214636 -0.7130259 -1.1254606 0.1318884
305 -0.14230953 -0.03697511 -0.7749436 -1.0772288 0.13330078
197 0.067758925 -0.5349934 -1.0866838 -0.36734062 0.13227086
212 -0.2321741 0.04493148 -0.86333895 -1.1260108 0.122065924
297 0.14159192 -0.21542004 -1.1697797 -0.45995644 0.0027261488
92 -0.08965799 -0.0795237 -0.70179963 -1.1803888 0.22387391
284 -0.2543628 -0.07531034 -0.80152535 -1.0681008 0.1852226
288 0.24395725 -0.035170116 -1.3702896 -0.50275004 -0.0012545349
91 -0.24289723 0.024923112 -0.78041416 -1.2924124 0.32494792
273 -0.39273176 -0.020544145 -0.77079654 -1.2915691 0.30729362
245 0.04450573 -0.85065573 -0.98387295 -0.2663858 0.29700056
189 0.17727908 0.03773013 -0.8960345 -0.9789755 -0.007576405
276 0.24369667 -0.15973037 -1.4547023 -0.2988067 -0.0668452
142 0.79142016 -0.55264556 -1.3708674 -0.19574898 0.14181277
216 0.32603696 -0.07898279 -1.3936567 -0.43335828 -0.033342123
83 0.31688973 -1.2433001 -1.018122 -0.31619582 0.7500267
169 -0.044697847 -0.7575356 -0.9687838 -0.2683654 0.14102769
256 0.0061027124 0.20015094 -1.0745726 -0.764008 -0.4091411
45 0.79818755 -1.2467784 -1.4048737 -0.2882723 0.94191515
213 -0.2634386 -0.6008457 -1.3617051 -0.09574612 0.14805472
321 -0.28295973 -0.028993545 -0.7631196 -1.259703 0.30516872
133 0.2625012 -0.15542494 -1.0440264 -0.6955246 0.05015889
218 -0.11538517 0.024697563 -0.8520781 -1.2093462 0.31672707
101 -0.10987529 -0.045393568 -0.779533 -1.2359253 0.36421213
125 -0.07968828 -0.06808566 -0.7025708 -1.243686 0.24068172
225 0.49245036 -0.08100127 -1.2056752 -0.5193422 -0.14419532
250 0.062152524 -0.45516133 -1.1224866 -0.32736036 0.074677
198 0.18512642 -0.044310268 -1.1861296 -0.56219685 -0.08924897
316 -1.0046079 -0.93361086 -1.2223651 0.10641806 -0.7541541
9 -1.2364064 -2.6603441 0.00971378 -2.4643404 -2.6469378
137 0.593438 0.06870967 -0.52845156 -1.4789848 -0.06743103
82 0.4142765 -0.20283248 -1.446074 -0.40122578 0.110338464
262 0.4939052 0.18780653 -1.9846058 -0.25325158 -0.14521645
249 -0.246079 0.092793696 -0.79224104 -1.4292568 0.3242289
239 0.12306058 0.10293271 -1.1756929 -0.75319284 -0.08033289
128 0.3142907 -0.24706505 -1.0968239 -0.52896553 0.03660946
192 0.09058595 -0.018390397 -0.80965453 -0.9804786 -0.1080368
90 0.8761209 -0.24031104 -0.42024654 -1.2585775 -0.010327501
59 0.1633589 -1.6797596 -1.0003899 -0.277632 1.0546142
274 0.4470681 -0.19274445 -1.3497252 -0.4091809 0.024641283
300 -0.23299707 0.019754516 -0.76509875 -1.2347507 0.19878429
10 -1.2421625 -2.4602673 0.08711804 -2.453672 -2.5800922
260 -0.31646892 0.023061845 -0.73207736 -1.3232797 0.28036729
327 -2.3843763 -2.6394367 -2.4455519 -0.012865734 -1.1474694
126 0.37504506 -0.018461017 -0.59888375 -1.273758 -0.045119196
222 0.0997345 0.013259081 -1.0221603 -0.7609719 -0.10593799
20 -0.7226642 -2.0026455 -0.067862205 -2.5639977 -3.1030555
17 -0.6396763 -1.9854984 -0.13890064 -2.5176349 -3.073101
19 -0.55842495 -1.942485 -0.04525154 -2.5923595 -3.053436
322 -0.50814253 0.02319546 -0.75961524 -1.3924795 0.35560906
130 -0.23494458 -0.08224321 -1.1603408 -0.49373525 -0.21369405
281 -0.038077682 0.4635436 -1.2561738 -0.78064626 -0.7057186
80 -0.027088098 -0.21090469 -0.62117153 -1.0720006 0.15940183
26 1.6130073 -2.1982095 -0.22832601 -0.92609584 -0.6653777
153 -0.0660089 -0.2293688 -1.0934393 -0.57599854 0.11189794
143 -0.3042219 -0.102813825 -0.83779234 -1.139564 0.39521953
283 -0.02926222 0.5438886 -1.3147417 -0.75175214 -0.8238342
62 1.1220409 -0.9260324 -1.7690556 -0.34871113 0.9821995
75 -0.41924888 -1.7170192 -0.30840036 -0.68482095 0.74174917
329 -1.9496541 -2.0117223 -1.7255085 -0.048959147 -0.98851335
71 1.2945062 -0.16098288 -0.44467223 -1.474853 -0.07339473
12 -1.1003567 -2.5090594 0.07511138 -2.4458425 -2.5604289
204 -0.07425814 0.107014835 -0.9006076 -1.1321765 0.06480684
298 -0.33408087 -0.010437988 -0.7591048 -1.3144951 0.33866113
325 -0.6652677 -0.08067099 -0.7635352 -1.2917336 0.43046835
60 0.059359405 -1.6719849 -0.88562024 -0.485587 1.1484286
99 0.29353753 -0.16535217 -0.77806 -0.9484901 0.101853676
139 0.31422758 0.02712533 -0.5806754 -1.4653 0.19039203
157 -0.01105879 0.006077954 -0.44172946 -1.4355361 -0.051002122
100 0.7736983 0.087105274 -0.5883294 -1.3625507 -0.2516269
251 -0.030369733 -0.50669175 -1.1867251 -0.18838091 -0.03616749
111 0.9630161 -0.075395785 -0.5925326 -1.3375592 -0.08958183
50 1.2406852 -0.8934978 -1.643284 -0.40162438 0.9022613
120 0.23105069 -0.1783637 -1.0361234 -0.5932825 -0.114481635
149 -0.15986541 -0.007977645 -0.7356351 -1.2331363 0.21455948
54 0.35535446 -1.4542342 -1.0640483 -0.3602622 1.0832567
116 -0.6134091 -1.9334924 -0.28198838 -0.8007466 0.85600454
271 -0.10158809 0.6003752 -1.305313 -0.83090746 -0.93423706
72 0.17689948 -0.16543673 -0.6158901 -1.2437401 0.27065027
267 0.00864775 0.51218736 -1.3950256 -0.65295035 -0.8846195
96 0.34689194 -0.11460817 -0.65729827 -1.2705908 0.23477866
286 -0.018510617 0.30153593 -1.1449298 -0.8937922 -0.25513947
181 0.1558061 -0.20610462 -1.2053368 -0.44205913 -0.0050460035
63 1.2655046 -0.976386 -1.748187 -0.36347964 0.9076166
73 1.233014 -0.20855655 -0.3301974 -1.513949 -0.20908482
58 0.34204856 -1.6714268 -1.2036827 -0.1700665 0.9565239
318 -0.97910845 -0.8982822 -1.143472 0.11060163 -0.5834864
254 0.6402978 0.124604486 -1.9708847 -0.22432935 -0.13962874
129 -0.0878903 -0.055456437 -0.72497857 -1.2501459 0.2516048
55 1.4007972 -1.1661271 -1.8050647 -0.4268084 1.0494496
275 0.5495181 0.18264718 -1.8340812 -0.3237069 -0.2582507
68 0.19722533 -0.10006984 -0.57459325 -1.3527423 0.20526445
46 1.242185 -0.92012566 -1.5903213 -0.35335928 0.89351386
76 0.87479043 -0.44716558 -1.3906056 -0.40008843 0.32749656
229 0.7086221 -0.06465679 -1.7755588 -0.28861684 0.04221025
151 -0.6287991 -1.6548561 -0.40107533 -0.6758926 0.7377235
206 0.17562917 0.018664403 -1.3596922 -0.44280073 -0.21275695
324 -0.61314446 -0.22651216 -0.5250698 -1.4235641 0.48190212
168 0.12124465 -0.29211512 -0.886519 -0.68292093 0.038180955
140 0.18753465 -0.14672971 -1.0725558 -0.61712486 -0.12620467
29 1.4715729 -1.8069987 -0.18836103 -0.96435535 -0.20092677
6 0.0420606 -1.6280092 0.041203357 -1.1239759 -1.6609257
191 0.23233868 -0.1973029 -0.7458485 -0.9561924 0.08195645
240 0.08462096 0.12790754 -0.96669286 -0.91033363 -0.2346619
170 -0.23564935 0.04982311 -0.8161268 -1.2041727 0.16978842
106 0.1713741 -0.11689694 -1.1542165 -0.62741834 -0.035152342
242 -0.058835726 -0.5284297 -1.1107532 -0.20849751 -0.08635042
148 -0.31115776 -0.05520752 -1.0121864 -0.57789314 -0.3921472
81 0.33325386 -0.48881185 -1.0187277 -0.42632103 0.092123315
53 0.639343 -0.35295662 -1.4573483 -0.49183992 0.5048309
102 0.010667941 -0.10985268 -0.9842156 -0.76376957 -0.03722635
35 0.6493776 -1.7091082 -0.41505766 -0.41042966 -1.7409276
66 -0.76343423 -1.8696272 -0.328259 -0.8638297 0.9228564
36 0.792286 -1.5927219 -0.49656427 -0.33727768 -1.6831552
33 1.4324539 -1.8926518 -0.13806918 -0.9659641 -0.1670599
11 -1.2149267 -2.4288802 -0.04599323 -2.2755442 -2.4722593
127 0.42447758 0.007839539 -0.673394 -1.3448377 0.1675904
158 -0.1545003 0.29334456 -0.8054462 -1.011556 -0.6512641
74 -0.54072136 -1.6154494 -0.3643909 -0.61976004 0.6112931
252 -0.023305625 0.012245987 -0.81164265 -1.2127073 0.26191416
317 -1.0607992 -0.92039865 -1.4767475 0.10226127 -0.8613668
328 -2.1275382 -2.522743 -2.3791213 0.07163765 -1.0441152
163 -0.19100808 0.13271469 -0.77107394 -0.98134404 -0.4571819
145 -0.22602668 -0.053952716 -1.0610193 -0.5905755 -0.29540753
51 0.3429391 -0.17224617 -1.3039421 -0.5119928 0.07020777
259 -0.25167197 0.10118825 -0.836883 -1.442721 0.41691783
320 -0.2820526 -0.32308963 -0.5225634 -1.279637 0.4039981
136 -0.0022923143 -0.22627291 -0.7000331 -1.0650479 0.19677499
272 0.004555296 0.48009545 -1.2130045 -0.85889393 -0.71833175
330 -2.1311016 -2.2631416 -2.269424 0.015533131 -0.9588725
56 0.17342737 -1.8535374 -0.82981485 -0.49303016 1.0895258
38 0.7921956 -1.666969 -0.45448712 -0.3078285 -1.595328
77 1.1850405 -0.11417885 -0.3681972 -1.484469 -0.27105743
40 1.4817296 -1.1574339 -1.8592156 -0.26419935 0.887557
61 1.3410307 -1.1065606 -1.9695264 -0.34508315 0.98641926
31 1.809832 -2.1785827 -0.31382048 -0.9896611 -0.30792418
108 -0.5892952 -1.5868429 -0.37699047 -0.76251394 0.8002679
314 -1.1797813 -0.8577014 -1.3394216 0.06539562 -0.8071823
87 -0.53713715 -1.9092163 -0.43839547 -0.683142 0.7326438
308 0.2901736 -0.0067882496 -1.554459 -0.34181312 -0.06823357
226 -0.1857855 0.04499262 -1.2092245 -0.5812077 -0.21982464
312 -1.0226272 -0.8318705 -1.3248371 0.0722948 -0.60978836
266 -0.04588656 0.7615596 -1.3759614 -1.0191942 -0.9118864
220 -0.29632285 -0.11063916 -0.9497956 -0.6959823 -0.17439657
69 0.9113394 -0.046334203 -0.21504907 -1.8093636 -0.19571757
93 0.430464 0.028047659 -0.7197221 -1.1990227 -0.011055632
319 -1.2252768 -0.8046776 -1.2145102 -0.011133753 -0.83633655
315 -1.1772479 -0.8897374 -1.3952572 0.021802187 -0.7104005
173 0.05843905 -0.2652564 -1.0523548 -0.54726356 0.066900015
30 0.4385343 -1.9145193 -0.43999857 -0.23770112 -1.5172588
4 0.9647588 -1.8900548 -0.2419885 -0.43642217 -0.9953382
104 0.5970605 -1.4471297 -1.0240031 -0.27813205 0.82242006
86 0.51976365 -1.1281825 -0.94778633 -0.26576927 0.45854008
79 0.20593008 -0.13168181 -0.91668755 -0.9019426 0.05958659
41 0.7049953 -0.49595356 -1.3076595 -0.4846762 0.52042615
64 0.05195624 -1.947563 -0.797392 -0.47205877 1.1339347
7 0.16248648 -1.5620168 -0.043324653 -0.9755934 -1.5711651
154 -0.014964211 0.45323098 -0.8551234 -1.1034421 -1.0032288
184 0.13649866 -0.20198733 -1.1153884 -0.56499696 0.035244603
39 0.19999805 -1.0266294 -0.72293085 -0.3893572 0.32466072
34 0.4365354 -1.9209261 -0.4306863 -0.38558063 -1.5541693
190 -0.15880823 0.07689226 -0.7056996 -1.350486 0.14107272
49 0.15026923 -1.8743436 -0.58846295 -0.5926018 0.9315508
164 0.1938542 0.15548378 -0.7568396 -0.89981997 -0.6976232
48 -0.04540029 -1.5547199 -0.42446566 -0.5269267 0.53156954
186 0.19292387 0.07785435 -0.74628466 -1.0573664 -0.21354893
132 -0.16206461 -0.031374756 -0.9069394 -1.0009544 0.16512807
303 0.091573164 0.06609078 -1.2216357 -0.6110189 -0.16095068
78 0.22707976 -0.17806898 -0.7724567 -0.8413929 -0.14869183
14 -0.6572292 -1.9783015 0.10808603 -1.9924811 -2.2905645
287 -0.07099003 0.1062969 -0.8911573 -1.1458024 0.08951887
138 -0.12698606 -0.6603481 -1.0920993 -0.07442407 -0.16357651
23 0.5706074 -1.6667541 -0.39735436 -0.39698595 -1.5325569
302 0.062335096 -0.083023585 -0.8290386 -1.1247026 0.27181154
15 -0.7044843 -2.2029831 0.030329209 -2.0880005 -2.3863223
24 0.56041837 -1.8075551 -0.35270232 -0.33053043 -1.4545714
18 -0.6294565 -2.0477648 0.09644965 -1.9040842 -2.1456392
5 0.47759697 -1.8529702 -0.36492154 -0.38279328 -1.4312539
22 1.6384948 -2.159354 -0.4821164 -0.55338377 -1.1503484
16 1.0161233 -1.8144373 -0.35368487 -0.37653333 -1.3386915
85 0.28542513 -0.97107637 -0.95984626 -0.1864871 0.2338206
3 0.43180478 -1.8871818 -0.38106796 -0.3344966 -1.3946847
28 0.6723354 -1.5509981 -0.26003397 -0.42993346 -1.7562662
21 -0.6440681 -1.9637524 -0.028466089 -1.9470417 -2.410287
171 -0.14525701 0.7541443 -0.9558521 -1.277245 -1.4164782
215 0.054356888 -0.008522104 -0.8840355 -1.0222127 0.17450862
37 0.69343 -1.6860406 -0.31887302 -0.37719983 -1.3707681
97 0.43446532 -1.749881 -0.96845543 -0.10043778 0.7605622
107 0.041901387 -0.09583271 -0.8562215 -0.9312864 0.008787612
103 -0.13034752 0.2783505 -0.4254691 -1.7096314 -0.21459025
32 1.5480107 -2.2505364 -0.32160905 -0.86290705 -0.31943908
214 -0.2746168 -0.59454054 -0.79704815 -0.37391368 -0.1646129
57 0.86212695 -0.048789896 -0.22426985 -1.6476699 -0.28267965
134 0.062794395 -0.1785748 -0.77139026 -1.0056467 0.16420779
295 -0.079019725 0.23703632 -1.0395495 -1.0163424 -0.057838794
331 -0.748518 -0.6173951 -1.2463373 0.0026835527 -0.37775406
209 0.15467148 -0.0031243581 -1.2736473 -0.5037065 -0.1955516
113 0.20826668 -0.023501456 -0.7751444 -1.1180319 0.1334117
115 0.029421665 0.109427474 -0.37224138 -1.527881 -0.23945056
223 0.085709974 0.038033474 -0.905248 -1.0848398 0.17856325
160 -0.21786258 -0.12284338 -1.0277845 -0.6158248 -0.16583262
332 -2.0380242 -2.596086 -2.466909 0.13821569 -0.8403752
237 -0.11640216 0.045376163 -0.89506423 -1.2059554 0.32283288
243 -0.13249587 0.2269774 -0.883166 -1.4200397 0.23618628
309 0.062618546 -0.108878575 -1.0513428 -0.679963 0.02288504
141 -0.012302932 0.032245003 -0.63183326 -1.3601016 0.13568383
224 -0.17844564 -0.3126767 -1.2499617 -0.27268428 -0.089900054
234 -0.011637901 0.25638407 -1.0225213 -1.1505144 0.02209195
155 0.004676143 0.38691983 -0.77520317 -1.0939865 -0.9318402
207 -0.33510795 0.15821765 -0.8622681 -0.8722517 -0.5577711
199 -0.21163389 -0.686733 -1.1288784 -0.091519944 -0.12360643
290 0.25761855 -0.09974579 -0.9134467 -0.7938603 -0.012270482
124 -0.14380713 -0.725979 -1.0152553 -0.06769956 -0.21811162
84 0.17720112 -0.26159674 -0.54892933 -1.1385916 0.16470943
270 -0.11548768 0.013195198 -1.086643 -0.5793787 -0.475259
205 -0.3182332 -0.6555626 -1.1963383 -0.08270593 -0.0953037
269 -0.14745511 -0.0010143595 -1.0735099 -0.5949918 -0.5077218
105 -0.038097877 -0.16692528 -0.9042437 -0.84889674 0.07495042
27 0.3795411 -1.6975602 -0.19123077 -0.4231158 -1.2058693
70 0.31878206 -0.029734429 -0.46260437 -1.3361846 -0.16311154
25 1.2761761 -2.322554 -0.3594204 -0.6245371 -0.7386738
98 0.5521883 -0.8249697 -1.2352543 -0.20999534 0.37015176
110 0.06569116 -0.055167194 -0.81655705 -1.073805 0.23100804
228 -0.28553244 -0.7977473 -1.0189147 -0.121086225 -0.040047456
89 -0.13300362 -0.11043142 -0.66701466 -1.1390865 0.17969032
195 -0.21172704 0.043049034 -0.7369457 -0.8578557 -0.5453381
265 0.15757674 0.11328446 -0.9221746 -0.948362 -0.1852867
264 0.19110878 -0.34217468 -1.0719198 -0.48897797 0.064874694
185 -0.1927741 -0.6674274 -0.7260572 -0.38335195 -0.15375319
231 0.12921798 -0.36935824 -1.0270139 -0.5354729 0.085716106
200 -0.14572105 -0.5488973 -1.3967409 -0.04525338 -0.11647576
227 -0.011402935 0.07189656 -0.942232 -1.1030536 0.16334133
88 0.039994914 -0.12047975 -0.843004 -0.8247232 -0.075721025
42 0.00490553 -1.1081519 -0.53761894 -0.462627 0.32891884
114 -0.072659224 -0.07331754 -0.74753785 -0.87216526 -0.20247379
208 0.12532279 -0.20229916 -0.9548816 -0.6402878 -0.13570195
279 0.030680003 -0.124687314 -0.98626184 -0.53651035 -0.30131057
238 -0.056772374 0.020426443 -0.84562516 -1.0798519 0.1139839
121 0.6455403 -0.6660476 -1.3935997 -0.1707734 0.1921025
117 0.12781799 -0.13295402 -0.76045555 -1.0160422 0.16629677
196 -0.1798519 -0.31744763 -0.8594427 -0.5612966 -0.07887195
122 -0.2117279 -0.089346856 -0.73134893 -0.77813244 -0.4619511
326 -0.9598151 -0.8627484 -1.279831 0.08913886 -0.6152236
165 -0.3753028 -0.86306775 -0.65283865 -0.33000445 -0.015972966
304 -0.10901808 -0.097845614 -0.9230458 -0.65013784 -0.29600328
244 -0.33136454 -0.7518819 -0.83249766 -0.27783006 -0.004752104
156 0.15556353 -0.11818037 -0.7739299 -0.98909426 0.03462307
294 -0.102665365 -0.14044373 -1.0309106 -0.49238506 -0.2306513
175 0.22965047 -0.36117396 -1.1345887 -0.4095354 0.04221422
1 0.6750137 -1.9964463 -0.24445584 -0.4413264 -1.0091801
285 0.14501125 -0.11594702 -0.8179632 -0.7705664 -0.24202996
180 -0.062010914 -0.060495738 -0.8973113 -0.8364235 -0.031589832
135 0.33369452 0.15351167 -0.7181673 -1.609942 0.28965923
257 0.17664829 -0.03175847 -1.1603295 -0.6408496 -0.110021405
278 0.026106516 -0.17114146 -1.1006855 -0.53279495 -0.0964998
2 0.6136053 -1.8152815 -0.30159482 -0.3887246 -0.9639759
193 -0.23624475 -0.7394164 -0.8400713 -0.20226662 -0.22496752
282 0.14064386 -0.027479073 -1.1552336 -0.52126896 -0.31189525
268 0.17205504 0.03711598 -1.1784483 -0.62216336 -0.179367
194 -0.094947144 -0.031443764 -0.6673206 -1.2086617 0.018719507
211 -0.0016039344 -0.084329866 -0.9412067 -0.8518822 -0.04814898
44 0.3435829 -0.3981566 -0.96467793 -0.6135096 0.24137689
187 0.21791261 -0.2119364 -0.8666635 -0.7972588 0.050243698
188 0.056796078 -0.2892301 -0.9499086 -0.49956992 -0.20966816
280 -0.01993335 -0.24277098 -0.9730012 -0.5987516 -0.04945559
289 -0.10995933 -0.15209687 -0.61005247 -0.9465129 -0.10816763
291 -0.0048866565 -0.23084389 -0.89110994 -0.6087885 -0.20210996
235 -0.2925666 -0.040154412 -0.8366181 -1.042903 0.057664715
236 -0.2029127 -0.84292674 -0.8051266 -0.23832925 -0.061539624
210 -0.042720124 -0.4010177 -0.5374432 -0.47881156 -0.18949272
52 -0.048842676 -0.28539887 -0.46599597 -0.5638892 -0.24033071
241 0.0050942088 -0.3018868 -0.5461724 -0.48146677 -0.27360487
247 0.01840882 -0.39490762 -0.5398583 -0.41930726 -0.24792159
178 0.040769752 -0.5063376 -0.5216715 -0.4075248 -0.20885897
43 -0.07527029 -0.28513244 -0.55549794 -0.5337895 -0.13313852
323 0.06081171 -0.32133383 -0.45626011 -0.5133992 -0.11304472
277 -0.060879864 -0.16898775 -0.46530032 -0.5692792 -0.18363336
