3.645321726799011230e-02,-1.259964406490325928e-01,1.120055168867111206e-01,-1.022071316838264465e-01,1.279965043067932129e-01
-2.223708480596542358e-02,-1.278830319643020630e-01,1.271684169769287109e-01,1.149825230240821838e-01,1.242251321673393250e-01
-7.049097865819931030e-02,7.384348660707473755e-02,5.271352827548980713e-02,9.143090248107910156e-02,1.595197245478630066e-02
1.264300048351287842e-01,4.217737540602684021e-02,2.854263223707675934e-02,-7.696175575256347656e-02,1.594202942214906216e-03
1.563758589327335358e-03,-1.612376049160957336e-02,8.218522369861602783e-02,-8.892550319433212280e-02,-8.879023790359497070e-02
6.005012243986129761e-02,1.345203374512493610e-03,-9.875060617923736572e-02,-1.958595588803291321e-02,-4.940532520413398743e-02
-5.448388867080211639e-03,4.433542490005493164e-04,1.116290539503097534e-01,-9.297510236501693726e-02,-3.952398523688316345e-02
-6.338703632354736328e-02,1.082259193062782288e-01,1.045460924506187439e-01,-4.973364621400833130e-02,-5.111756920814514160e-02
6.801483035087585449e-02,-8.735605329275131226e-02,5.678377300500869751e-02,3.781669959425926208e-02,1.045241579413414001e-01
-4.472105950117111206e-02,-2.047726325690746307e-02,-5.383066833019256592e-02,1.092504560947418213e-01,8.437123894691467285e-02
-1.167052388191223145e-01,-1.013799570500850677e-02,-1.622142270207405090e-02,-7.105596363544464111e-02,7.635116577148437500e-02
1.212646290659904480e-01,-9.838190674781799316e-02,-1.139014214277267456e-01,-7.231393456459045410e-02,1.579788140952587128e-02
-8.601513691246509552e-03,-1.869333535432815552e-02,6.687001138925552368e-02,-1.260395795106887817e-01,1.467321217060089111e-01
-5.650885403156280518e-02,-1.014444883912801743e-02,5.867983214557170868e-03,5.597127228975296021e-02,8.055550605058670044e-02
-1.189561933279037476e-02,3.937180712819099426e-02,6.140953395515680313e-03,-6.096860766410827637e-02,1.204968839883804321e-01
8.648450672626495361e-02,-8.986124396324157715e-02,-4.781313613057136536e-02,1.620112173259258270e-02,8.086419105529785156e-02
1.166030317544937134e-01,9.681365638971328735e-02,-9.827800095081329346e-02,-1.200002506375312805e-01,-8.062546700239181519e-02
-3.042857395485043526e-03,2.539271488785743713e-02,2.889054641127586365e-02,-5.972921475768089294e-02,7.563944160938262939e-02
-1.005855351686477661e-01,1.147505939006805420e-01,9.630958735942840576e-02,8.260146528482437134e-02,6.700043380260467529e-02
2.537157014012336731e-02,-1.461912542581558228e-01,1.248838305473327637e-01,-3.696332871913909912e-02,1.051338315010070801e-01
-7.692676782608032227e-02,4.940769821405410767e-02,8.468704763799905777e-04,-5.935772508382797241e-02,-2.018507942557334900e-02
1.726246252655982971e-02,1.490248367190361023e-02,8.986430242657661438e-03,-9.797765314579010010e-02,9.136015176773071289e-02
2.425258792936801910e-02,1.162781715393066406e-01,2.938286401331424713e-02,1.727515831589698792e-02,1.373400241136550903e-01
1.159165799617767334e-01,-8.276235312223434448e-02,-6.019403412938117981e-02,-1.619040593504905701e-02,-9.089472889900207520e-02
1.889637298882007599e-02,-1.998996734619140625e-02,-3.432470932602882385e-02,-6.231964752078056335e-02,2.387355454266071320e-02
-2.583901025354862213e-02,-1.063689887523651123e-01,6.980792433023452759e-02,-9.265161305665969849e-02,3.340075910091400146e-02
-8.439508825540542603e-02,4.091859608888626099e-02,-8.270223438739776611e-02,-1.192381680011749268e-01,-3.706663474440574646e-02
-9.013602882623672485e-02,1.127382516860961914e-01,7.908077538013458252e-02,-2.454803884029388428e-02,-2.788640931248664856e-02
-3.706860588863492012e-03,-8.286164700984954834e-02,-2.777093276381492615e-02,3.863438591361045837e-02,-8.386573940515518188e-02
1.034841835498809814e-01,-9.486805647611618042e-02,-1.458463072776794434e-02,-7.972764968872070312e-02,-6.892520189285278320e-02
-1.083555519580841064e-01,-4.538088291883468628e-02,1.374833583831787109e-01,2.791378088295459747e-02,6.645591463893651962e-03
1.075436100363731384e-01,-3.257800266146659851e-02,-1.066809967160224915e-01,-1.355075538158416748e-01,8.379089087247848511e-02
-1.256565749645233154e-01,-6.570828706026077271e-02,-2.424326166510581970e-02,-8.966036140918731689e-02,1.379741579294204712e-01
9.189680218696594238e-02,-2.214669249951839447e-02,7.571405172348022461e-02,-1.455932855606079102e-01,8.191268146038055420e-02
6.752305477857589722e-02,5.041167512536048889e-02,6.746267527341842651e-02,1.083864793181419373e-01,1.166046708822250366e-01
-9.291251190006732941e-03,7.703087478876113892e-02,1.416794955730438232e-01,-1.319291144609451294e-01,-8.121443912386894226e-03
-1.354741454124450684e-01,-2.358449250459671021e-02,1.139659211039543152e-01,-1.189539209008216858e-01,7.538521289825439453e-02
-6.675069779157638550e-02,-1.487273275852203369e-01,-3.617549687623977661e-02,1.250481009483337402e-01,-1.253436505794525146e-02
-1.363280266523361206e-01,-1.287997514009475708e-01,-4.805753380060195923e-02,7.783049345016479492e-02,1.046487167477607727e-01
6.339059025049209595e-02,1.038832440972328186e-01,8.074583113193511963e-02,-1.096794158220291138e-01,9.444528818130493164e-02
8.937083929777145386e-02,-1.352071464061737061e-01,-1.853338617365807295e-04,3.024470992386341095e-03,3.054163232445716858e-02
-5.676020309329032898e-02,8.456621319055557251e-02,5.460013076663017273e-02,-1.040375009179115295e-01,-9.949229657649993896e-02
-1.322043240070343018e-01,8.097796887159347534e-02,-9.554833918809890747e-02,-2.861228398978710175e-02,1.321826316416263580e-02
-1.223031952977180481e-01,-1.213603168725967407e-01,1.274580806493759155e-01,2.716087177395820618e-02,1.050760820508003235e-01
1.102606654167175293e-01,-4.174542799592018127e-02,-1.077686771750450134e-01,8.757788687944412231e-02,5.958653986454010010e-02
1.250687092542648315e-01,-9.872756153345108032e-02,-9.520144015550613403e-02,-5.728455632925033569e-02,6.932710856199264526e-02
8.947092294692993164e-02,-1.283433884382247925e-01,1.295828074216842651e-01,1.126460209488868713e-01,1.373928338289260864e-01
-3.332978114485740662e-02,-6.192833557724952698e-02,5.278643965721130371e-02,4.393143951892852783e-02,-1.063366606831550598e-01
-4.882999137043952942e-02,-7.313203066587448120e-02,7.141915708780288696e-02,-9.887715429067611694e-02,5.481586977839469910e-02
-5.638749152421951294e-02,-5.731023475527763367e-02,9.833259508013725281e-03,2.887790091335773468e-02,7.215530425310134888e-02
8.968659490346908569e-02,-3.080827184021472931e-02,7.465809583663940430e-02,5.728515610098838806e-02,3.718253225088119507e-02
-6.838799268007278442e-02,-1.649312488734722137e-02,5.813139677047729492e-02,1.317085474729537964e-01,5.888291168957948685e-03
-1.095371600240468979e-02,9.196598082780838013e-02,8.455318957567214966e-02,8.191756904125213623e-02,-5.732519086450338364e-03
-1.205679848790168762e-01,-2.243821742013096809e-03,-1.237646862864494324e-01,1.940592937171459198e-02,-8.350895345211029053e-02
-5.284879356622695923e-02,8.856028318405151367e-02,9.683389961719512939e-02,7.922924309968948364e-02,-6.142392754554748535e-02
-1.268019806593656540e-02,-2.198073826730251312e-02,-5.510752089321613312e-03,1.002378761768341064e-01,1.083581596612930298e-01
7.151948660612106323e-02,-3.591156005859375000e-02,-4.974221438169479370e-02,-4.633298888802528381e-02,3.815592452883720398e-02
8.609991520643234253e-02,5.652202758938074112e-03,1.282697916030883789e-01,1.214962154626846313e-01,9.968549758195877075e-02
1.291784364730119705e-02,-8.773478120565414429e-02,2.927718311548233032e-02,9.076315909624099731e-02,-1.044883653521537781e-01
-2.875689044594764709e-02,-6.102650985121726990e-02,5.957969930022954941e-03,-1.819329708814620972e-02,8.873982354998588562e-03
5.726638436317443848e-02,-1.143014430999755859e-01,-1.804362796247005463e-02,-5.842735245823860168e-02,-5.559242889285087585e-02
1.241786330938339233e-01,8.020208775997161865e-02,8.272270858287811279e-02,-4.143346473574638367e-02,1.236652657389640808e-01
6.488889455795288086e-02,9.505765885114669800e-02,-8.091941475868225098e-03,9.823019057512283325e-02,-7.195463776588439941e-02
5.979467928409576416e-02,-6.944049149751663208e-03,2.325528487563133240e-02,-7.162828743457794189e-02,9.041023999452590942e-02
-8.928643167018890381e-02,-4.534569755196571350e-02,-4.858537390828132629e-02,-5.732395872473716736e-02,-3.876916319131851196e-02
-7.314018905162811279e-02,-4.288763552904129028e-02,5.833864584565162659e-02,-1.064566150307655334e-01,-1.204009577631950378e-01
3.177455160766839981e-03,4.695410281419754028e-02,-5.842421203851699829e-02,-9.556892514228820801e-02,-7.596965879201889038e-02
-9.228952974081039429e-02,1.380241513252258301e-01,-1.257148385047912598e-01,4.801198467612266541e-02,-1.487504243850708008e-01
-2.906423434615135193e-02,-8.836713433265686035e-02,-1.217250823974609375e-01,-1.390181332826614380e-01,4.599078744649887085e-02
3.523134812712669373e-02,7.598248869180679321e-02,-3.438052907586097717e-02,-8.919546008110046387e-02,1.355313062667846680e-01
1.238254159688949585e-01,-1.013195812702178955e-01,8.869848400354385376e-02,-2.097314596176147461e-02,1.044205129146575928e-01
-8.063127845525741577e-02,-3.164405375719070435e-02,8.971502073109149933e-03,8.370727300643920898e-02,-2.349422127008438110e-02
7.007526606321334839e-02,9.201129525899887085e-02,7.031155377626419067e-02,-7.124257832765579224e-02,-3.567464277148246765e-02
-2.036739140748977661e-02,-1.034608334302902222e-01,-6.138095259666442871e-02,-8.310413919389247894e-03,2.333779586479067802e-03
3.032225184142589569e-02,3.262837231159210205e-02,-2.474481239914894104e-03,1.702155359089374542e-02,-5.544008687138557434e-02
-5.480250716209411621e-02,1.613394543528556824e-02,8.795840665698051453e-03,-1.346490979194641113e-01,4.891921952366828918e-02
-9.988461434841156006e-02,1.011999100446701050e-01,3.367882221937179565e-02,-5.905407294631004333e-02,1.200970411300659180e-01
1.579392142593860626e-02,-9.463145583868026733e-02,5.339810252189636230e-02,-5.140173435211181641e-02,8.475240319967269897e-02
1.053336709737777710e-01,-7.307704538106918335e-02,-8.620382845401763916e-02,9.665761142969131470e-02,1.084894500672817230e-02
3.255084902048110962e-02,3.088089264929294586e-02,-1.271053869277238846e-02,4.454779624938964844e-02,-5.687199532985687256e-02
-3.348061442375183105e-02,9.391896426677703857e-02,-1.076610386371612549e-02,-2.880602329969406128e-02,8.586532622575759888e-02
-4.973703995347023010e-02,-9.599981456995010376e-02,-1.932105422019958496e-02,5.992362275719642639e-02,1.191030368208885193e-01
-1.391588747501373291e-01,9.454039484262466431e-02,5.381044000387191772e-02,6.070990115404129028e-02,-4.046425968408584595e-02
-8.377928286790847778e-02,8.562232367694377899e-03,-4.881358519196510315e-02,-7.156273722648620605e-02,-5.442473292350769043e-02
-3.089035861194133759e-03,-8.472222089767456055e-02,-6.173289148136973381e-04,-1.302166189998388290e-02,-2.122562378644943237e-02
4.537601023912429810e-02,9.353310614824295044e-02,-8.673910796642303467e-02,-2.231751196086406708e-02,-4.569960758090019226e-02
5.563332140445709229e-02,-1.267639100551605225e-01,5.398297682404518127e-02,1.070275809615850449e-02,-2.291678451001644135e-02
-1.971379853785037994e-02,-1.257371157407760620e-01,2.822798863053321838e-02,2.355475910007953644e-03,4.149587079882621765e-02
8.495613932609558105e-02,-5.709257721900939941e-02,8.168972283601760864e-02,-3.098118677735328674e-02,8.354094624519348145e-02
-1.374048441648483276e-01,-7.776454836130142212e-02,1.263400018215179443e-01,-1.362828463315963745e-01,1.277819275856018066e-01
1.792289782315492630e-03,-4.960061609745025635e-02,1.836003735661506653e-02,-8.390862494707107544e-02,8.204535394906997681e-02
7.865717634558677673e-03,-5.844051763415336609e-02,8.935037255287170410e-02,1.307099163532257080e-01,1.106363013386726379e-01
1.345432102680206299e-01,8.839347213506698608e-02,-4.871528223156929016e-02,-1.036401242017745972e-01,-1.362095624208450317e-01
-1.376824527978897095e-01,1.040693745017051697e-01,4.180209338665008545e-02,1.190541312098503113e-01,-9.601622074842453003e-02
-1.133347302675247192e-01,-9.777027182281017303e-03,1.193266808986663818e-01,-7.703793793916702271e-02,-2.372232824563980103e-02
-2.339678816497325897e-02,6.886459141969680786e-02,6.805843114852905273e-02,2.784164063632488251e-02,3.005325980484485626e-02
-7.004601508378982544e-02,-5.650105327367782593e-02,1.339989155530929565e-01,-2.385147818131372333e-04,-1.121779978275299072e-01
1.933843456208705902e-02,-4.959200695157051086e-02,-1.073271706700325012e-01,6.677040457725524902e-02,1.326248645782470703e-01
-1.821969822049140930e-02,-9.948898851871490479e-02,2.054877579212188721e-02,-9.823119267821311951e-03,-2.615374885499477386e-02
-6.523181498050689697e-02,3.226827830076217651e-02,6.523463129997253418e-02,1.133018359541893005e-01,2.957024425268173218e-02
-9.798400104045867920e-02,-5.169390887022018433e-02,1.027117520570755005e-01,-2.033424004912376404e-02,-5.460821837186813354e-02
1.252659261226654053e-01,-5.410879850387573242e-02,-3.702306374907493591e-02,1.093474477529525757e-01,6.491294130682945251e-03
5.267051234841346741e-02,-6.754556298255920410e-02,2.212959155440330505e-02,-1.182922571897506714e-01,-5.046559870243072510e-02
-3.291751816868782043e-02,-9.364466369152069092e-02,1.099374145269393921e-01,-1.072663813829421997e-01,-4.224801436066627502e-02
-1.048814225941896439e-02,-1.433242112398147583e-01,1.134775057435035706e-01,1.232152730226516724e-01,-1.220350619405508041e-03
1.110492572188377380e-01,2.416528295725584030e-04,-7.733920123428106308e-03,-1.031405478715896606e-01,2.167279459536075592e-02
1.104673668742179871e-01,-4.826525226235389709e-02,8.899275213479995728e-02,9.248103946447372437e-02,-8.978793025016784668e-02
-3.644604235887527466e-02,-4.345761239528656006e-02,-1.939672511070966721e-03,7.674324512481689453e-02,1.723544485867023468e-02
-1.372205317020416260e-01,5.575090274214744568e-02,1.506816409528255463e-02,6.475109606981277466e-02,1.431611627340316772e-01
-8.958072215318679810e-02,1.436757147312164307e-01,-1.321984976530075073e-01,1.140126064419746399e-01,-4.675195366144180298e-02
9.435355663299560547e-02,8.769931644201278687e-02,1.042749285697937012e-01,-4.137244448065757751e-02,4.303578659892082214e-02
-1.308669000864028931e-01,9.679795056581497192e-02,-7.042064680717885494e-04,2.453751116991043091e-02,-1.788481324911117554e-02
-1.152233108878135681e-01,6.367227435111999512e-02,-2.225488424301147461e-05,-1.080795675516128540e-01,5.179975926876068115e-02
-9.823337197303771973e-02,8.825634419918060303e-02,-9.187143296003341675e-02,-8.271046727895736694e-02,-5.196541547775268555e-02
9.160999953746795654e-02,9.661847725510597229e-03,-1.247908398509025574e-01,9.274891344830393791e-04,8.939949423074722290e-02
-8.321890980005264282e-02,9.686640650033950806e-02,9.308947622776031494e-02,-4.326279088854789734e-02,-8.428048342466354370e-02
-3.528624027967453003e-02,9.462094865739345551e-03,-5.470196902751922607e-02,-6.304578483104705811e-02,9.972623735666275024e-02
6.882464885711669922e-02,4.418897628784179688e-02,-5.394993722438812256e-02,-6.680507957935333252e-02,-6.366515904664993286e-02
7.322537712752819061e-03,1.162808686494827271e-01,-1.265495717525482178e-01,-6.791736185550689697e-02,8.050072938203811646e-02
-8.420725911855697632e-02,5.461315810680389404e-02,-9.146668761968612671e-02,-2.754920907318592072e-02,-1.522874981164932251e-01
-7.576103508472442627e-02,-1.040021628141403198e-01,-3.264104202389717102e-02,2.960278280079364777e-02,-6.489029526710510254e-02
8.334033191204071045e-02,3.661728277802467346e-02,-1.014120578765869141e-01,-9.564229846000671387e-02,2.018650434911251068e-02
3.352660685777664185e-02,-1.267681866884231567e-01,-7.053364068269729614e-02,6.916986405849456787e-02,5.933777429163455963e-03
3.728458285331726074e-02,-5.271305795758962631e-03,-1.238465234637260437e-01,2.771426364779472351e-02,9.547308832406997681e-02
-1.076860874891281128e-01,-5.507574975490570068e-02,2.533000893890857697e-02,-3.479262068867683411e-02,-3.224388509988784790e-02
-3.007948957383632660e-02,5.084621906280517578e-02,-6.028030533343553543e-03,-2.312796935439109802e-02,4.385111480951309204e-02
-1.158225908875465393e-01,-1.045774593949317932e-01,-1.126245334744453430e-01,2.150783129036426544e-02,-3.442364931106567383e-02
1.218311488628387451e-01,-1.158431731164455414e-02,-1.184705346822738647e-01,1.937244646251201630e-02,1.480559725314378738e-02
-7.769204676151275635e-02,1.189504489302635193e-01,-1.023779213428497314e-01,3.107384033501148224e-02,9.681841358542442322e-03
-2.550705336034297943e-02,-3.348210826516151428e-02,6.485161185264587402e-02,-3.270174190402030945e-02,4.034186527132987976e-02
-9.297380596399307251e-02,-2.723045833408832550e-02,9.168130159378051758e-02,-1.413894593715667725e-01,1.201868131756782532e-01
4.781435057520866394e-02,1.432959884405136108e-01,5.747645720839500427e-02,-1.681300252676010132e-02,1.251209061592817307e-02
-1.067148298025131226e-01,7.190442830324172974e-02,9.131187945604324341e-02,6.504031270742416382e-02,-2.856431342661380768e-02
-2.223542146384716034e-02,7.171631604433059692e-02,-1.592340320348739624e-02,5.866304039955139160e-02,1.117249056696891785e-01
-4.949977248907089233e-02,8.783663064241409302e-02,4.603887721896171570e-02,7.862972468137741089e-02,-9.330601990222930908e-02
-8.086074143648147583e-02,1.460642181336879730e-02,-1.148207336664199829e-01,-7.521680742502212524e-02,1.252382397651672363e-01
1.243833750486373901e-01,7.188996672630310059e-02,9.523966908454895020e-02,-8.141326159238815308e-02,1.301096528768539429e-01
-3.868133574724197388e-02,5.200068932026624680e-03,9.852015227079391479e-02,5.002058297395706177e-02,1.108329370617866516e-01
-6.479004025459289551e-02,-5.474320054054260254e-02,4.166115447878837585e-02,5.562790855765342712e-02,3.453474119305610657e-02
-1.151495426893234253e-01,7.625472545623779297e-02,1.086052954196929932e-01,-1.504304911941289902e-02,-2.549610845744609833e-02
2.197564952075481415e-02,1.036037653684616089e-01,-4.418110474944114685e-02,3.181077912449836731e-02,6.682123243808746338e-02
-1.290603131055831909e-01,-4.448178783059120178e-02,3.763597924262285233e-03,-5.326542258262634277e-02,7.288069278001785278e-02
8.375643193721771240e-02,2.331423573195934296e-02,5.411578342318534851e-03,3.601197525858879089e-02,1.506068706512451172e-01
1.152734905481338501e-01,-7.358865439891815186e-02,3.998558595776557922e-02,-8.625454455614089966e-02,5.897907540202140808e-02
-1.216211393475532532e-01,-7.374475151300430298e-02,-1.204604655504226685e-01,1.066965609788894653e-01,-1.434736996889114380e-01
-1.104522570967674255e-01,-3.743362054228782654e-02,-1.340882945805788040e-02,-8.767224103212356567e-02,5.971333757042884827e-02
6.016631051898002625e-02,-2.261210791766643524e-02,-4.066474363207817078e-02,1.017051339149475098e-01,7.529276609420776367e-02
-1.086944937705993652e-01,6.552685052156448364e-02,1.196824386715888977e-02,2.387583069503307343e-02,-1.454797834157943726e-01
4.724817723035812378e-02,9.961123578250408173e-03,1.402997691184282303e-02,7.499265670776367188e-02,4.546464979648590088e-02
6.146652624011039734e-02,8.230139315128326416e-02,9.272436797618865967e-02,-7.477913796901702881e-02,-8.989067375659942627e-02
-1.175018399953842163e-01,-7.229555398225784302e-02,-5.900408327579498291e-02,-7.267842441797256470e-02,-4.776480421423912048e-02
7.178654521703720093e-02,7.026746124029159546e-02,7.359014451503753662e-02,7.125346362590789795e-02,1.420991569757461548e-01
-3.694532811641693115e-02,1.130052432417869568e-01,7.416214048862457275e-02,3.851829096674919128e-02,5.505391955375671387e-02
-9.290405362844467163e-02,7.137691974639892578e-02,-5.078172311186790466e-03,-5.661306902766227722e-02,8.376438915729522705e-02
8.818210661411285400e-02,-9.187542647123336792e-02,1.056287959218025208e-01,-8.498855680227279663e-02,-2.672660537064075470e-02
4.131599515676498413e-02,-8.691062033176422119e-02,-3.775217384099960327e-02,6.729366630315780640e-02,5.087715107947587967e-03
1.117689162492752075e-01,6.015961617231369019e-02,-8.003412932157516479e-02,-6.745197623968124390e-02,-2.822190988808870316e-03
2.453199587762355804e-03,8.128818869590759277e-02,-5.614471435546875000e-02,-2.584820799529552460e-02,9.691155701875686646e-02
9.580729529261589050e-03,3.102057240903377533e-02,-8.740726113319396973e-02,6.071250513195991516e-02,-9.485919028520584106e-02
1.128173395991325378e-01,-1.150775998830795288e-01,6.715436279773712158e-02,-8.583343029022216797e-02,-1.014170199632644653e-01
1.130509451031684875e-01,1.076675504446029663e-01,2.195745147764682770e-02,-1.326871514320373535e-01,7.499800622463226318e-02
4.634257033467292786e-02,-6.545873731374740601e-02,1.484674308449029922e-02,4.859070479869842529e-02,-7.088092621415853500e-03
6.053140759468078613e-02,1.750541664659976959e-02,4.905300959944725037e-02,1.200807988643646240e-01,-1.077780406922101974e-02
-5.819034762680530548e-03,2.696131914854049683e-02,-5.912844464182853699e-02,6.807617098093032837e-02,4.223725944757461548e-02
3.005395457148551941e-02,6.918162107467651367e-02,-5.653942003846168518e-02,1.028230190277099609e-01,-2.831553667783737183e-02
-6.334689259529113770e-02,1.083638966083526611e-01,-1.133983880281448364e-01,-1.093326285481452942e-01,8.361616730690002441e-02
-5.444533750414848328e-02,1.026465091854333878e-02,-5.088489875197410583e-02,6.714395247399806976e-03,-4.802738875150680542e-02
1.149703487753868103e-01,-4.263773933053016663e-02,-7.314784079790115356e-02,-1.295681297779083252e-02,-2.343651605769991875e-03
1.017808690667152405e-01,9.747858345508575439e-02,-3.893655911087989807e-02,-4.423461109399795532e-02,7.310301810503005981e-02
3.695332270581275225e-05,-3.811627998948097229e-02,-1.450501475483179092e-02,-1.195709779858589172e-01,-8.346714824438095093e-02
7.301910221576690674e-02,4.382113739848136902e-02,-2.562617510557174683e-02,-1.015070229768753052e-01,-6.584165245294570923e-02
-1.053908467292785645e-01,-1.376105099916458130e-01,-9.221515804529190063e-02,-8.808398991823196411e-02,-9.031216055154800415e-02
4.280951619148254395e-02,1.393684446811676025e-01,-2.722475118935108185e-02,1.234277188777923584e-01,2.402972616255283356e-02
-1.339644640684127808e-01,2.860816568136215210e-02,5.140722915530204773e-02,-6.267955154180526733e-02,-1.032464876770973206e-01
-3.758225589990615845e-02,1.811153627932071686e-02,-3.715916723012924194e-02,-2.154428511857986450e-02,-1.153421476483345032e-01
1.052691861987113953e-01,-4.299876466393470764e-02,5.502743646502494812e-02,-5.637509003281593323e-02,3.351800888776779175e-02
9.899056702852249146e-02,1.785823516547679901e-02,7.501804828643798828e-02,-4.074389487504959106e-02,5.460733920335769653e-02
5.900277569890022278e-02,8.542533218860626221e-02,-2.585362829267978668e-02,-6.953931599855422974e-02,-2.130153402686119080e-02
1.015223264694213867e-01,4.437037557363510132e-02,5.434714257717132568e-02,1.553240045905113220e-02,7.897010445594787598e-02
4.777329042553901672e-02,1.219101250171661377e-01,1.082891076803207397e-01,1.344508826732635498e-01,-9.156869351863861084e-02
-1.108682900667190552e-01,-2.824325347319245338e-04,-1.129768863320350647e-01,-6.284727901220321655e-02,-9.790647029876708984e-02
-6.067936122417449951e-02,-9.324910491704940796e-02,7.912125438451766968e-02,1.103559210896492004e-01,-2.833724021911621094e-02
1.361427307128906250e-01,4.839465767145156860e-02,-8.036207407712936401e-02,-6.832037121057510376e-02,-1.249623745679855347e-01
-6.983000785112380981e-02,1.180642321705818176e-01,-8.419382572174072266e-02,8.027316629886627197e-02,-5.352826789021492004e-02
5.463856458663940430e-02,-9.339164197444915771e-02,-1.161636263132095337e-01,-9.899870306253433228e-02,1.411646008491516113e-01
6.520587205886840820e-02,6.717037409543991089e-02,-6.263715680688619614e-03,-9.837016463279724121e-03,5.395867303013801575e-02
3.751297481358051300e-03,-1.615148037672042847e-02,3.977588936686515808e-02,3.472612425684928894e-02,1.352200508117675781e-01
-1.152589768171310425e-01,1.321826037019491196e-02,1.382536441087722778e-01,1.036564037203788757e-01,4.515086114406585693e-02
-9.195327758789062500e-02,-2.295523136854171753e-02,-8.361586183309555054e-02,4.525293782353401184e-02,-5.492003634572029114e-02
-1.070754453539848328e-01,-5.324577912688255310e-03,-1.168538331985473633e-01,1.112054213881492615e-01,-7.239410281181335449e-02
-9.177008271217346191e-02,3.775359690189361572e-02,-8.910734951496124268e-02,-6.714904308319091797e-02,-4.613943770527839661e-02
2.598026394844055176e-02,2.260771021246910095e-02,-4.385242983698844910e-02,-6.473781168460845947e-02,1.027864143252372742e-01
1.985057070851325989e-02,8.557996153831481934e-02,-9.567375481128692627e-02,-4.584906995296478271e-02,3.747122362256050110e-02
3.926536440849304199e-02,5.762727931141853333e-02,-1.127552017569541931e-01,-1.349693685770034790e-01,-5.219760537147521973e-02
8.481968939304351807e-02,1.544132735580205917e-02,9.400181472301483154e-02,-3.737897053360939026e-02,-8.870042860507965088e-02
-4.996684845536947250e-03,-5.196376144886016846e-02,3.471781313419342041e-02,1.038617789745330811e-01,-2.712798863649368286e-02
5.584959685802459717e-02,9.414483793079853058e-03,-1.027591302990913391e-01,-2.904387563467025757e-02,-1.011399999260902405e-01
-1.776993647217750549e-02,4.667588695883750916e-02,-9.891074150800704956e-02,-7.626263052225112915e-02,-1.207025945186614990e-01
-2.678619138896465302e-02,-7.254598289728164673e-02,6.830193102359771729e-02,6.179386749863624573e-02,-2.705240808427333832e-02
-7.060346007347106934e-02,5.973358079791069031e-02,-1.240042969584465027e-01,-3.000427596271038055e-02,-9.629203379154205322e-02
-6.446509156376123428e-03,-7.328212261199951172e-02,-2.793059684336185455e-03,3.684764727950096130e-02,9.912969917058944702e-02
-9.695003926753997803e-02,8.356072008609771729e-02,-5.451959092170000076e-03,-7.104877382516860962e-02,-1.125931665301322937e-01
2.712797187268733978e-02,3.848059847950935364e-02,-3.542383760213851929e-02,-1.684688590466976166e-02,4.512029886245727539e-02
-1.176827549934387207e-01,1.237565875053405762e-01,-3.368243575096130371e-02,1.367022246122360229e-01,4.226005077362060547e-02
5.843419209122657776e-02,4.472976922988891602e-02,8.515557646751403809e-02,6.955427676439285278e-02,-1.011962909251451492e-02
-9.993595629930496216e-02,-1.524949166923761368e-02,-5.828415602445602417e-02,4.167357832193374634e-02,-1.594492816366255283e-03
-3.214952722191810608e-02,7.473199814558029175e-02,4.903616011142730713e-02,-1.354230195283889771e-01,-2.064128778874874115e-02
-6.044384092092514038e-03,1.704949140548706055e-02,-8.633658289909362793e-02,-8.485910296440124512e-02,8.029758930206298828e-02
-1.269989907741546631e-01,-9.177374094724655151e-02,6.881088018417358398e-02,5.755213648080825806e-02,1.174703314900398254e-01
3.146063536405563354e-02,-4.950211942195892334e-02,9.593203663825988770e-02,-9.252855181694030762e-02,6.060065701603889465e-02
1.396653521806001663e-02,1.300624571740627289e-02,5.647557601332664490e-02,-2.926537394523620605e-02,-4.332870617508888245e-02
1.240809541195631027e-02,9.991881251335144043e-02,3.122112527489662170e-02,-1.144891083240509033e-01,-1.179843209683895111e-02
-4.434057697653770447e-02,3.951608389616012573e-02,-7.548611611127853394e-02,1.183073967695236206e-01,-5.371902510523796082e-02
-1.314496994018554688e-02,1.074006110429763794e-01,-1.123636960983276367e-03,-1.297591924667358398e-01,-8.480808883905410767e-02
9.743667393922805786e-02,-1.149804964661598206e-01,7.043769955635070801e-02,-4.008249938488006592e-02,-9.155736118555068970e-02
-1.488060690462589264e-02,-1.089462265372276306e-01,-4.283946380019187927e-02,1.121855303645133972e-01,8.712083101272583008e-02
1.016666442155838013e-01,-4.751984402537345886e-02,-1.195626556873321533e-01,5.884407460689544678e-02,-1.445063482969999313e-02
1.415387541055679321e-01,-1.020619459450244904e-02,-1.007179841399192810e-01,3.373121470212936401e-02,6.536398082971572876e-02
4.677881300449371338e-02,6.179740279912948608e-02,-3.599526360630989075e-02,-6.961409747600555420e-02,8.263278752565383911e-02
-2.431473508477210999e-02,-1.113626509904861450e-01,7.908145897090435028e-03,1.247283071279525757e-01,4.910150915384292603e-02
5.927010625600814819e-02,9.390776604413986206e-02,-1.030981615185737610e-01,-1.258565187454223633e-01,1.158155873417854309e-01
-2.820203080773353577e-02,1.439040303230285645e-01,6.546373665332794189e-02,-8.342824131250381470e-02,9.872002527117729187e-03
9.156438522040843964e-03,1.155831888318061829e-01,-1.279531866312026978e-01,1.383512467145919800e-02,-1.204930096864700317e-01
7.733071688562631607e-03,-1.286076307296752930e-01,-7.479589432477951050e-02,-1.062308922410011292e-01,-6.675650924444198608e-02
-2.033280953764915466e-02,-1.108046174049377441e-01,-3.076351480558514595e-03,-9.893203526735305786e-02,2.229430526494979858e-02
8.367245644330978394e-02,-3.414275869727134705e-02,8.764985203742980957e-02,-4.449681937694549561e-02,2.391617372632026672e-02
-2.508110925555229187e-02,1.005032006651163101e-02,3.415203420445322990e-03,-1.189040169119834900e-01,2.663136273622512817e-02
1.470955647528171539e-02,-1.036629825830459595e-01,-7.124426215887069702e-02,3.749124705791473389e-02,-9.383810311555862427e-02
-9.945481270551681519e-02,-4.513416066765785217e-02,-2.012646757066249847e-02,-9.702608734369277954e-02,3.583916276693344116e-02
-7.176671922206878662e-02,-7.274225354194641113e-02,8.286204934120178223e-02,-2.949097007513046265e-02,-5.842653289437294006e-02
-1.187583953142166138e-01,-9.218011796474456787e-02,1.224341765046119690e-01,-2.263724431395530701e-02,-7.695717364549636841e-02
3.263070061802864075e-02,-1.448422297835350037e-02,9.028171002864837646e-02,6.923886016011238098e-03,-9.037934243679046631e-02
1.100663747638463974e-02,1.385000795125961304e-01,-9.838858991861343384e-02,-7.638490945100784302e-02,1.094036549329757690e-01
6.987726688385009766e-02,1.378199011087417603e-01,6.337311118841171265e-03,-6.410595029592514038e-02,-8.932249620556831360e-03
1.531876530498266220e-02,6.316358596086502075e-02,3.554788976907730103e-02,-2.087865397334098816e-02,-1.141298338770866394e-01
-2.400257997214794159e-02,4.363077878952026367e-02,2.503014169633388519e-02,-1.424074638634920120e-02,9.412816166877746582e-02
1.051126495003700256e-01,1.108511164784431458e-02,-1.297272145748138428e-01,-1.124829426407814026e-01,-5.107981711626052856e-02
1.080632582306861877e-02,1.872856356203556061e-02,2.323058061301708221e-02,6.000442430377006531e-02,-2.924736775457859039e-02
8.676162362098693848e-02,-6.224231049418449402e-02,9.133045375347137451e-02,-8.434803783893585205e-02,-1.114619523286819458e-01
-2.855327911674976349e-02,3.686139360070228577e-02,-1.064860299229621887e-01,1.261920183897018433e-01,8.379517495632171631e-02
8.488941192626953125e-02,5.986149609088897705e-02,8.037390559911727905e-02,2.862777747213840485e-02,-7.992436736822128296e-02
1.399138662964105606e-02,-6.358718872070312500e-02,-7.761683315038681030e-02,1.516560371965169907e-02,-9.809274226427078247e-02
-1.331550031900405884e-01,1.319799851626157761e-02,-6.053516990505158901e-04,-9.996882081031799316e-02,1.057887300848960876e-01
5.145959183573722839e-02,-1.087118834257125854e-01,-4.717531427741050720e-02,-7.734625041484832764e-02,-8.354727923870086670e-02
3.889365866780281067e-02,9.537482261657714844e-02,-9.178987145423889160e-02,-1.210936456918716431e-01,-2.550799027085304260e-02
-9.470990300178527832e-02,6.079243496060371399e-02,-8.226229995489120483e-02,7.571783661842346191e-02,3.524873033165931702e-02
5.962746590375900269e-02,-4.012655466794967651e-02,1.201710626482963562e-01,9.942007064819335938e-02,-4.414569586515426636e-02
7.319600321352481842e-03,-1.185444593429565430e-01,2.328455820679664612e-02,7.991372793912887573e-02,-2.867844514548778534e-02
-3.325616475194692612e-03,-4.748707264661788940e-02,1.155042722821235657e-01,5.047138407826423645e-02,6.056452915072441101e-02
-3.603696450591087341e-02,-3.858516737818717957e-02,2.515072003006935120e-03,-2.335807681083679199e-02,7.204335927963256836e-02
-5.831585451960563660e-02,9.916531294584274292e-02,-5.832052603363990784e-02,8.303121477365493774e-02,5.383709818124771118e-02
-2.432667091488838196e-02,-9.861756861209869385e-02,5.946441367268562317e-02,1.009047105908393860e-01,1.384620554745197296e-02
4.587331041693687439e-02,6.563708931207656860e-02,7.475247979164123535e-02,2.346246503293514252e-02,-1.061882302165031433e-01
4.223774373531341553e-02,5.266769602894783020e-02,1.236140653491020203e-01,-9.740312397480010986e-02,-4.902993328869342804e-03
-1.424734713509678841e-03,-5.647706240415573120e-02,1.087200120091438293e-01,-1.122891902923583984e-01,1.901950873434543610e-02
-4.242391732987016439e-04,3.327367827296257019e-02,4.691823571920394897e-02,5.642251297831535339e-02,4.154358059167861938e-02
-6.562289316207170486e-03,-2.516479417681694031e-02,3.049868717789649963e-02,-5.795791745185852051e-02,-4.329333081841468811e-02
6.074064970016479492e-02,-1.316880583763122559e-01,-1.299191266298294067e-01,-8.617772161960601807e-02,-4.603967070579528809e-03
-8.460844401270151138e-04,1.263854205608367920e-01,5.193277075886726379e-02,-6.510493811219930649e-03,-6.444472074508666992e-02
-2.323814854025840759e-02,7.279666513204574585e-02,1.717765443027019501e-02,9.939272701740264893e-02,5.550658330321311951e-02
-2.808391675353050232e-02,1.787461712956428528e-02,4.190332442522048950e-02,7.456460595130920410e-02,6.401563435792922974e-02
8.568325638771057129e-02,-8.073016256093978882e-02,-1.059056743979454041e-01,-7.120562344789505005e-02,2.727839164435863495e-02
2.241182513535022736e-02,-5.388708785176277161e-02,6.480448693037033081e-02,-1.238076090812683105e-01,-5.640813335776329041e-02
1.035506054759025574e-01,-2.171412482857704163e-02,-9.756871312856674194e-02,7.369767874479293823e-02,-1.412498354911804199e-01
-7.349959760904312134e-02,7.273430377244949341e-02,1.271617263555526733e-01,-3.876381739974021912e-02,-9.123222529888153076e-02
4.227932076901197433e-03,1.088088750839233398e-01,1.031255647540092468e-01,1.072651669383049011e-01,5.524930357933044434e-02
-1.140946522355079651e-01,7.724948972463607788e-02,-2.028756402432918549e-02,1.219028979539871216e-01,1.648953929543495178e-02
4.085419699549674988e-03,-2.607845701277256012e-02,-1.173714250326156616e-01,5.672088265419006348e-02,7.102990150451660156e-02
-7.773619145154953003e-02,-9.205265901982784271e-03,-9.039195254445075989e-03,-8.729211986064910889e-02,6.636936217546463013e-02
-1.279612779617309570e-01,-1.346950083971023560e-01,-1.190505325794219971e-01,-1.109568551182746887e-01,2.801475301384925842e-02
1.180463507771492004e-01,-4.825996980071067810e-02,-8.246640861034393311e-02,6.396548356860876083e-03,8.896927535533905029e-02
-5.720127373933792114e-02,2.739889360964298248e-02,-1.903876662254333496e-02,-1.150583550333976746e-01,-1.096779853105545044e-01
-9.649693965911865234e-02,6.229698192328214645e-04,-1.232150122523307800e-01,-1.075015962123870850e-01,1.235196366906166077e-01
1.229460462927818298e-01,5.904763936996459961e-02,1.103579029440879822e-01,8.214431256055831909e-02,5.674812127836048603e-04
-1.197293400764465332e-01,-5.178746208548545837e-02,-1.181650385260581970e-01,-2.278937399387359619e-02,-6.126001104712486267e-02
-2.144236117601394653e-02,3.100324049592018127e-02,-4.521699994802474976e-02,-5.785457044839859009e-02,-7.240964472293853760e-02
3.220006823539733887e-02,4.487596452236175537e-02,3.993043676018714905e-02,-9.177460521459579468e-02,-1.348603516817092896e-02
8.015027642250061035e-02,5.757420510053634644e-02,-5.737085267901420593e-02,-1.098849996924400330e-01,1.225718110799789429e-01
5.997378844767808914e-03,-4.304042458534240723e-02,9.865041822195053101e-02,-6.057254597544670105e-02,1.371375769376754761e-01
-2.221949864178895950e-03,9.742390364408493042e-02,-1.355225443840026855e-01,-6.373563315719366074e-03,-8.382473886013031006e-02
1.206300035119056702e-01,-1.073458567261695862e-01,-2.979525364935398102e-02,-4.199909791350364685e-02,-3.646861016750335693e-02
1.019679233431816101e-01,4.255180433392524719e-02,2.390702255070209503e-02,1.023576706647872925e-01,1.145377457141876221e-01
-5.088842660188674927e-02,9.628025814890861511e-03,-1.515696523711085320e-03,6.448488682508468628e-02,7.156109064817428589e-02
3.880405053496360779e-02,-8.421838283538818359e-02,7.022328674793243408e-02,-9.712565690279006958e-02,4.007995128631591797e-02
-3.775084018707275391e-02,1.480075716972351074e-01,3.877069428563117981e-02,3.656035661697387695e-02,1.022251099348068237e-01
7.413974963128566742e-03,-4.655858129262924194e-02,-8.103892952203750610e-02,-2.067877724766731262e-02,-1.656475476920604706e-02
-9.179330430924892426e-03,-6.482779979705810547e-02,7.582287490367889404e-02,-1.195816695690155029e-02,1.070476099848747253e-01
-2.491159923374652863e-02,-1.520453765988349915e-02,5.168753862380981445e-02,9.385591745376586914e-02,-8.664355427026748657e-02
-3.559621423482894897e-02,-3.287767246365547180e-02,5.303107667714357376e-03,3.969016671180725098e-02,7.490359991788864136e-02
-1.514852419495582581e-02,2.167122252285480499e-02,6.671274453401565552e-02,-3.458495065569877625e-02,7.354155182838439941e-02
1.067013666033744812e-01,7.598379999399185181e-02,-1.334839463233947754e-01,-1.037405952811241150e-01,-4.901934787631034851e-02
1.193375512957572937e-01,1.101619563996791840e-02,7.138861715793609619e-02,-1.414647847414016724e-01,-3.372741397470235825e-03
1.043831743299961090e-02,5.008962005376815796e-02,-7.275679707527160645e-02,1.905638352036476135e-02,3.585559502243995667e-02
1.070058271288871765e-01,1.364267915487289429e-01,-1.287793517112731934e-01,9.243054687976837158e-02,-1.459659188985824585e-01
6.854460388422012329e-02,-5.779943615198135376e-02,1.428844220936298370e-02,-1.195931658148765564e-01,3.499884530901908875e-02
7.301267236471176147e-02,-7.761781662702560425e-02,2.203892543911933899e-02,-1.158090084791183472e-01,2.399145811796188354e-02
1.316573191434144974e-02,3.173035755753517151e-02,1.218404173851013184e-01,1.323512345552444458e-01,-5.926917493343353271e-02
-1.193274334073066711e-01,7.612626068294048309e-03,-5.043137446045875549e-02,-8.211475796997547150e-03,3.640942648053169250e-02
-2.721446566283702850e-02,-1.385673731565475464e-01,-1.072181984782218933e-01,6.391939520835876465e-02,-8.590132743120193481e-02
-6.619063019752502441e-02,-2.070258930325508118e-02,-1.043911129236221313e-01,-9.438473731279373169e-02,2.596023725345730782e-03
6.409957259893417358e-02,8.946240879595279694e-03,6.431610137224197388e-02,1.006238609552383423e-01,-3.086054883897304535e-02
-1.688351156190037727e-03,8.637578785419464111e-02,1.093243658542633057e-01,1.789576560258865356e-02,-3.031844832003116608e-02
6.100726127624511719e-02,-2.196384407579898834e-02,2.878662757575511932e-02,1.038959622383117676e-01,-4.684582725167274475e-02
8.141179382801055908e-02,-1.508909650146961212e-02,-3.849275037646293640e-02,4.413713887333869934e-02,-1.153333783149719238e-01
4.917800426483154297e-02,-6.225268170237541199e-02,1.240730062127113342e-01,6.865312159061431885e-02,1.772507280111312866e-02
-5.291721969842910767e-02,7.593160867691040039e-02,-1.009567677974700928e-01,-3.392392396926879883e-02,-9.444973617792129517e-02
9.376746416091918945e-02,-9.561622887849807739e-02,1.685975678265094757e-02,4.437964409589767456e-02,-3.370408713817596436e-02
-6.534681469202041626e-02,-5.656552314758300781e-02,6.215924024581909180e-02,-6.016465649008750916e-02,4.646672680974006653e-02
-1.318906694650650024e-01,-5.216614808887243271e-03,1.017988100647926331e-01,-1.029712781310081482e-01,1.273634433746337891e-01
8.973757177591323853e-02,5.440925061702728271e-02,-1.175226047635078430e-01,-2.366374433040618896e-02,5.386152118444442749e-02
1.137357056140899658e-01,-4.428352043032646179e-02,1.194530054926872253e-01,1.267485916614532471e-01,2.237159945070743561e-02
1.301852911710739136e-01,9.580313414335250854e-02,1.109970137476921082e-01,7.384133525192737579e-03,-2.394914068281650543e-02
-1.173924803733825684e-01,6.934049725532531738e-02,-1.161307841539382935e-01,-4.358252137899398804e-02,9.329747408628463745e-02
1.125445291399955750e-01,1.437191106379032135e-02,-5.882274359464645386e-02,8.857550472021102905e-02,-1.019314900040626526e-01
2.843046560883522034e-02,1.093821674585342407e-01,2.529020793735980988e-02,-9.552088379859924316e-02,7.835813611745834351e-02
9.391447156667709351e-02,-1.590063795447349548e-02,1.292836815118789673e-01,-1.077428385615348816e-01,1.471928656101226807e-01
1.036724448204040527e-01,-9.990552812814712524e-02,9.610945731401443481e-02,8.379761129617691040e-02,1.145083829760551453e-01
-6.425818055868148804e-02,8.166132867336273193e-02,-8.394169807434082031e-02,8.159269392490386963e-02,8.867037482559680939e-03
3.712463006377220154e-02,-1.421736180782318115e-01,3.787239314988255501e-03,7.744015753269195557e-02,9.201844036579132080e-02
-1.649659126996994019e-02,8.486446738243103027e-02,-1.391573995351791382e-02,2.549105137586593628e-02,1.045506671071052551e-01
2.527681551873683929e-02,-3.996994718909263611e-02,9.579867124557495117e-02,2.846953459084033966e-03,-1.059505436569452286e-02
5.359826982021331787e-02,1.374811865389347076e-02,-7.648359984159469604e-02,1.302894204854965210e-01,-8.879253268241882324e-02
-9.648194164037704468e-02,-3.641983959823846817e-03,-1.206124946475028992e-01,-1.220793873071670532e-01,1.055580228567123413e-01
-9.210124611854553223e-02,2.645857632160186768e-02,8.435694873332977295e-02,-1.285984516143798828e-01,-3.333081956952810287e-03
9.880771487951278687e-02,5.940937250852584839e-02,1.226281002163887024e-01,-4.398190602660179138e-02,-1.022345721721649170e-01
2.172786742448806763e-02,-3.732811287045478821e-02,8.528016507625579834e-03,-1.797837018966674805e-02,3.668370470404624939e-02
5.977170169353485107e-02,7.954314351081848145e-02,5.050407256931066513e-03,-1.287330985069274902e-01,-6.791212409734725952e-02
1.241265330463647842e-02,-1.120584756135940552e-01,8.328422904014587402e-02,6.088241189718246460e-02,-2.463543973863124847e-02
-5.764572322368621826e-02,-1.291342824697494507e-01,-2.028924040496349335e-02,-1.401402056217193604e-01,7.099814713001251221e-02
-6.239510700106620789e-02,-7.717995345592498779e-02,-8.099339902400970459e-02,-2.833887934684753418e-02,9.097228944301605225e-02
-3.715765103697776794e-02,-7.302967458963394165e-02,-1.136236116290092468e-01,-1.045984178781509399e-01,-8.243247866630554199e-02
-5.160971358418464661e-02,-2.188594639301300049e-02,3.648436814546585083e-02,-1.273511052131652832e-01,-4.439182206988334656e-02
-1.088570207357406616e-01,7.954312860965728760e-02,2.685834094882011414e-02,-3.333353996276855469e-02,-1.458988524973392487e-02
