327 5
2 -0.525675 0.819942 -0.330557 -0.036977 -0.028092 
1 -0.729150 0.333191 -0.294448 -0.226036 0.151098 
4 -0.446360 1.054265 -0.320019 0.093484 -0.054383 
3 -0.385288 0.987063 -0.356811 0.054848 0.097670 
8 -1.984632 2.936583 -0.229990 -1.273629 0.180677 
26 -1.617364 2.905975 -0.173296 -0.527256 -0.210479 
5 -0.648448 1.903351 -0.370425 -0.017756 -0.055900 
7 -0.777895 0.286032 -0.149361 0.005188 0.039135 
6 -1.192046 1.286522 0.013923 -0.277012 -0.184389 
13 -1.502841 2.531999 -0.103400 -0.264472 -0.399806 
23 -0.004521 0.031766 -0.067835 0.042381 0.038498 
24 -1.332283 3.215441 -0.459426 -0.158008 -0.197220 
27 -0.027043 -0.048219 -0.007630 -0.061301 -0.024025 
28 -1.472643 3.237705 -0.254868 -0.095660 -0.270964 
34 0.090446 -0.085491 0.083044 -0.069058 -0.031936 
35 -1.505475 3.446761 -0.427432 -0.244867 -0.319983 
37 -1.729276 1.713605 0.010907 -0.741209 -0.150750 
38 -1.332557 3.519952 -0.479618 0.059138 -0.461365 
65 -0.732132 1.744710 -0.919138 -1.315327 0.672131 
112 -0.750520 0.309756 0.250412 0.353918 0.953005 
144 -0.910241 -0.070388 -1.091506 -1.016557 1.229424 
201 -0.270987 1.147699 -0.998172 -0.569832 0.439644 
313 0.380413 2.281162 -4.351861 -0.457546 0.234673 
10 -1.281578 1.286690 0.025864 -0.265074 -0.252758 
9 -0.741646 0.568212 -0.172011 -0.059427 -0.058588 
12 -1.209694 1.265032 0.011324 -0.157015 -0.294818 
11 -1.274194 1.336316 -0.059785 -0.314208 -0.256522 
14 -0.078238 -0.002515 -0.013631 0.038674 0.081409 
15 -1.335214 2.573494 -0.196768 -0.279730 -0.225236 
18 -1.366739 1.550984 -0.023524 -0.364040 -0.266955 
19 -1.665184 2.125429 -0.099109 -0.407649 -0.409284 
21 0.067822 0.003543 0.099594 -0.056169 0.011729 
22 -0.883977 2.268327 -0.348171 -0.020879 -0.296253 
16 -1.291472 1.874547 -0.132096 -0.251387 -0.353390 
17 -1.415806 1.573941 -0.015532 -0.326847 -0.406289 
20 -1.397997 1.523381 0.036342 -0.289255 -0.332711 
25 -1.547957 2.086519 -0.043011 -0.228189 -0.449756 
31 -1.990009 2.555403 -0.150674 -0.644504 -0.394837 
33 -1.912935 3.931520 -0.311544 -0.148312 -0.430878 
29 -1.655675 2.032995 -0.199422 -1.139178 0.300252 
47 -0.489687 0.716669 -0.890294 -0.644881 0.103215 
30 -1.620837 2.198412 -0.034808 -0.200070 -0.472134 
32 -1.518060 2.425135 -0.676432 -0.935883 -0.533506 
36 -1.707602 1.694073 0.039521 -0.512826 -0.361509 
39 -1.501054 0.170842 -1.660590 -1.801022 1.434507 
142 -1.236642 -0.842158 -1.009325 -0.502352 2.106291 
46 -3.449414 1.051963 -1.312313 -2.026796 0.206619 
40 -2.300282 1.089483 -0.919432 -2.264224 1.738427 
61 -3.771091 0.832509 -1.632022 -2.368355 0.935043 
62 -1.906585 0.711090 -1.107912 -1.929906 1.348845 
53 -0.857939 -0.161812 -1.383876 -0.788889 2.084027 
67 -0.884823 -0.107823 -0.050630 -0.156944 0.794383 
41 -1.182986 0.716387 -1.354827 -1.575349 2.211573 
44 -0.487602 1.404546 -0.912157 -0.455083 2.368721 
45 -2.406060 -0.003746 -3.556368 -2.621924 0.905022 
54 -1.839243 2.317214 -1.790149 -2.185270 0.068515 
55 -2.550122 1.145309 -1.197123 -2.479063 1.968435 
59 -2.087351 3.428370 -1.837552 -2.915434 1.147873 
63 -1.986394 1.643710 -0.764898 -2.268666 1.821061 
50 -2.214494 0.868765 -1.273428 -2.301582 2.024312 
48 -1.948711 2.533427 -0.807403 -2.243087 1.332270 
56 -2.596585 2.692151 0.226978 -1.778872 1.166959 
60 -2.895706 2.580937 -2.159655 -2.852921 0.154429 
74 -1.233947 2.760476 -2.951544 -2.791119 1.189198 
83 -1.155231 0.410931 -1.614098 -1.429459 0.433562 
86 -1.934535 3.796285 -1.448106 -2.951175 2.221009 
118 -1.111501 -0.013200 0.385279 0.257441 0.663355 
150 -0.255105 0.131206 -0.424777 0.882910 1.318337 
166 -0.907704 -0.019999 -0.232371 -0.452561 1.260898 
172 -0.073547 0.380582 -0.996186 0.451004 0.903988 
176 -0.652929 0.392866 0.142630 0.500170 1.237441 
182 -1.079217 -0.291387 0.161437 0.276609 1.967999 
183 -0.546908 2.362730 -3.256638 -2.614386 3.501496 
203 -0.451216 1.080805 -2.546733 -1.630737 3.623464 
245 0.163505 1.826881 -5.370891 -2.437312 2.402886 
246 -0.700394 2.546485 -2.590977 -2.398494 3.150667 
255 -0.836315 -0.701771 -0.193120 1.034636 1.166184 
258 -0.571327 0.114673 -1.240301 -0.868914 1.759825 
263 -0.182936 0.174688 -1.227494 -0.220324 1.145105 
293 -0.309277 -0.604927 -1.198650 0.585438 1.899771 
316 0.535756 3.582469 -7.291995 -1.499158 0.960154 
49 -2.213211 2.536393 -1.631919 -2.175058 -0.082527 
51 -3.501933 -0.517871 -0.129629 -0.475297 1.292053 
82 -2.535338 1.462993 -0.363554 -2.235816 4.415834 
58 -2.301132 2.447390 -2.036345 -2.818480 0.632643 
69 -0.393867 -0.115758 -0.517241 0.771389 0.585471 
70 -1.800138 3.635261 0.891630 -0.422136 2.010437 
57 -3.746488 2.491059 0.751805 -1.677317 1.704881 
64 -1.161641 3.655503 -1.113198 -1.474951 0.889656 
87 -1.647671 2.895094 -3.021703 -2.786499 0.432844 
116 -2.133797 4.698354 -1.514132 -2.406610 0.599798 
151 -1.414860 2.763205 -4.707428 -3.358708 0.718357 
197 0.029663 1.416593 -4.594540 -2.093592 2.124679 
248 -0.179509 0.558481 -0.894598 -0.231436 0.968282 
253 -0.395072 2.352367 -1.915514 -1.485938 2.843923 
261 -0.865696 -0.130599 0.027632 0.492788 0.175501 
66 -1.962268 3.525322 -1.684232 -1.955893 -0.209632 
43 0.062953 -0.028561 0.069025 -0.061646 -0.017254 
52 -0.507235 1.545283 -0.890742 -0.505268 2.552349 
71 -1.448494 -0.046310 0.351133 0.472815 0.156070 
76 -2.011728 4.096183 0.699720 -1.214439 2.791140 
79 -0.604292 3.318069 -0.760270 -0.216843 2.105989 
94 -0.181797 0.069099 -0.658143 0.980696 1.353650 
95 -0.484356 1.727653 0.167027 1.961537 1.790985 
109 -0.642333 1.206204 0.440287 1.110245 1.333826 
111 -1.902799 4.663671 0.815124 -0.794489 2.963122 
119 -0.359945 0.824079 -0.271253 3.050488 3.053421 
120 -1.883230 2.340968 -0.025729 -1.619688 4.373788 
131 -0.069829 0.286498 -0.758576 1.284820 1.890622 
133 -0.519932 -0.528084 -1.012975 -0.045686 1.122918 
147 -0.504941 0.201018 -0.091198 1.811597 2.348682 
153 -0.122334 0.026262 -0.812182 1.105551 1.083681 
159 -0.284319 0.165875 -0.585186 1.057035 2.258307 
162 -0.666867 -0.025406 -0.118990 1.780773 1.072421 
174 -0.773187 0.651563 0.345597 1.380428 2.390688 
177 -0.417102 0.221539 -0.338433 1.164470 0.176216 
179 -0.577276 0.350136 0.063358 1.581070 1.810247 
189 -0.051622 2.455938 -0.753468 1.384097 0.570694 
230 -0.786382 -0.341116 -0.065816 1.308882 0.837775 
232 0.044443 0.045745 -1.545915 1.090801 2.669613 
274 -1.015236 1.258826 -3.099003 -1.754351 6.959843 
296 -0.484289 -0.574829 -0.683762 0.689996 1.184393 
299 -0.822410 0.811764 0.450215 1.295784 2.485937 
80 -0.639132 0.685147 0.070587 -0.070462 0.550782 
68 -1.291689 1.317195 0.772553 2.496615 2.123269 
73 -2.705921 1.229114 -0.013882 -1.637210 1.062362 
77 -1.318570 1.814297 0.572102 -0.393221 1.907728 
96 0.012180 2.920831 -0.761378 3.668804 2.875081 
72 -1.063250 2.260108 0.681325 0.357688 0.984218 
152 -1.178130 0.730215 0.651704 0.378644 0.898514 
90 -0.841096 1.218435 0.423688 1.281914 2.979326 
75 -1.514661 3.139185 -0.823785 -1.942828 0.865439 
78 -0.578907 3.126453 -0.739438 -0.194787 2.038792 
146 -0.658242 0.164635 0.066982 1.261661 1.014589 
85 -0.913594 -1.359783 -5.318069 -0.901660 1.222308 
81 -1.102051 0.864946 -1.564735 -1.668195 2.877501 
106 -1.922804 1.264340 0.397502 -0.862523 3.961209 
104 -1.996310 -0.307458 -3.692014 -1.710527 0.447458 
84 -0.612059 3.423701 -0.834173 -0.226175 2.160223 
97 -2.737207 0.036829 -2.362672 -1.862009 0.608465 
88 -0.150890 1.103826 -0.547682 2.240893 1.676109 
92 -0.218983 1.921698 -0.185862 2.765423 2.307196 
91 -0.080837 1.493874 -0.631491 3.590663 3.528531 
221 -0.902740 0.395957 0.355389 1.651382 2.565947 
93 -1.652950 3.884001 1.488295 1.361798 3.031867 
161 -0.324654 1.273212 -0.166580 1.060432 0.266810 
217 -0.714431 -0.034561 0.086294 0.718002 0.731505 
310 -0.447079 0.511485 -0.050057 1.074902 1.432305 
311 -0.408929 0.670262 -0.063866 0.469961 0.650057 
101 0.276047 1.351996 -1.423434 5.323087 3.692789 
98 -0.604645 1.919010 -1.131726 -0.611934 3.398188 
99 -0.019212 2.621540 -1.110945 3.619171 0.574309 
100 -1.355709 5.261884 0.671080 0.772472 2.256424 
102 -1.016572 4.922646 -0.521336 -0.249970 1.093935 
115 0.047011 3.527917 -1.783252 1.090370 3.214128 
103 -0.084354 0.040060 -0.044557 -0.022666 -0.043217 
105 -1.668722 1.350264 0.237139 -0.078703 4.756518 
140 -2.687568 1.506533 -0.703268 -1.930392 7.016819 
107 -0.007716 -0.098858 0.052172 -0.062461 -0.004109 
108 -1.254897 2.112546 -3.694513 -2.859518 0.838201 
170 -1.426774 5.485727 0.883401 0.904313 3.649816 
202 -0.035491 1.575904 -0.770052 2.940648 1.045725 
212 -0.365197 1.633895 -0.010960 1.100530 0.857430 
219 -0.234539 0.266045 -1.111585 -0.277949 0.796615 
273 -0.188022 0.420411 -0.759847 3.627636 2.737692 
301 -0.020497 0.313556 -0.911855 2.435995 2.551359 
307 -0.169287 0.534759 -0.715974 1.888123 3.112209 
321 0.185846 1.417966 -1.496046 5.566139 5.609424 
110 0.087641 3.525532 -1.731895 1.088879 3.139593 
123 -0.466585 -0.535419 -0.548256 0.992098 0.666807 
125 0.030267 4.132851 -0.984994 2.697215 2.137145 
136 -1.148771 5.528408 -0.096567 0.281289 3.138787 
157 -2.229409 6.190446 1.140218 -0.493384 3.978790 
167 -0.770536 0.921768 0.332786 1.030876 2.521958 
292 -0.286819 -0.085532 -0.578488 1.298673 2.213439 
305 -0.321346 2.225945 -0.091064 1.833546 2.157705 
113 0.009136 2.678192 -0.871927 2.719066 3.301604 
114 -0.021662 -0.021096 -0.057827 0.044795 0.051229 
117 0.082605 0.041213 0.033665 -0.007121 -0.089663 
126 -1.780628 4.551404 1.396974 0.536615 4.059589 
127 -1.673067 4.536086 0.938774 0.025159 2.976978 
129 -0.870041 3.477146 0.284629 3.773393 2.179752 
130 -2.729956 5.122187 1.403057 -0.728269 5.960181 
134 -4.520304 -0.248501 0.857236 1.345896 0.395548 
148 -2.409695 3.898682 1.179847 -0.469904 5.538356 
155 -4.937477 2.867318 0.262387 -1.027131 -0.298792 
158 -2.441185 4.616037 0.914151 -1.042574 5.459419 
163 -2.379505 5.441641 0.770575 -0.814540 5.946043 
169 -0.501091 1.863237 -3.339175 -2.127788 4.663372 
181 -1.517828 4.123013 -0.727254 -1.962085 4.449182 
186 0.288295 4.916720 -2.449564 1.561148 3.176591 
191 -2.357821 2.393662 1.776106 1.501066 3.610868 
192 -1.064208 2.815428 0.926817 0.917886 2.278625 
198 -0.908344 1.107882 -0.151152 -0.711157 2.285268 
204 -0.584899 2.052257 -0.360841 4.446428 1.881286 
222 0.380561 2.982136 -2.381342 2.957718 -0.688875 
225 0.234118 0.252113 -2.338692 0.554023 3.171342 
240 -3.278088 -2.025216 -0.090722 2.536860 2.852781 
249 -0.023403 3.266083 -1.653391 7.439213 2.505018 
256 0.248794 2.772506 -2.252815 3.867118 -0.687305 
260 -0.354657 1.258362 -0.456581 4.296600 2.828146 
284 0.321365 2.249097 -1.706906 3.768025 0.670277 
288 1.253754 2.221156 -7.189748 -0.559259 7.490659 
306 0.078952 0.769683 -1.069680 4.004031 3.176471 
121 -2.753321 -2.355322 -3.146591 0.785223 0.469531 
302 -1.330529 2.488151 0.622172 2.651839 6.349171 
138 -0.366348 1.284678 -3.855212 -1.809530 1.133225 
124 0.257513 2.068326 -5.823575 -1.620415 1.234460 
137 -0.081038 2.855900 -0.889131 2.039038 -0.331026 
128 -0.993056 -0.208402 0.005619 -0.074338 1.707669 
145 -2.321550 0.870208 -0.837672 -1.774588 6.068470 
160 -1.676211 2.431822 -0.453367 -0.660830 6.086614 
132 0.314004 3.170306 -2.359664 0.778005 3.696656 
139 -1.603361 2.009055 1.248904 1.548695 2.885075 
141 0.017637 1.039981 -1.679200 3.051087 -0.127633 
216 -0.722167 -1.316906 -1.660356 0.347028 2.074505 
229 -1.473243 -1.008952 -5.654818 -2.762119 4.901137 
233 -0.575503 -0.542611 -1.385766 -0.410417 1.148702 
143 -0.581593 3.254480 0.387322 1.524011 2.225358 
168 0.388733 0.543994 -2.512599 0.575466 2.683425 
250 -0.265999 -0.460658 -6.297116 -1.999674 2.293641 
297 -0.464007 -0.655506 -1.164061 0.094664 1.404420 
218 0.257627 2.040212 -1.866938 6.877102 3.338173 
298 0.348642 4.999269 -2.352504 7.440622 1.561532 
300 -0.444644 -0.044976 -0.547654 2.262620 3.592493 
320 -0.821464 2.801603 -0.556350 6.111592 9.111582 
324 0.050343 2.611716 -1.351550 6.284104 6.619664 
325 -2.298572 2.695544 1.490406 4.202393 4.397657 
149 0.876657 4.476633 -3.659542 2.653755 2.831327 
322 -2.437385 4.894716 1.864284 5.359025 6.880789 
156 0.061763 3.911834 -1.951007 1.253480 3.637430 
187 -0.009816 -0.071204 0.024932 0.072839 0.065179 
210 0.045911 4.246272 -2.150621 1.442255 4.143859 
215 0.615241 3.575270 -2.866357 2.915913 0.741055 
252 0.831492 5.049355 -3.409775 3.619580 3.424289 
154 -3.825526 3.611096 -0.615339 0.683955 -1.602369 
164 -0.328969 1.413748 -4.128583 -1.918102 1.181098 
171 -2.216238 4.305256 -0.079715 -2.139374 2.128225 
243 0.254728 2.308745 -1.145815 2.927006 0.794504 
122 -0.053222 0.016536 -0.071212 0.057439 0.025119 
173 0.207411 0.243398 -2.822437 -0.064797 2.519010 
206 -0.479471 -0.468476 -1.338956 0.724255 3.706162 
242 -1.468697 1.055879 -4.848233 -3.751537 4.021626 
251 0.523311 2.688121 -5.133065 -1.925283 3.751252 
89 -0.147762 1.155963 -0.551765 2.364415 1.806646 
175 -0.063489 0.028153 0.033341 0.041060 -0.036415 
271 0.415551 4.169429 -3.314956 5.249416 -1.151970 
180 -1.965802 1.571289 0.277300 -0.044446 5.646669 
188 -2.481077 -0.068876 -3.250997 -2.793901 2.394681 
196 -2.124484 2.574122 -1.350415 -2.832703 2.542547 
209 0.034787 0.084703 -0.004045 -0.005391 -0.078133 
211 -2.038872 1.655944 0.804384 1.966580 7.033080 
220 -0.378292 -0.481075 -4.133656 1.952738 1.232211 
226 0.109317 -0.205916 -1.927290 1.144354 2.719040 
239 -1.211700 1.439688 0.392170 -0.607441 1.926869 
213 -0.067439 1.713571 -7.495683 -3.173675 2.022022 
224 0.080145 5.443323 -4.150047 -1.502820 2.627493 
184 -0.441242 -0.501089 -4.653779 2.043940 1.329613 
185 -0.169329 3.073572 -3.231664 -1.738687 2.221364 
190 -0.835157 4.663629 -0.945374 -0.368769 3.026922 
193 -0.991689 4.022323 0.287428 4.359231 2.615287 
207 -3.959227 2.361252 -0.203238 -1.246944 -0.530868 
195 -4.457576 2.869932 0.054711 -1.272548 -0.273625 
199 -0.298231 1.422076 -4.431624 -2.043046 1.299686 
200 -0.936013 6.499287 -3.111205 -1.744254 1.394106 
165 -0.082471 0.076864 -0.053430 -0.057643 -0.017221 
178 -0.312543 1.403800 -4.322993 -1.970751 1.187819 
205 -0.567656 4.875344 -3.205392 -1.814165 1.378898 
228 -3.921801 2.943159 -0.100811 -0.533406 -0.962414 
236 0.319850 0.966688 -2.139912 0.171284 1.134649 
276 -0.656302 -1.306513 -3.298869 -0.454799 2.089660 
318 -2.290544 4.090128 -3.267718 -2.733489 -0.457462 
208 -1.726252 2.515159 -0.388497 -0.486000 6.734628 
214 0.910526 3.221688 -4.224764 1.234884 1.328825 
262 -2.876212 -2.329802 -2.796185 -0.489540 8.671715 
286 0.324087 2.593375 -2.456640 4.990401 0.223600 
235 0.055153 -0.019524 -0.043142 0.071888 -0.083841 
194 -0.948184 4.224051 0.246625 4.596849 2.800979 
237 0.750381 4.026309 -4.238086 2.313678 0.488370 
223 0.928712 5.146861 -4.685775 3.646789 0.876048 
227 0.096873 -0.061794 -0.064203 -0.071641 -0.046152 
254 -1.406184 -3.055922 -6.066362 0.537724 3.585276 
234 0.846211 4.742989 -4.065650 3.503048 0.813581 
238 0.353713 4.480400 -2.578028 3.815411 -0.619587 
272 0.709402 3.647793 -4.900908 3.840621 -0.176980 
283 -0.681620 5.162822 -2.416205 4.232923 -2.155713 
285 -0.586599 6.102941 -1.290778 1.722147 -0.044245 
244 0.083786 0.073087 0.073888 0.081393 0.002277 
331 0.550463 1.590611 -3.883322 0.139593 1.354449 
259 -2.470600 1.810737 1.379857 4.026694 3.857441 
265 -0.075771 -0.060199 0.061158 -0.069015 -0.034664 
266 0.179545 3.497752 -3.602657 5.829851 -1.303156 
281 -0.391295 -0.330496 -1.034066 1.751445 0.384954 
289 0.772090 4.280633 -4.487575 2.449662 0.531224 
295 0.662983 2.779690 -3.453177 0.194498 3.741985 
231 0.083255 -0.088228 -0.045562 0.029510 -0.081737 
264 0.518127 2.333719 -2.699010 0.427183 3.803087 
241 -0.432878 -0.465816 -4.198857 2.003123 1.228156 
247 0.058731 -0.051475 0.080310 0.017439 0.085273 
257 -0.383430 -0.493259 -4.304553 1.948545 1.229290 
268 -0.040542 -0.031232 0.076246 -0.013052 0.024443 
269 -1.106679 -1.431579 -5.926244 1.482613 1.034572 
275 -1.534092 -3.306581 -4.481570 2.330027 7.055799 
278 0.074796 0.020285 -0.005672 -0.083923 -0.060714 
279 -0.504343 -0.588802 -4.844809 2.097998 1.442173 
282 -0.396056 -0.457578 -4.328184 2.002512 1.240575 
290 -0.408749 -0.431654 -4.380186 2.027094 1.237492 
291 -0.448000 -0.507528 -4.382709 1.994192 1.258181 
294 -0.440315 -0.506652 -4.428965 2.028347 1.271336 
303 0.237230 -0.477494 -4.479382 1.938058 6.303174 
308 0.225830 0.684581 -3.735254 0.108896 4.923525 
309 0.507520 0.264395 -4.342589 0.716394 4.180558 
267 -1.087102 -1.651552 -1.678398 2.475051 1.532661 
270 -0.041789 -0.068933 -0.061503 0.017000 -0.099354 
287 0.676096 1.140918 -2.822728 4.062331 6.047756 
304 0.036836 0.076441 -0.073322 -0.083485 -0.070773 
312 -1.639640 6.827919 -2.607694 0.404527 -1.044958 
314 -4.048022 5.209062 -1.422855 -2.626160 -0.435145 
317 -1.350640 2.945013 -5.439425 -3.553344 0.683580 
319 -0.133179 6.752626 -6.089035 -0.264230 -0.041173 
326 -4.995122 4.156070 -0.901019 -3.301163 0.570712 
315 -3.569440 5.997319 -2.903380 -0.445594 -2.542075 
328 -3.391527 4.353831 -1.107949 -3.192921 1.571004 
329 -6.816090 1.229143 -0.623562 -0.747295 -1.245961 
327 -6.190391 0.031324 -1.924048 -0.605291 -1.909681 
332 -2.261312 0.354966 -3.059194 0.834945 -2.013220 
330 0.856582 2.408280 -5.674331 -0.240909 2.176899 
