332 5
117 -2.725837 1.2200192 -0.04048834 -2.7463558 -0.29887447
114 -2.803945 0.9705696 -0.12386935 -2.7109582 -0.9409827
110 -1.9536084 -3.3025784 2.4436467 0.14919001 -1.0734203
39 -2.611946 -1.5655462 -0.3575752 -0.22403538 -2.4984906
113 -1.7377923 -3.0206788 2.3643515 0.0656877 -1.029136
103 -1.8154045 -1.6834238 3.6246417 -0.9555314 -0.106327385
88 -2.9070737 1.039662 -0.02211524 -2.8236089 -0.95416427
29 -3.1106029 -0.28708836 -3.624382 -2.0553243 1.8526745
44 -2.8938003 1.2423539 0.36532885 -3.049917 -0.5528604
43 -3.1396058 1.3015763 0.34594437 -3.0716612 -0.6423749
52 -2.9389856 1.2691288 0.45455486 -3.05817 -0.5396721
41 -3.0011704 -1.8388863 -0.9352056 -0.3234137 -2.5137138
62 -1.0882825 -3.1952004 -1.3647968 0.03994316 1.5221598
33 -3.029397 -0.23415339 -3.5494077 -2.0624144 1.6563745
50 -1.0495615 -3.0991263 -1.2678151 0.08905613 1.4732215
21 -2.2355525 0.25281247 -0.701004 -4.6442814 0.5709569
106 -0.9909115 -2.2133112 2.1520386 -3.5629704 2.0130823
48 -2.630461 -1.5467789 -0.3471653 -0.18749717 -2.444002
14 -2.1825666 0.12653811 -0.71920305 -4.660294 0.51375073
92 -2.040544 -0.9986042 0.70638067 1.5221014 2.1966045
301 -3.2378612 1.2155421 2.0491042 0.36271727 1.6077194
63 -0.9574835 -2.943946 -1.2221195 -0.079105444 1.1596832
107 -1.2754139 -2.6794176 3.0848286 -1.1329325 -0.23342407
131 -3.356304 1.3751314 1.9227405 0.20974511 1.7281055
115 -2.05851 -1.5547678 3.8638768 -1.1104226 -0.20089592
140 -0.8408819 -2.0650592 1.8302252 -3.2210388 1.890175
151 -1.8926861 -0.35946324 3.1533723 -3.1744945 3.973398
18 -2.0883384 0.22895747 -0.5964329 -4.3517222 0.41726682
74 -1.9234369 -0.5612252 3.2587454 -3.034173 3.9412963
306 -2.245896 -0.36724764 2.1449518 0.91326296 2.3096476
311 -3.4050987 1.3606943 1.8402113 0.40892476 1.6591954
299 -4.0233154 1.6661842 1.3976902 0.6765052 2.1217399
145 -2.0156562 -1.2526822 -2.8882303 -2.3368707 1.6848685
307 -2.242041 -0.281696 2.121437 0.87884045 2.346124
90 -1.3888228 -3.0947833 -1.4942803 0.29512787 0.6365675
148 -0.874286 -2.0743284 1.8703669 -3.3111598 1.8301369
95 -1.904579 -0.75078523 0.85443455 1.2431265 2.3178532
15 -2.127948 0.2651602 -0.6163895 -4.1952643 0.4689904
127 -2.0758538 -1.2695025 -3.0885482 -2.3024015 1.5696028
20 -2.5033102 -1.9805139 -1.1964568 -2.0025115 -2.3398519
17 -2.5094275 -2.0270066 -1.268278 -1.8505335 -2.3831415
19 -2.422075 -2.0232587 -1.0528239 -1.9895529 -2.4014728
1 -2.1832478 -3.426908 -0.014534879 -1.7842371 -2.7292116
23 -2.3405504 -1.8380181 3.0639205 -0.20136185 -1.1964593
80 -1.6593361 -2.477055 -1.3922507 0.8193251 0.5621913
35 -2.1074336 -3.2122784 -0.064014405 -1.3741504 -2.6237323
6 -2.399806 -3.2391436 -0.09831925 -0.94169027 -2.7573678
216 -2.532237 -1.5875001 -0.41739696 2.1178489 1.2539512
38 -2.1121204 -3.4143083 -0.038695045 -1.5640241 -2.6058187
40 -0.5784688 -2.8096864 0.42681855 -1.4726328 1.5152255
2 -1.9033866 -3.4404566 -0.018456463 -1.8270864 -2.409613
156 -2.5127108 1.1293433 -0.2854592 -2.5721397 -0.14731036
3 -2.3633823 -1.7831733 3.0599234 -0.14226064 -1.1689576
32 -1.9037652 -4.2813296 2.7791004 -1.4027364 -1.7601936
5 -2.289771 -1.7007016 3.081375 -0.15100677 -1.0741824
55 -0.6830619 -3.446616 0.16233431 -1.0665095 1.7345855
288 -2.6800904 -1.7156402 -0.26760674 2.2682388 1.7116543
189 -2.0620127 -1.1353171 0.16597652 1.7414538 1.7415935
225 -2.3594756 -2.0878897 -0.7618579 1.913504 0.8626837
119 -2.139449 -0.5036488 2.1572962 0.8514708 2.5214672
96 -4.7302155 -0.19235179 0.89598876 1.0592409 -2.2034607
7 -2.4560165 -3.3725672 -0.48883033 -1.0455897 -2.8053303
34 -2.211206 -1.8582814 3.024625 -0.2340988 -1.0593761
36 -2.154053 -3.4983046 -0.1369101 -1.5288925 -2.5773542
89 -2.337556 0.8248313 0.735637 -3.5548725 0.051102113
150 -3.2867556 1.3408487 1.8225224 0.22280782 1.6614927
16 -2.350748 -1.7832072 3.0834668 -0.052818105 -1.1292181
111 -4.390156 -0.015581452 0.5227881 0.9561955 -1.9445901
274 -2.0794377 -2.3131604 -1.0981729 1.5174965 0.59000355
51 -1.9302772 -1.2516811 -2.9019349 -2.29941 1.5008819
91 -1.8775936 -0.9922019 0.4658092 1.4381305 1.9129424
137 -1.5169523 -2.5472207 -1.5369467 0.6418465 0.6930353
28 -2.403035 -1.7963121 3.1503594 -0.21142498 -1.1423631
58 -0.8095275 -3.6192245 0.0028199004 -0.5829954 1.7053796
22 -1.8021046 -4.1207685 2.9325473 -1.4227382 -1.535413
30 -2.417722 -1.8682655 3.245401 -0.3353852 -1.2352846
72 -4.4577427 -0.22005957 0.82676005 1.0786716 -2.007957
121 -2.3889675 0.3825986 -0.5829638 -4.225718 0.2953116
267 -3.9582157 -0.041606765 -0.5749297 0.55228066 -1.6725599
24 -2.4643803 -1.8723857 3.3197982 -0.21262655 -1.155442
12 -2.4736233 -2.0512006 -1.1032925 -2.1971192 -2.4037848
297 -2.2589865 -1.2837816 0.31469023 1.8598611 1.9303291
167 -2.5829701 0.9111037 1.7958452 0.28936023 1.5989009
122 -1.9417042 -0.37904 -0.8281151 -4.1472335 -0.06665992
276 -2.6800945 -1.8543366 -0.021078212 2.3560996 1.7045838
86 -2.9575365 -1.6311296 -0.42196488 -0.08422069 -2.6477416
186 -2.0549672 -1.2980678 -3.0305834 -2.367383 1.5980343
37 -2.3622465 -1.7842655 3.1161087 -0.19627725 -1.1400961
198 -2.2229452 -2.0793228 -0.9446229 1.66206 0.5304851
11 -2.5117404 -1.9080964 -1.0035067 -2.064096 -2.4319608
129 -1.1709678 -0.96018285 1.9250648 -2.5286405 3.9379337
49 -2.744915 -0.28605807 -3.2800415 -1.7545775 1.5643649
255 -4.7921643 1.1009926 -1.4161175 1.2546179 1.8460685
248 -4.15142 1.4509047 -0.4767311 0.73335 2.8474708
273 -2.361659 -1.9047015 -0.22543477 2.0536423 1.7232814
152 -5.1640744 1.3256296 -1.047242 1.4657369 2.34356
192 -1.5825672 -2.674036 -1.4300979 0.7025327 0.54230344
147 -4.262363 1.646104 0.88485485 0.9558315 2.3683827
230 -4.9271603 1.2892826 -0.7960953 1.5173117 2.4495652
260 -1.9280163 -2.268171 -1.1589156 1.2419473 0.44745603
132 -2.5917265 -1.0610074 -3.3821084 -1.6791304 0.6461134
254 -0.87308294 -3.39764 0.726167 -3.6140776 2.8693018
201 -4.2649474 1.4077269 -0.60851365 0.64253336 2.9814487
162 -3.9571753 1.592352 0.52136636 0.87233335 2.2524045
54 -0.66908956 -3.292651 0.21053025 -0.7805101 1.5595802
256 -2.327132 -1.6815088 -0.39940152 1.9548956 1.4781824
202 -2.1464722 -1.6047417 0.02147576 1.8225656 2.1620617
146 -3.3526895 1.2644904 1.6574876 0.45691952 1.8186734
64 -2.422879 -1.990939 1.0842985 -2.0926704 -2.779312
149 -4.3549857 -0.102828905 0.5868213 0.9224504 -2.0204434
266 -4.066763 0.01602591 -0.54066944 0.597045 -1.7142714
283 -1.4450997 -4.2318797 -1.596998 -0.28329107 1.0497198
261 -5.0000386 1.0742223 -1.8477814 1.1642582 1.8884397
100 -4.619738 0.015362344 0.4531544 1.069508 -1.9652122
71 -1.4617753 -2.8422456 -1.4593247 0.5270247 0.6854382
10 -2.6738439 -0.13645972 -2.8166072 -2.413055 3.0976017
292 -2.081853 -0.16629744 2.1207893 0.7038394 2.2560313
249 -1.4336637 -2.967082 -1.4212188 0.45127916 0.63709986
284 -1.8755847 -0.920818 0.8895879 1.394788 1.8534428
101 -2.1739864 -1.859485 -0.8997544 1.7523952 1.055176
183 -2.537982 -0.58574563 2.1389046 1.4734402 2.0106275
135 -1.975424 -0.14024264 -0.675064 -3.9489336 0.13299316
212 -1.8537741 -1.005376 0.45231873 1.4757894 2.0091712
109 -3.3308353 1.5052435 1.5928253 0.10237532 1.7841091
197 -1.9857998 -0.98194474 1.1620579 1.4162804 2.0745618
191 -1.0609797 -1.0822228 1.5004119 -2.2236314 3.9249814
287 -1.0786638 -2.649902 2.6448493 -1.7500949 4.427091
87 -2.7236445 -2.1357527 0.93996745 -1.9733646 -3.0991895
120 -1.3558047 -3.1109219 -1.5015575 0.14945075 0.56715995
69 -1.9079808 -1.5246116 -2.866079 -2.0291612 2.1637647
253 -2.2472875 -0.74825794 1.6175277 1.4280434 2.2763698
27 -2.600789 0.805029 -0.79453784 -3.8103962 0.45097542
133 -2.4033105 -1.6104655 -0.54260314 2.0255182 1.1053541
93 -1.9209392 -1.1028064 -2.7548351 -2.1409256 1.3875841
66 -2.7184186 -0.29913187 -3.1542156 -1.9869646 1.475135
42 -2.5471005 1.1142492 0.24529648 -3.090789 -0.22126538
9 -2.9643717 -0.037042852 -3.03414 -2.1699615 3.1966422
46 -0.5690084 -1.5751551 -0.4063481 -0.099456005 0.29229861
187 -2.626809 1.1315746 -0.35413572 -2.6848233 -0.3203619
155 -1.4100882 -2.6927972 3.1408477 -0.85370857 -0.12121165
275 -0.98519915 -3.6158774 0.5148755 -3.6700447 3.3680885
239 -1.4103748 -3.7447817 -1.5050735 -0.0055853934 0.91533095
57 -1.9749453 -1.29424 -2.8181071 -2.3299336 2.22233
68 -0.69710547 -1.5773051 1.7978771 -2.6366718 2.3767219
237 -1.2387792 -2.758007 3.0453029 -1.6546645 4.6615458
77 -1.9416342 -1.0424083 -2.834393 -2.093032 1.6699222
281 -1.492202 -4.0494847 -1.6340718 -0.08831403 1.0473328
188 -2.0756078 -0.4818761 -0.9403312 -4.187811 -0.059441444
126 -1.0964082 -2.7376282 -1.20862 -0.1361892 0.6469114
218 -2.5327387 -1.9367297 -0.048373777 2.1198516 2.4771533
102 -1.8038763 -1.1742977 -2.6720912 -1.939876 1.6859509
222 -1.5554605 -2.2792222 -1.2997378 0.8564402 0.5365421
134 -1.35013 -2.6470847 3.0741184 -0.8293777 -0.2184407
200 -2.4568794 0.20557171 -0.6993048 -4.6594024 0.36310828
210 -2.524016 1.1552055 -0.17879008 -2.7183816 -0.05337374
53 -1.3603811 -0.6540174 2.5297132 -2.4757504 3.1904109
194 -2.4747972 0.78734756 1.3062046 -3.9977024 0.2179309
81 -1.1666665 -0.6590589 1.9632305 -2.406544 3.378373
75 -1.2227607 -2.8258173 -1.3851042 0.26639286 1.7141733
98 -1.4012537 -1.578123 2.3894665 -0.4006148 -0.51504874
159 -2.00856 -0.40361926 2.0381682 0.80983424 2.296408
143 -2.4416118 -2.362234 -0.87094986 1.7421762 1.1297841
182 -4.591566 1.175218 -1.5076497 0.9412685 1.903748
203 -2.1507778 -0.5144929 1.9666386 1.1069967 2.1152656
84 -1.477035 -2.5239012 2.2029774 -0.005799231 -0.7049646
166 -4.579127 1.6228321 -0.58607167 0.61051184 1.2075019
76 -0.75210476 -1.9750896 1.6017123 -2.840781 1.918492
240 -1.1902416 -3.1130464 -1.5003289 -0.31587216 0.78240544
252 -2.68671 -0.8154996 -3.456233 -1.7619786 1.0429204
296 -2.4834998 -0.633414 2.465117 1.3110819 2.00954
250 -1.9616883 -1.9675639 -0.8623602 1.4893486 0.64131474
94 -2.2415729 0.3765551 1.9612641 0.5238914 1.7650065
226 -3.0244315 -1.6410384 -1.1234509 -0.2690832 -2.4913785
67 -4.454604 1.5639099 -0.4944011 0.6250766 1.3758075
262 -2.462777 -2.6116273 -1.1254991 1.6392365 1.3881857
82 -1.6771938 -2.678807 -1.4735788 0.8778171 0.69019073
157 -1.5856061 -2.9241023 -1.5053154 0.5914598 0.67731166
326 -2.9161355 0.6358937 -1.2227136 -4.538373 0.49196523
130 -1.4623173 -2.8250117 -1.5806442 0.37950462 0.7401262
47 -3.5382957 1.3764342 -0.19263735 0.4768021 2.5208166
169 -2.3619485 -1.4106443 -0.28544027 1.9567404 1.4288108
244 -2.918246 1.3479697 0.4382258 -3.65896 -0.01684126
242 -0.801959 -2.1013238 1.216889 -2.9231334 2.1966462
108 -2.2474976 -0.5160521 -2.9167936 -1.7571062 1.3793641
310 -2.169583 0.04818228 2.1241045 0.7154776 1.8963821
25 -1.6695477 0.40648168 -0.42709363 -3.016804 0.11795496
85 -1.0108968 -1.1401533 2.2926416 -2.377943 2.903391
176 -3.2274668 1.4051975 1.1390865 0.3620564 1.7380949
217 -3.2356951 1.551964 1.4496465 0.0054930327 1.7985884
293 -3.542881 1.35519 0.38586935 0.7789746 1.9832999
246 -1.8986707 -0.8979325 1.4871106 1.1069973 2.227263
128 -1.3281579 -2.6934536 -1.3475338 0.325404 0.68284434
245 -2.3135812 -1.4607604 -0.033603396 1.9994296 1.2037163
177 -2.9420686 1.2918745 1.1564049 0.2542273 1.8489069
220 -2.8664176 -1.5490304 -0.9205591 -0.31165984 -2.4727416
233 -2.121133 -0.8535006 1.525663 1.3929065 2.0258665
300 -1.0719122 -3.4663582 -0.7250923 -0.47561336 0.32870203
31 -1.8647268 -1.694556 -0.3111787 -1.2604873 -2.066614
59 -1.1130444 -2.4848363 -1.2951666 0.2936753 1.5290294
179 -2.8773406 1.1589415 1.9053034 0.12748283 1.5776778
125 -2.0829203 -1.5638412 -0.6373309 1.7645757 0.8922452
204 -3.030603 -0.1315688 0.004961365 0.75500685 -1.2742277
174 -3.0541694 1.2014482 0.8555682 0.4771141 2.1769435
309 -1.6536254 -2.9151957 2.3969705 0.18638936 -0.7222946
322 -1.131622 -3.156313 -1.2767525 0.020783136 1.0039632
73 -0.6831547 -1.5273669 1.5554059 -2.283774 2.0229251
4 -1.2360461 -0.6166094 2.3944893 -2.3081582 3.1536794
286 -1.2350367 -2.252005 -1.2759365 0.52969176 0.77877456
221 -3.1179094 1.3105314 0.80679506 0.42482895 2.2393398
235 -1.4892439 -2.5929182 2.2264326 0.0762206 -0.85426414
56 -0.33261558 -1.6345313 0.9732163 -1.3427668 1.779603
323 -1.8589008 -0.004929043 -0.43721634 -3.5799692 0.104890496
320 -2.6348748 -0.5204991 -3.2872543 -1.6882519 1.5787565
318 -0.65703577 -1.9718283 1.2387416 -2.3757725 1.7363907
316 -1.3618329 -2.9774747 -1.227322 0.49104536 1.8312557
60 -0.73588896 -2.9657955 -0.3101771 -0.09092315 1.0801762
158 -0.644019 -1.6916409 1.4398712 -2.606658 1.6406949
123 -2.4111087 -0.5904326 2.2604296 1.2940742 1.8482311
321 -1.8349811 -1.5316722 0.37971798 1.5778536 2.222694
142 -2.0823119 -1.4100467 -0.058880683 1.6974478 1.3539891
227 -2.215974 0.9711498 0.0439544 -2.533531 -0.14818244
45 -1.9241877 -1.2280827 0.4362093 1.5853357 1.9161581
206 -0.5864852 -1.8848544 1.1332357 -2.4720004 1.7650582
153 -1.1824855 -3.004016 -1.3212949 -0.44648978 0.6517279
305 -1.94185 -0.9627009 0.32805926 1.5151343 1.923606
184 -2.5872304 -0.840223 -3.255656 -1.457953 0.71338403
161 -2.0363727 -0.29468405 2.0900023 0.80963075 1.9909616
325 -0.8481061 -3.1324463 -0.4192961 -0.32605374 0.64896536
298 -1.5657997 -0.30731112 -0.08728578 0.35868016 -0.620339
251 -3.3726676 -0.13847648 0.25871593 0.84800553 -1.4173328
219 -2.7754369 1.3111494 1.2705142 0.15208209 1.4738916
290 -1.6273726 -2.7953267 2.2932632 0.22721845 -0.7902924
238 -2.0979385 0.98558295 -0.094245054 -2.5744896 0.074411936
223 -1.6627858 -2.5360708 2.0802488 0.30071098 -0.90603185
271 -1.0420588 -2.9271705 -0.7122657 -0.24764444 0.18594113
116 -0.5446868 -1.9986563 0.84767604 -1.6818565 1.8921657
61 -0.46205756 -1.6919959 0.8837293 -1.5418502 1.4146104
175 -2.2839618 1.0438486 0.538974 -2.7040808 -0.1876804
313 -2.3348806 -0.39268938 2.3449411 1.0388609 1.5361601
144 -3.2660549 1.3229035 0.1318562 0.3429901 2.1919672
141 -1.7100574 -1.6636941 2.8018973 -0.19779654 -0.59535825
241 -2.1091506 0.9336825 -0.128259 -2.3415885 -0.28539574
257 -1.9838297 0.89087766 0.10703821 -2.2966976 -0.30741182
232 -2.554104 1.1863889 1.2065899 0.07831491 1.4859073
279 -1.9571186 0.75202686 -0.18519138 -2.4524345 -0.35032797
172 -1.8032253 0.12919436 1.8590449 0.4342344 1.7605225
282 -2.2545512 0.99205893 0.05416164 -2.1818604 -0.47209314
272 -0.75340533 -1.0671673 1.8599322 -1.8748416 2.592385
136 -0.9555525 -0.848898 1.6730379 -2.1793156 3.1128078
213 -2.1325858 -1.3377168 -0.23473446 1.7394544 1.0079322
295 -1.3587394 -2.324388 2.0627728 0.008243828 -0.7933314
308 -0.7982497 -0.956141 1.6880679 -1.7496378 2.8062773
229 -2.2621157 -0.16290705 -0.16305517 0.49148154 -0.93837374
70 -2.1386917 -1.4813038 -0.5574607 -0.4980945 -2.0609984
268 -1.9625813 0.8134223 0.00052282255 -2.178383 -0.3490394
154 -1.5167885 -0.9395608 -2.254253 -1.5823054 1.5604889
8 -2.271859 -0.29139587 2.0520043 1.1019437 1.2012234
112 -3.1699905 1.2718952 0.19551954 0.6155429 1.5892887
180 -1.9326125 0.83496886 0.0667874 -2.4083474 -0.24407683
234 -1.3604846 -2.3072362 2.0684767 0.10088839 -0.6877732
26 -0.667914 -1.5381396 -0.33265644 0.17990321 0.4912832
170 -0.5022458 -1.6052445 1.1227566 -2.200146 1.6886145
163 -1.609491 -1.0375495 -2.2713199 -1.7772082 1.6583773
278 -2.037907 0.86538947 -0.048063282 -2.1938887 -0.40608513
211 -2.031702 0.88286936 0.028425885 -2.1107225 -0.31400815
317 -1.9855968 -0.387532 -2.5151439 -1.4166284 1.5695214
83 -2.2599373 -1.5659417 -0.28848973 1.8906122 1.1210364
304 -2.090897 0.91640735 -0.089639515 -2.2710297 -0.36951843
78 -2.09543 -1.2490457 -0.45401543 -0.40035173 -1.9917322
97 -1.5311705 -2.008027 -0.14552684 -1.1674038 -1.9023775
224 -1.4974245 -0.9955211 -2.2303197 -1.6906997 1.4019057
214 -1.3693013 -2.2289362 2.008725 -0.012873888 -0.6428484
294 -1.8538625 0.7480472 -0.062561385 -2.0863366 -0.39519933
105 -1.9639984 -1.2737232 -0.51288223 -0.38243133 -1.9514046
259 -1.4094434 -0.8427482 -2.1806438 -1.5671571 1.2756615
118 -3.2522924 0.9384259 -1.0967311 0.6735039 1.460604
196 -1.7133003 0.6942371 0.0023092958 -2.239222 -0.27390438
139 -0.8898546 -2.290678 -0.7236635 0.16423671 0.5124249
291 -1.7886614 0.7413354 -0.10677675 -1.991884 -0.42293552
258 -2.7240002 1.1570779 0.013086589 0.4016856 1.5012691
178 -1.8588374 0.89114565 0.18805912 -2.1891985 -0.28352192
99 -1.1510279 -2.4535577 -1.2702705 0.32051885 0.65304005
228 -1.2798784 -1.4142208 2.4779239 -0.5824315 -0.54235303
314 -1.6054752 -2.1237931 -0.39399654 -0.9132553 -1.8609607
329 -2.0559936 -0.25400734 -2.4955204 -1.2692314 1.4875995
277 -1.75434 0.7215529 -0.08745453 -2.2748146 -0.10511734
332 -1.3994377 0.32537842 -0.28445214 -2.6626434 0.20963132
280 -1.8158953 0.6692785 -0.21693718 -2.229724 -0.23631576
324 -0.77488303 -0.6773721 1.7486789 -1.5807341 2.1949556
207 -1.2690395 -1.3357376 2.48898 -0.560863 -0.31109327
231 -1.6129819 0.6275213 0.29610583 -2.2386158 -0.23254883
263 -1.711895 0.33643994 1.6498737 0.38723534 1.3853056
193 -1.7236574 0.7149072 0.021626776 -2.3479428 -0.08461107
171 -1.8016555 -1.4933969 -0.516812 -1.0404534 -1.9424301
195 -1.2206575 -1.409048 2.183663 -0.392741 -0.54675066
247 -1.7113277 0.7224129 -6.87174e-05 -1.9390867 -0.26316267
330 -1.0922046 -2.74687 1.9971048 -0.91695255 -0.87094134
65 -2.0142026 0.8218806 1.6138911 0.07502973 1.3690324
236 -1.3003523 -1.2560061 2.3469298 -0.35390294 -0.492508
328 -1.0881267 -2.626191 2.030275 -0.8667067 -0.88501585
209 -1.2157888 -1.3375102 2.381261 -0.5128173 -0.43868154
208 -1.713973 0.76614726 0.26339772 -2.2436373 -0.10535392
173 -1.565986 -0.57156193 -2.1630647 -1.1581244 0.95457834
138 -1.7330867 -1.318209 -0.22273998 -0.6098065 -1.993652
269 -1.1329374 -1.2949877 2.3756275 -0.66695404 -0.41115946
270 -1.2042118 -1.3245931 2.3059888 -0.4704667 -0.38067713
302 -1.6897665 -1.1809624 -0.23613344 -0.7557821 -1.7878766
79 -1.7790694 -1.3124194 -0.3997459 -0.51743656 -1.819387
264 -1.6025919 0.59921306 0.14761275 -2.2965605 -0.2104656
289 -1.7582624 0.8250042 0.10498232 -2.0120668 -0.20380108
312 -1.397553 -1.7085854 -0.04523285 -1.0433458 -1.7293385
124 -1.065507 -1.4856418 2.122516 -0.29149517 -0.44448698
165 -1.6551193 0.6985451 -0.09838169 -1.9388721 -0.27288482
285 -1.559048 0.57363683 0.121049464 -2.1258743 -0.02245026
319 -1.308948 -1.471257 -0.057031594 -1.1146355 -1.642707
315 -1.4731486 -1.5945071 -0.11583703 -1.1015549 -1.7627202
303 -1.8809506 -1.0558836 -0.378023 -0.53116786 -1.8030733
265 -1.6820459 0.6195304 -0.029589254 -1.8301382 -0.3597026
331 -1.2108701 -1.7191607 1.8416023 0.073487334 -0.6790012
190 -1.6960127 -0.9911934 -0.13613506 -0.57526 -1.7243649
168 -1.1141188 -0.36561278 -0.057441417 0.20193195 -0.40251148
13 -1.6246598 -1.2664866 -0.40139428 1.2684649 0.7626351
104 -1.3575643 -1.5310879 -0.180185 -0.69230294 -1.6618096
181 -0.7926554 -2.027554 -0.5843301 0.094106115 0.43379545
185 -1.7364001 0.8185942 0.28171033 -1.8446175 -0.30016938
160 -0.98328793 -1.7771735 1.8878683 -0.26220384 -0.39470464
164 -1.6724184 -1.0953197 -0.36433527 -0.28171313 -1.6768264
215 -1.6306028 -1.1274811 -0.3460703 -0.5230261 -1.671367
199 -1.0996702 -1.4118199 1.7315464 0.028424537 -0.46512127
327 -1.29742 -0.30158418 -1.7379057 -0.9500701 1.3816113
243 -1.5314322 -0.96496326 -0.2207078 -0.28413314 -1.571006
205 -1.0661775 -1.35226 1.5707083 -0.0041938066 -0.6189155
